           1    -5.45022    -5.45022           0
           2    -5.44976    -5.44999 0.000163435
           3     -5.4493    -5.44976 0.000217698
           4    -5.44884    -5.44953 0.000257906
           5    -5.44838     -5.4493 0.000291505
           6    -5.44792    -5.44907 0.000321046
           7    -5.44746    -5.44884 0.000347749
           8    -5.44701    -5.44861 0.000372312
           9    -5.44623    -5.44835 0.000414645
          10    -5.44577    -5.44809 0.000445961
          11      -5.445    -5.44781   0.0004861
          12    -5.44358    -5.44746 0.000559122
          13    -5.44216    -5.44705 0.000647897
          14    -5.44009    -5.44655 0.000768908
          15    -5.43803    -5.44598 0.000903508
          16    -5.43468    -5.44528  0.00108891
          17     -5.4323    -5.44451  0.00126457
          18    -5.42862    -5.44363  0.00147057
          19    -5.42624    -5.44272  0.00165364
          20    -5.42354    -5.44176  0.00182798
          21    -5.41857    -5.44065  0.00204738
          22    -5.41587    -5.43953  0.00224287
          23    -5.41285    -5.43837  0.00242682
          24    -5.41015    -5.43719  0.00259493
          25    -5.40874    -5.43605  0.00272923
          26    -5.40572    -5.43489  0.00286274
          27    -5.40368    -5.43373  0.00298096
          28    -5.40098    -5.43256  0.00309541
          29    -5.39927    -5.43141   0.0031945
          30    -5.39722    -5.43027  0.00328501
          31    -5.39422    -5.42911  0.00337868
          32    -5.39283    -5.42798  0.00345809
          33    -5.39144    -5.42687  0.00352604
          34    -5.39071    -5.42581  0.00357912
          35    -5.38998    -5.42478  0.00362027
          36    -5.38861    -5.42378  0.00365651
          37    -5.38691    -5.42278  0.00369092
          38    -5.38458    -5.42178  0.00372817
          39    -5.38258    -5.42077  0.00376561
          40     -5.3809    -5.41977  0.00380108
          41    -5.37923    -5.41878  0.00383482
          42     -5.3779    -5.41781  0.00386512
          43    -5.37721    -5.41687  0.00388885
          44    -5.37653    -5.41595  0.00390701
          45    -5.37457    -5.41503  0.00392692
          46    -5.37326    -5.41412  0.00394514
          47    -5.37261    -5.41324  0.00395885
          48      -5.371    -5.41236  0.00397299
          49    -5.37069    -5.41151   0.0039819
          50    -5.36845    -5.41065  0.00399432
          51    -5.36719     -5.4098  0.00400587
          52    -5.36691    -5.40897  0.00401282
          53    -5.36632    -5.40817  0.00401698
          54    -5.36542    -5.40737  0.00401981
          55    -5.36454     -5.4066  0.00402146
          56    -5.36334    -5.40582  0.00402313
          57    -5.36249    -5.40506  0.00402375
          58      -5.361     -5.4043  0.00402546
          59    -5.36017    -5.40356  0.00402613
          60    -5.36001    -5.40283  0.00402392
          61    -5.35986    -5.40213  0.00401914
          62    -5.35908    -5.40143  0.00401382
          63      -5.358    -5.40074  0.00400887
          64    -5.35661    -5.40005   0.0040051
          65    -5.35654    -5.39938  0.00399904
          66    -5.35519    -5.39871  0.00399413
          67     -5.3545    -5.39805  0.00398865
          68    -5.35384     -5.3974  0.00398264
          69    -5.35384    -5.39677  0.00397464
          70    -5.35257    -5.39614   0.0039677
          71    -5.35229    -5.39552  0.00395959
          72    -5.35171    -5.39491  0.00395107
          73    -5.35148    -5.39432   0.0039415
          74    -5.35159    -5.39374  0.00393031
          75    -5.35172    -5.39318  0.00391765
          76    -5.35187    -5.39264  0.00390363
          77    -5.35204    -5.39211  0.00388837
          78    -5.35224     -5.3916  0.00387197
          79    -5.35246     -5.3911  0.00385452
          80     -5.3527    -5.39062  0.00383611
          81    -5.35231    -5.39015   0.0038178
          82     -5.3526    -5.38969  0.00379861
          83    -5.35225    -5.38924  0.00377954
          84    -5.35257    -5.38881  0.00375967
          85    -5.35292    -5.38838  0.00373907
          86    -5.35328    -5.38797  0.00371781
          87    -5.35366    -5.38758  0.00369594
          88    -5.35373     -5.3872  0.00367389
          89    -5.35415    -5.38682  0.00365133
          90    -5.35458    -5.38647  0.00362829
          91    -5.35439    -5.38611   0.0036055
          92    -5.35453    -5.38577  0.00358262
          93    -5.35468    -5.38544  0.00355965
          94    -5.35485    -5.38511  0.00353662
          95    -5.35503    -5.38479  0.00351353
          96    -5.35555    -5.38449  0.00349011
          97    -5.35608     -5.3842   0.0034664
          98    -5.35662    -5.38392  0.00344244
          99    -5.35716    -5.38364  0.00341825
         100    -5.35771    -5.38339  0.00339389
         101    -5.35827    -5.38314  0.00336939
         102    -5.35851     -5.3829  0.00334499
         103    -5.35908    -5.38266  0.00332049
         104    -5.35933    -5.38244  0.00329614
         105    -5.36023    -5.38223  0.00327152
         106    -5.36113    -5.38203  0.00324671
         107    -5.36171    -5.38184  0.00322192
         108    -5.36196    -5.38166  0.00319734
         109    -5.36285    -5.38148  0.00317266
         110    -5.36342    -5.38132  0.00314806
         111    -5.36367    -5.38116  0.00312371
         112    -5.36423    -5.38101  0.00309948
         113    -5.36478    -5.38086  0.00307538
         114    -5.36566    -5.38073  0.00305129
         115     -5.3662    -5.38061  0.00302737
         116    -5.36674    -5.38049  0.00300363
         117    -5.36726    -5.38037  0.00298009
         118    -5.36745    -5.38026  0.00295684
         119    -5.36796    -5.38016   0.0029338
         120    -5.36878    -5.38006  0.00291089
         121    -5.36894    -5.37997  0.00288828
         122    -5.36974    -5.37989  0.00286582
         123    -5.37021    -5.37981   0.0028436
         124    -5.37065    -5.37974  0.00282163
         125    -5.37142    -5.37967  0.00279984
         126    -5.37184    -5.37961  0.00277831
         127    -5.37225    -5.37955  0.00275704
         128    -5.37232    -5.37949  0.00273608
         129    -5.37271    -5.37944  0.00271537
         130    -5.37308    -5.37939  0.00269493
         131    -5.37343    -5.37935  0.00267474
         132     -5.3741    -5.37931  0.00265477
         133    -5.37475    -5.37927  0.00263503
         134    -5.37474    -5.37924  0.00261558
         135    -5.37503    -5.37921   0.0025964
         136    -5.37532    -5.37918  0.00257746
         137    -5.37559    -5.37915  0.00255878
         138    -5.37552    -5.37913  0.00254037
         139    -5.37544     -5.3791  0.00252224
         140    -5.37534    -5.37907  0.00250436
         141    -5.37588    -5.37905   0.0024867
         142    -5.37608    -5.37903  0.00246928
         143    -5.37562    -5.37901  0.00245213
         144     -5.3758    -5.37898   0.0024352
         145    -5.37564    -5.37896  0.00241851
         146    -5.37547    -5.37894  0.00240207
         147    -5.37625    -5.37892   0.0023858
         148    -5.37605     -5.3789  0.00236975
         149     -5.3752    -5.37887  0.00235398
         150     -5.3753    -5.37885  0.00233841
         151    -5.37539    -5.37883  0.00232303
         152    -5.37515     -5.3788  0.00230788
         153    -5.37522    -5.37878  0.00229291
         154    -5.37593    -5.37876   0.0022781
         155    -5.37631    -5.37875  0.00226345
         156    -5.37732    -5.37874  0.00224896
         157    -5.37768    -5.37873  0.00223465
         158    -5.37738    -5.37872  0.00222052
         159     -5.3774    -5.37871  0.00220657
         160     -5.3774     -5.3787   0.0021928
         161     -5.3774     -5.3787  0.00217919
         162     -5.3774    -5.37869  0.00216575
         163    -5.37738    -5.37868  0.00215248
         164    -5.37672    -5.37867  0.00213939
         165    -5.37734    -5.37866  0.00212644
         166     -5.3773    -5.37865  0.00211365
         167    -5.37726    -5.37864  0.00210101
         168     -5.3769    -5.37863  0.00208852
         169    -5.37588    -5.37862  0.00207623
         170     -5.3755     -5.3786   0.0020641
         171    -5.37544    -5.37858  0.00205211
         172     -5.3757    -5.37856  0.00204025
         173    -5.37564    -5.37855  0.00202852
         174    -5.37556    -5.37853  0.00201694
         175    -5.37549    -5.37851  0.00200549
         176    -5.37573     -5.3785  0.00199416
         177    -5.37597    -5.37848  0.00198294
         178    -5.37589    -5.37847  0.00197185
         179    -5.37613    -5.37845  0.00196088
         180    -5.37571    -5.37844  0.00195005
         181    -5.37594    -5.37843  0.00193932
         182    -5.37584    -5.37841  0.00192872
         183    -5.37574     -5.3784  0.00191823
         184    -5.37564    -5.37838  0.00190787
         185    -5.37586    -5.37837   0.0018976
         186    -5.37576    -5.37835  0.00188745
         187      -5.375    -5.37834  0.00187744
         188    -5.37457    -5.37832  0.00186756
         189    -5.37543     -5.3783  0.00185774
         190    -5.37532    -5.37828  0.00184803
         191    -5.37552    -5.37827  0.00183841
         192    -5.37573    -5.37826  0.00182889
         193    -5.37561    -5.37824  0.00181946
         194    -5.37549    -5.37823  0.00181014
         195    -5.37569    -5.37822   0.0018009
         196    -5.37525     -5.3782  0.00179178
         197    -5.37544    -5.37819  0.00178274
         198    -5.37532    -5.37817  0.00177379
         199    -5.37519    -5.37816  0.00176494
         200    -5.37506    -5.37814  0.00175619
         201    -5.37557    -5.37813   0.0017475
         202    -5.37512    -5.37811  0.00173891
         203    -5.37531     -5.3781   0.0017304
         204    -5.37517    -5.37809  0.00172197
         205    -5.37471    -5.37807  0.00171365
         206    -5.37425    -5.37805  0.00170543
         207    -5.37412    -5.37803   0.0016973
         208     -5.3743    -5.37801  0.00168924
         209    -5.37513      -5.378  0.00168121
         210    -5.37499    -5.37799  0.00167327
         211    -5.37453    -5.37797  0.00166542
         212    -5.37439    -5.37795  0.00165765
         213    -5.37425    -5.37794  0.00164995
         214    -5.37443    -5.37792  0.00164233
         215    -5.37396     -5.3779  0.00163479
         216    -5.37382    -5.37788  0.00162733
         217    -5.37271    -5.37786  0.00162001
         218    -5.37193    -5.37783   0.0016128
         219    -5.37049     -5.3778  0.00160579
         220    -5.37133    -5.37777  0.00159876
         221    -5.37119    -5.37774   0.0015918
         222    -5.37073    -5.37771  0.00158494
         223     -5.3706    -5.37767  0.00157815
         224    -5.37047    -5.37764  0.00157144
         225    -5.37034    -5.37761  0.00156479
         226    -5.37021    -5.37758  0.00155821
         227    -5.36943    -5.37754  0.00155176
         228    -5.36931    -5.37751  0.00154537
         229    -5.36919    -5.37747  0.00153905
         230    -5.36907    -5.37743  0.00153279
         231    -5.36961     -5.3774  0.00152653
         232    -5.36917    -5.37736  0.00152036
         233    -5.36874    -5.37733  0.00151429
         234    -5.36864    -5.37729  0.00150827
         235    -5.36821    -5.37725  0.00150235
         236    -5.36812    -5.37721  0.00149648
         237    -5.36738    -5.37717  0.00149074
         238    -5.36729    -5.37713  0.00148505
         239    -5.36754    -5.37709  0.00147938
         240    -5.36778    -5.37705  0.00147372
         241    -5.36707    -5.37701  0.00146819
         242    -5.36668    -5.37697  0.00146275
         243    -5.36629    -5.37692  0.00145739
         244    -5.36624    -5.37688  0.00145207
         245    -5.36619    -5.37683   0.0014468
         246    -5.36712     -5.3768  0.00144146
         247    -5.36773    -5.37676  0.00143609
         248     -5.3677    -5.37672  0.00143076
         249    -5.36767    -5.37669  0.00142548
         250    -5.36798    -5.37665   0.0014202
         251    -5.36861    -5.37662   0.0014149
         252    -5.36893    -5.37659  0.00140962
         253    -5.36925    -5.37656  0.00140435
         254    -5.36893    -5.37653  0.00139914
         255    -5.36862     -5.3765    0.001394
         256    -5.36831    -5.37647  0.00138892
         257    -5.36898    -5.37644  0.00138382
         258    -5.36933    -5.37641  0.00137873
         259    -5.36936    -5.37638  0.00137367
         260    -5.36972    -5.37636  0.00136863
         261    -5.36912    -5.37633  0.00136367
         262    -5.36916     -5.3763  0.00135874
         263    -5.36922    -5.37627  0.00135384
         264     -5.3696    -5.37625  0.00134894
         265    -5.36966    -5.37622  0.00134408
         266    -5.37005     -5.3762  0.00133923
         267    -5.37142    -5.37618  0.00133434
         268    -5.37149    -5.37617  0.00132947
         269    -5.37157    -5.37615  0.00132464
         270    -5.37165    -5.37613  0.00131984
         271    -5.37173    -5.37612  0.00131507
         272    -5.37182     -5.3761  0.00131033
         273    -5.37191    -5.37608  0.00130562
         274      -5.372    -5.37607  0.00130094
         275     -5.3721    -5.37606  0.00129629
         276    -5.37187    -5.37604  0.00129168
         277    -5.37132    -5.37602  0.00128713
         278     -5.3711    -5.37601  0.00128262
         279     -5.3712    -5.37599  0.00127814
         280     -5.3713    -5.37597  0.00127368
         281    -5.37172    -5.37596  0.00126924
         282    -5.37183    -5.37594  0.00126483
         283    -5.37193    -5.37593  0.00126044
         284    -5.37236    -5.37591  0.00125606
         285    -5.37246     -5.3759  0.00125171
         286    -5.37127    -5.37589  0.00124744
         287    -5.37105    -5.37587  0.00124321
         288    -5.37115    -5.37585    0.001239
         289    -5.37125    -5.37584  0.00123481
         290    -5.37135    -5.37582  0.00123065
         291     -5.3708     -5.3758  0.00122654
         292     -5.3709    -5.37579  0.00122246
         293    -5.37067    -5.37577  0.00121841
         294    -5.37141    -5.37576  0.00121436
         295    -5.37086    -5.37574  0.00121035
         296    -5.37128    -5.37572  0.00120636
         297    -5.37136    -5.37571  0.00120239
         298    -5.37145    -5.37569  0.00119844
         299    -5.37153    -5.37568  0.00119451
         300    -5.37194    -5.37567  0.00119059
         301    -5.37234    -5.37566  0.00118669
         302    -5.37241    -5.37565  0.00118281
         303    -5.37281    -5.37564  0.00117894
         304    -5.37321    -5.37563  0.00117509
         305    -5.37327    -5.37562  0.00117126
         306    -5.37334    -5.37561  0.00116746
         307     -5.3734    -5.37561  0.00116368
         308    -5.37378     -5.3756  0.00115992
         309    -5.37351    -5.37559  0.00115618
         310    -5.37421    -5.37559  0.00115246
         311    -5.37426    -5.37559  0.00114876
         312    -5.37366    -5.37558   0.0011451
         313    -5.37338    -5.37557  0.00114146
         314    -5.37342    -5.37557  0.00113785
         315    -5.37378    -5.37556  0.00113425
         316    -5.37413    -5.37556  0.00113067
         317    -5.37383    -5.37555  0.00112711
         318    -5.37386    -5.37554  0.00112358
         319     -5.3742    -5.37554  0.00112007
         320    -5.37422    -5.37554  0.00111657
         321    -5.37391    -5.37553  0.00111311
         322    -5.37392    -5.37553  0.00110966
         323     -5.3736    -5.37552  0.00110624
         324     -5.3736    -5.37551  0.00110284
         325    -5.37392    -5.37551  0.00109946
         326    -5.37327     -5.3755  0.00109611
         327    -5.37326     -5.3755  0.00109278
         328    -5.37357    -5.37549  0.00108946
         329    -5.37355    -5.37548  0.00108617
         330    -5.37417    -5.37548  0.00108289
         331    -5.37479    -5.37548  0.00107962
         332    -5.37444    -5.37547  0.00107637
         333    -5.37441    -5.37547  0.00107314
         334    -5.37534    -5.37547  0.00106993
         335     -5.3753    -5.37547  0.00106673
         336    -5.37557    -5.37547  0.00106356
         337    -5.37552    -5.37547   0.0010604
         338    -5.37546    -5.37547  0.00105727
         339     -5.3754    -5.37547  0.00105415
         340    -5.37567    -5.37547  0.00105105
         341    -5.37527    -5.37547  0.00104796
         342     -5.3752    -5.37547   0.0010449
         343    -5.37481    -5.37547  0.00104186
         344    -5.37505    -5.37547  0.00103883
         345    -5.37497    -5.37547  0.00103582
         346    -5.37489    -5.37546  0.00103283
         347    -5.37577    -5.37546  0.00102985
         348    -5.37601    -5.37547  0.00102689
         349    -5.37559    -5.37547  0.00102395
         350     -5.3755    -5.37547  0.00102102
         351    -5.37508    -5.37547  0.00101812
         352    -5.37498    -5.37546  0.00101522
         353    -5.37553    -5.37546  0.00101235
         354    -5.37576    -5.37546  0.00100949
         355    -5.37534    -5.37546  0.00100665
         356    -5.37524    -5.37546  0.00100382
         357    -5.37482    -5.37546  0.00100101
         358    -5.37505    -5.37546 0.000998212
         359    -5.37495    -5.37546 0.000995432
         360    -5.37551    -5.37546 0.000992667
         361    -5.37477    -5.37546 0.000989919
         362    -5.37436    -5.37545  0.00098719
         363    -5.37427    -5.37545 0.000984475
         364    -5.37451    -5.37545 0.000981774
         365    -5.37541    -5.37545 0.000979084
         366    -5.37469    -5.37545 0.000976411
         367    -5.37526    -5.37545 0.000973751
         368     -5.3752    -5.37545 0.000971105
         369    -5.37482    -5.37544 0.000968475
         370    -5.37412    -5.37544 0.000965864
         371    -5.37439    -5.37544 0.000963265
         372    -5.37435    -5.37543  0.00096068
         373      -5.374    -5.37543 0.000958112
         374    -5.37397    -5.37543 0.000955558
         375    -5.37298    -5.37542 0.000953032
         376    -5.37329    -5.37541 0.000950514
         377    -5.37296    -5.37541 0.000948015
         378    -5.37297     -5.3754 0.000945529
         379    -5.37201    -5.37539 0.000943077
         380    -5.37268    -5.37539 0.000940622
         381     -5.3727    -5.37538  0.00093818
         382    -5.37306    -5.37537 0.000935743
         383    -5.37311    -5.37537 0.000933319
         384    -5.37219    -5.37536 0.000930925
         385    -5.37257    -5.37535 0.000928535
         386    -5.37263    -5.37534 0.000926157
         387    -5.37238    -5.37534 0.000923795
         388    -5.37214    -5.37533 0.000921451
         389    -5.37287    -5.37532 0.000919104
         390    -5.37296    -5.37532 0.000916767
         391    -5.37305    -5.37531 0.000914441
         392     -5.3738    -5.37531 0.000912116
         393    -5.37423     -5.3753 0.000909799
         394    -5.37337     -5.3753 0.000907503
         395    -5.37348    -5.37529 0.000905218
         396    -5.37391    -5.37529 0.000902939
         397     -5.3737    -5.37529 0.000900673
         398    -5.37414    -5.37528 0.000898415
         399    -5.37523    -5.37528 0.000896163
         400    -5.37599    -5.37529 0.000893924
         401    -5.37513    -5.37528 0.000891695
         402    -5.37556    -5.37529 0.000889477
         403    -5.37503    -5.37528  0.00088727
         404    -5.37546    -5.37529 0.000885074
         405    -5.37556    -5.37529 0.000882889
         406    -5.37598    -5.37529 0.000880716
         407     -5.3764    -5.37529 0.000878557
         408    -5.37746     -5.3753 0.000876419
         409    -5.37722     -5.3753 0.000874289
         410     -5.3773    -5.37531  0.00087217
         411    -5.37737    -5.37531 0.000870063
         412    -5.37712    -5.37531 0.000867962
         413    -5.37718    -5.37532 0.000865872
         414    -5.37788    -5.37533 0.000863803
         415    -5.37728    -5.37533 0.000861734
         416      -5.377    -5.37533 0.000859672
         417    -5.37703    -5.37534  0.00085762
         418    -5.37674    -5.37534 0.000855575
         419    -5.37579    -5.37534 0.000853534
         420    -5.37613    -5.37534 0.000851503
         421    -5.37582    -5.37535 0.000849482
         422    -5.37582    -5.37535 0.000847469
         423     -5.3755    -5.37535 0.000845466
         424    -5.37516    -5.37535 0.000843472
         425     -5.3745    -5.37534  0.00084149
         426    -5.37416    -5.37534 0.000839519
         427    -5.37479    -5.37534 0.000837554
         428    -5.37476    -5.37534 0.000835598
         429    -5.37505    -5.37534 0.000833651
         430    -5.37534    -5.37534 0.000831712
         431    -5.37497    -5.37534 0.000829783
         432    -5.37428    -5.37534 0.000827865
         433    -5.37359    -5.37533 0.000825963
         434    -5.37354    -5.37533  0.00082407
         435    -5.37349    -5.37532 0.000822187
         436    -5.37376    -5.37532 0.000820309
         437    -5.37467    -5.37532 0.000818433
         438    -5.37461    -5.37532 0.000816566
         439    -5.37423    -5.37531  0.00081471
         440    -5.37384    -5.37531 0.000812865
         441    -5.37345    -5.37531 0.000811033
         442    -5.37403     -5.3753 0.000809203
         443    -5.37397     -5.3753 0.000807382
         444    -5.37325     -5.3753 0.000805577
         445    -5.37318    -5.37529 0.000803781
         446    -5.37311    -5.37529 0.000801993
         447    -5.37304    -5.37528 0.000800215
         448    -5.37232    -5.37527 0.000798456
         449    -5.37193    -5.37527 0.000796712
         450    -5.37218    -5.37526 0.000794971
         451    -5.37308    -5.37526 0.000793223
         452    -5.37268    -5.37525 0.000791489
         453    -5.37326    -5.37525 0.000789754
         454    -5.37254    -5.37524 0.000788037
         455    -5.37214    -5.37523 0.000786334
         456    -5.37174    -5.37522 0.000784647
         457    -5.37199    -5.37522 0.000782962
         458    -5.37257    -5.37521 0.000781274
         459    -5.37217    -5.37521   0.0007796
         460    -5.37178     -5.3752 0.000777941
         461    -5.37235    -5.37519 0.000776278
         462    -5.37196    -5.37518 0.000774629
         463    -5.37253    -5.37518 0.000772977
         464    -5.37213    -5.37517 0.000771339
         465    -5.37174    -5.37516 0.000769716
         466    -5.37167    -5.37516   0.0007681
         467    -5.37127    -5.37515 0.000766501
         468     -5.3712    -5.37514 0.000764909
         469    -5.37113    -5.37513 0.000763326
         470    -5.37138    -5.37512 0.000761744
         471    -5.37163    -5.37512 0.000760163
         472    -5.37059    -5.37511 0.000758613
         473    -5.37052     -5.3751 0.000757071
         474    -5.37078    -5.37509 0.000755528
         475    -5.37136    -5.37508 0.000753979
         476    -5.37129    -5.37507 0.000752437
         477    -5.37122    -5.37506 0.000750903
         478    -5.37148    -5.37506 0.000749369
         479    -5.37206    -5.37505 0.000747831
         480    -5.37167    -5.37504 0.000746306
         481    -5.37161    -5.37504 0.000744789
         482    -5.37122    -5.37503 0.000743286
         483    -5.37116    -5.37502  0.00074179
         484    -5.37142    -5.37501 0.000740294
         485    -5.37136    -5.37501 0.000738806
         486    -5.37163      -5.375 0.000737319
         487     -5.3719    -5.37499 0.000735832
         488    -5.37152    -5.37499 0.000734359
         489    -5.37212    -5.37498  0.00073288
         490    -5.37175    -5.37497 0.000731414
         491     -5.3717    -5.37497 0.000729955
         492    -5.37166    -5.37496 0.000728502
         493    -5.37098    -5.37495 0.000727069
         494    -5.37094    -5.37494 0.000725643
         495    -5.37058    -5.37493  0.00072423
         496    -5.36958    -5.37492  0.00072285
         497    -5.37021    -5.37491 0.000721458
         498    -5.36986     -5.3749 0.000720081
         499    -5.36984    -5.37489 0.000718709
         500    -5.37047    -5.37488 0.000717326
         501    -5.37046    -5.37488 0.000715949
         502    -5.37078    -5.37487 0.000714569
         503    -5.37078    -5.37486 0.000713195
         504    -5.37046    -5.37485 0.000711833
         505    -5.37046    -5.37484 0.000710477
         506    -5.37145    -5.37484 0.000709104
         507    -5.37082    -5.37483  0.00070775
         508    -5.37052    -5.37482 0.000706407
         509    -5.37087    -5.37481 0.000705062
         510    -5.37122     -5.3748 0.000703715
         511    -5.37093     -5.3748 0.000702379
         512    -5.37195    -5.37479 0.000701029
         513    -5.37199    -5.37479 0.000699683
         514    -5.37172    -5.37478 0.000698348
         515    -5.37145    -5.37477 0.000697022
         516    -5.37151    -5.37477 0.000695699
         517    -5.37092    -5.37476 0.000694394
         518    -5.37035    -5.37475 0.000693105
         519    -5.37074    -5.37474 0.000691813
         520    -5.37017    -5.37473 0.000690538
         521    -5.37058    -5.37473 0.000689259
         522    -5.37034    -5.37472  0.00068799
         523    -5.37075    -5.37471 0.000686716
         524    -5.37084     -5.3747 0.000685446
         525    -5.37093     -5.3747 0.000684178
         526     -5.3707    -5.37469 0.000682919
         527     -5.3708    -5.37468 0.000681663
         528    -5.37122    -5.37467 0.000680404
         529    -5.37068    -5.37467 0.000679159
         530    -5.37079    -5.37466 0.000677917
         531    -5.37089    -5.37465 0.000676678
         532    -5.37132    -5.37465 0.000675435
         533    -5.37143    -5.37464 0.000674195
         534    -5.37154    -5.37463 0.000672957
         535    -5.37132    -5.37463 0.000671728
         536    -5.37143    -5.37462 0.000670501
         537    -5.37154    -5.37462 0.000669277
         538    -5.37165    -5.37461 0.000668055
         539    -5.37208    -5.37461 0.000666833
         540    -5.37219     -5.3746 0.000665613
         541    -5.37229     -5.3746 0.000664396
         542     -5.3724    -5.37459 0.000663183
         543    -5.37217    -5.37459 0.000661976
         544    -5.37163    -5.37458 0.000660782
         545    -5.37237    -5.37458 0.000659582
         546    -5.37246    -5.37458 0.000658385
         547     -5.3732    -5.37457 0.000657186
         548    -5.37361    -5.37457 0.000655989
         549    -5.37402    -5.37457 0.000654795
         550    -5.37378    -5.37457 0.000653606
         551    -5.37483    -5.37457  0.00065242
         552    -5.37491    -5.37457 0.000651239
         553    -5.37498    -5.37457 0.000650061
         554    -5.37505    -5.37457 0.000648889
         555    -5.37511    -5.37457  0.00064772
         556    -5.37549    -5.37457 0.000646557
         557    -5.37554    -5.37458 0.000645399
         558    -5.37559    -5.37458 0.000644245
         559    -5.37628    -5.37458 0.000643099
         560    -5.37632    -5.37458 0.000641959
         561    -5.37733    -5.37459 0.000640833
         562    -5.37802    -5.37459 0.000639722
         563    -5.37772     -5.3746  0.00063861
         564    -5.37742    -5.37461 0.000637497
         565    -5.37776    -5.37461 0.000636393
         566    -5.37777    -5.37462 0.000635293
         567    -5.37714    -5.37462 0.000634188
         568    -5.37682    -5.37463 0.000633083
         569    -5.37779    -5.37463 0.000631995
         570    -5.37779    -5.37464 0.000630911
         571    -5.37779    -5.37464  0.00062983
         572    -5.37745    -5.37465 0.000628748
         573    -5.37744    -5.37465  0.00062767
         574    -5.37742    -5.37466 0.000626595
         575    -5.37708    -5.37466 0.000625519
         576    -5.37705    -5.37466 0.000624447
         577    -5.37702    -5.37467 0.000623378
         578    -5.37667    -5.37467 0.000622309
         579    -5.37632    -5.37467 0.000621241
         580    -5.37628    -5.37468 0.000620176
         581     -5.3756    -5.37468 0.000619111
         582     -5.3762    -5.37468 0.000618052
         583    -5.37648    -5.37469    0.000617
         584    -5.37676    -5.37469 0.000615954
         585    -5.37607    -5.37469 0.000614905
         586    -5.37602    -5.37469  0.00061386
         587    -5.37727     -5.3747  0.00061283
         588    -5.37689     -5.3747 0.000611799
         589    -5.37619     -5.3747 0.000610766
         590    -5.37582    -5.37471 0.000609734
         591    -5.37608    -5.37471 0.000608706
         592    -5.37635    -5.37471 0.000607684
         593    -5.37662    -5.37471 0.000606668
         594    -5.37559    -5.37472 0.000605649
         595    -5.37488    -5.37472 0.000604631
         596    -5.37482    -5.37472 0.000603616
         597    -5.37541    -5.37472 0.000602606
         598    -5.37503    -5.37472 0.000601599
         599    -5.37465    -5.37472 0.000600595
         600    -5.37426    -5.37472 0.000599594
         601    -5.37485    -5.37472 0.000598596
         602    -5.37447    -5.37472 0.000597602
         603    -5.37473    -5.37472 0.000596611
         604    -5.37435    -5.37472 0.000595624
         605    -5.37429    -5.37472  0.00059464
         606    -5.37391    -5.37471  0.00059366
         607    -5.37385    -5.37471 0.000592684
         608    -5.37476    -5.37471 0.000591709
         609    -5.37439    -5.37471 0.000590737
         610    -5.37433    -5.37471 0.000589769
         611     -5.3746    -5.37471 0.000588804
         612    -5.37519    -5.37471 0.000587843
         613    -5.37449    -5.37471 0.000586884
         614    -5.37444    -5.37471 0.000585928
         615    -5.37406    -5.37471 0.000584976
         616    -5.37498    -5.37471 0.000584027
         617    -5.37493    -5.37471  0.00058308
         618    -5.37488    -5.37471 0.000582137
         619     -5.3745    -5.37471 0.000581197
         620    -5.37478    -5.37471 0.000580259
         621    -5.37505    -5.37471 0.000579325
         622    -5.37532    -5.37471 0.000578394
         623    -5.37495    -5.37471 0.000577466
         624    -5.37522    -5.37471 0.000576541
         625    -5.37517    -5.37471 0.000575619
         626     -5.3748    -5.37471   0.0005747
         627    -5.37573    -5.37472 0.000573785
         628    -5.37568    -5.37472 0.000572874
         629    -5.37596    -5.37472 0.000571966
         630    -5.37558    -5.37472  0.00057106
         631    -5.37554    -5.37472 0.000570157
         632    -5.37549    -5.37472 0.000569256
         633    -5.37544    -5.37472 0.000568358
         634    -5.37539    -5.37473 0.000567462
         635    -5.37502    -5.37473 0.000566569
         636     -5.3753    -5.37473 0.000565679
         637     -5.3759    -5.37473 0.000564794
         638    -5.37586    -5.37473 0.000563911
         639    -5.37516    -5.37473 0.000563029
         640    -5.37512    -5.37473  0.00056215
         641    -5.37475    -5.37473 0.000561273
         642    -5.37503    -5.37473 0.000560399
         643    -5.37498    -5.37473 0.000559527
         644    -5.37461    -5.37473 0.000558658
         645    -5.37456    -5.37473 0.000557792
         646    -5.37451    -5.37473 0.000556929
         647    -5.37478    -5.37473 0.000556068
         648    -5.37571    -5.37473 0.000555212
         649    -5.37533    -5.37473 0.000554357
         650    -5.37529    -5.37474 0.000553505
         651    -5.37459    -5.37474 0.000552655
         652    -5.37389    -5.37473 0.000551809
         653    -5.37417    -5.37473 0.000550964
         654    -5.37444    -5.37473 0.000550122
         655    -5.37407    -5.37473 0.000549283
         656    -5.37369    -5.37473 0.000548448
         657    -5.37429    -5.37473 0.000547614
         658    -5.37327    -5.37473 0.000546786
         659    -5.37387    -5.37473 0.000545958
         660     -5.3735    -5.37472 0.000545134
         661    -5.37248    -5.37472  0.00054432
         662     -5.3734    -5.37472 0.000543501
         663    -5.37238    -5.37472 0.000542693
         664    -5.37104    -5.37471 0.000541904
         665    -5.37099     -5.3747 0.000541118
         666    -5.36998     -5.3747 0.000540352
         667    -5.37026    -5.37469 0.000539583
         668    -5.37021    -5.37468 0.000538816
         669    -5.36984    -5.37468  0.00053806
         670    -5.37013    -5.37467 0.000537299
         671    -5.37009    -5.37466 0.000536542
         672    -5.37005    -5.37466 0.000535788
         673    -5.36969    -5.37465 0.000535042
         674    -5.36998    -5.37464 0.000534293
         675    -5.36995    -5.37463 0.000533547
         676    -5.36992    -5.37463 0.000532803
         677    -5.37021    -5.37462 0.000532056
         678    -5.37084    -5.37462 0.000531301
         679    -5.37081    -5.37461 0.000530548
         680    -5.37047     -5.3746 0.000529802
         681    -5.37012     -5.3746 0.000529065
         682    -5.36978    -5.37459 0.000528337
         683    -5.36945    -5.37458 0.000527617
         684    -5.36911    -5.37457 0.000526906
         685    -5.37008    -5.37457 0.000526178
         686    -5.37008    -5.37456 0.000525451
         687    -5.36943    -5.37455  0.00052474
         688    -5.36943    -5.37455  0.00052403
         689    -5.36846    -5.37454 0.000523344
         690    -5.36847    -5.37453 0.000522659
         691    -5.36913    -5.37452 0.000521961
         692    -5.36882    -5.37451 0.000521272
         693    -5.36884     -5.3745 0.000520584
         694    -5.36951     -5.3745 0.000519884
         695    -5.36985    -5.37449 0.000519178
         696    -5.37052    -5.37449 0.000518464
         697    -5.37087    -5.37448 0.000517746
         698     -5.3709    -5.37447  0.00051703
         699    -5.37028    -5.37447 0.000516325
         700    -5.37064    -5.37446 0.000515616
         701    -5.37003    -5.37446 0.000514919
         702    -5.36974    -5.37445  0.00051423
         703    -5.36945    -5.37444 0.000513547
         704    -5.36949    -5.37444 0.000512866
         705    -5.37017    -5.37443 0.000512174
         706    -5.36924    -5.37442 0.000511502
         707    -5.36961    -5.37442 0.000510823
         708    -5.36964    -5.37441 0.000510146
         709    -5.37001     -5.3744 0.000509465
         710     -5.3707     -5.3744 0.000508774
         711    -5.37041    -5.37439 0.000508089
         712    -5.37045    -5.37439 0.000507406
         713    -5.37049    -5.37438 0.000506723
         714    -5.37085    -5.37438 0.000506038
         715    -5.37121    -5.37437  0.00050535
         716    -5.37092    -5.37437 0.000504667
         717    -5.37095    -5.37436 0.000503985
         718    -5.37098    -5.37436 0.000503306
         719    -5.37133    -5.37435 0.000502623
         720    -5.37104    -5.37435 0.000501946
         721    -5.37041    -5.37434  0.00050128
         722    -5.37011    -5.37434  0.00050062
         723    -5.36852    -5.37433 0.000499992
         724    -5.36886    -5.37432 0.000499358
         725    -5.36888    -5.37431 0.000498726
         726    -5.36856    -5.37431 0.000498102
         727     -5.3689     -5.3743 0.000497473
         728     -5.3689    -5.37429 0.000496844
         729    -5.36891    -5.37428 0.000496218
         730    -5.36859    -5.37428 0.000495599
         731    -5.36859    -5.37427 0.000494982
         732    -5.36891    -5.37426  0.00049436
         733    -5.36955    -5.37425 0.000493728
         734    -5.36922    -5.37425 0.000493103
         735    -5.36856    -5.37424 0.000492493
         736    -5.36887    -5.37423 0.000491878
         737    -5.36885    -5.37423 0.000491265
         738     -5.3698    -5.37422 0.000490635
         739    -5.36946    -5.37421 0.000490014
         740    -5.36912    -5.37421   0.0004894
         741    -5.36942     -5.3742 0.000488782
         742    -5.36939    -5.37419 0.000488167
         743    -5.36904    -5.37419 0.000487559
         744      -5.369    -5.37418 0.000486953
         745    -5.36962    -5.37417 0.000486338
         746    -5.36959    -5.37417 0.000485725
         747    -5.36923    -5.37416  0.00048512
         748    -5.36919    -5.37415 0.000484517
         749    -5.36915    -5.37415 0.000483916
         750    -5.36879    -5.37414 0.000483323
         751    -5.36908    -5.37413 0.000482727
         752    -5.36969    -5.37413 0.000482121
         753    -5.36965    -5.37412 0.000481517
         754    -5.36831    -5.37411  0.00048094
         755     -5.3673     -5.3741 0.000480388
         756    -5.36694     -5.3741 0.000479846
         757     -5.3669    -5.37409 0.000479306
         758    -5.36719    -5.37408  0.00047876
         759    -5.36747    -5.37407 0.000478209
         760    -5.36775    -5.37406 0.000477652
         761    -5.36771    -5.37405 0.000477097
         762    -5.36735    -5.37404 0.000476552
         763    -5.36667    -5.37403 0.000476025
         764    -5.36663    -5.37402 0.000475501
         765    -5.36692    -5.37401  0.00047497
         766    -5.36656      -5.374 0.000474449
         767    -5.36653    -5.37399 0.000473931
         768    -5.36682    -5.37399 0.000473406
         769    -5.36679    -5.37398 0.000472882
         770    -5.36677    -5.37397 0.000472361
         771    -5.36674    -5.37396 0.000471841
         772    -5.36672    -5.37395 0.000471323
         773     -5.3667    -5.37394 0.000470807
         774    -5.36668    -5.37393 0.000470292
         775    -5.36634    -5.37392 0.000469787
         776    -5.36665    -5.37391 0.000469275
         777    -5.36664     -5.3739 0.000468764
         778    -5.36664    -5.37389 0.000468254
         779    -5.36663    -5.37388 0.000467746
         780    -5.36728    -5.37387 0.000467223
         781    -5.36728    -5.37386 0.000466701
         782    -5.36761    -5.37386 0.000466172
         783    -5.36794    -5.37385 0.000465638
         784    -5.36795    -5.37384 0.000465105
         785    -5.36797    -5.37383 0.000464573
         786    -5.36798    -5.37383 0.000464041
         787    -5.36768    -5.37382 0.000463517
         788    -5.36803    -5.37381 0.000462988
         789    -5.36903    -5.37381  0.00046244
         790    -5.36971     -5.3738 0.000461884
         791    -5.37039     -5.3738  0.00046132
         792    -5.37075    -5.37379 0.000460754
         793    -5.37047    -5.37379 0.000460192
         794    -5.37051    -5.37378 0.000459631
         795    -5.37056    -5.37378 0.000459071
         796    -5.37061    -5.37378 0.000458511
         797    -5.37067    -5.37377 0.000457953
         798    -5.36975    -5.37377 0.000457406
         799    -5.37014    -5.37376 0.000456856
         800    -5.36956    -5.37376 0.000456316
         801    -5.36963    -5.37375 0.000455775
         802    -5.37034    -5.37375 0.000455227
         803    -5.37042    -5.37374 0.000454679
         804    -5.37147    -5.37374 0.000454122
         805     -5.3709    -5.37374 0.000453571
         806    -5.37033    -5.37373 0.000453028
         807    -5.37042    -5.37373 0.000452486
         808    -5.37083    -5.37373  0.00045194
         809    -5.37092    -5.37372 0.000451395
         810    -5.37166    -5.37372 0.000450844
         811     -5.3724    -5.37372 0.000450291
         812    -5.37218    -5.37372 0.000449741
         813     -5.3726    -5.37371  0.00044919
         814    -5.37238    -5.37371 0.000448641
         815    -5.37281    -5.37371 0.000448092
         816    -5.37291    -5.37371 0.000447544
         817    -5.37302    -5.37371 0.000446997
         818    -5.37312    -5.37371 0.000446451
         819    -5.37323    -5.37371 0.000445906
         820    -5.37334    -5.37371 0.000445363
         821    -5.37377    -5.37371  0.00044482
         822    -5.37388    -5.37371 0.000444279
         823    -5.37432    -5.37371  0.00044374
         824    -5.37442    -5.37371 0.000443202
         825    -5.37421    -5.37371 0.000442665
         826    -5.37464    -5.37371 0.000442131
         827    -5.37475    -5.37371 0.000441598
         828    -5.37486    -5.37371 0.000441067
         829    -5.37529    -5.37372 0.000440539
         830    -5.37572    -5.37372 0.000440015
         831    -5.37583    -5.37372 0.000439493
         832    -5.37593    -5.37372 0.000438973
         833    -5.37603    -5.37373 0.000438454
         834    -5.37678    -5.37373 0.000437944
         835    -5.37688    -5.37373 0.000437436
         836    -5.37665    -5.37374 0.000436926
         837    -5.37707    -5.37374 0.000436422
         838    -5.37683    -5.37375 0.000435917
         839    -5.37789    -5.37375 0.000435426
         840     -5.3783    -5.37376 0.000434941
         841    -5.37838    -5.37376 0.000434459
         842    -5.37846    -5.37377 0.000433978
         843    -5.37788    -5.37377 0.000433491
         844    -5.37795    -5.37378 0.000433006
         845    -5.37801    -5.37378 0.000432522
         846    -5.37807    -5.37379 0.000432041
         847    -5.37781    -5.37379 0.000431557
         848    -5.37721     -5.3738 0.000431067
         849    -5.37758     -5.3738 0.000430582
         850     -5.3773     -5.3738 0.000430095
         851    -5.37766    -5.37381 0.000429614
         852    -5.37737    -5.37381  0.00042913
         853    -5.37675    -5.37382  0.00042864
         854    -5.37677    -5.37382 0.000428152
         855    -5.37646    -5.37382 0.000427663
         856    -5.37615    -5.37383 0.000427172
         857    -5.37616    -5.37383 0.000426682
         858    -5.37681    -5.37383 0.000426199
         859    -5.37681    -5.37384 0.000425717
         860    -5.37648    -5.37384 0.000425233
         861    -5.37646    -5.37384  0.00042475
         862    -5.37645    -5.37384 0.000424268
         863    -5.37675    -5.37385  0.00042379
         864    -5.37672    -5.37385 0.000423312
         865    -5.37702    -5.37385 0.000422839
         866    -5.37731    -5.37386 0.000422369
         867     -5.3776    -5.37386 0.000421904
         868    -5.37723    -5.37387 0.000421436
         869    -5.37719    -5.37387 0.000420968
         870    -5.37682    -5.37387 0.000420498
         871    -5.37644    -5.37388 0.000420026
         872     -5.3751    -5.37388 0.000419546
         873    -5.37537    -5.37388 0.000419069
         874    -5.37531    -5.37388 0.000418593
         875    -5.37525    -5.37388 0.000418117
         876    -5.37584    -5.37389 0.000417646
         877    -5.37577    -5.37389 0.000417175
         878    -5.37668    -5.37389 0.000416712
         879    -5.37661    -5.37389  0.00041625
         880     -5.3759     -5.3739 0.000415783
         881    -5.37583     -5.3739 0.000415317
         882    -5.37543     -5.3739  0.00041485
         883    -5.37633     -5.3739 0.000414389
         884    -5.37594    -5.37391 0.000413926
         885    -5.37522    -5.37391 0.000413461
         886    -5.37515    -5.37391 0.000412997
         887    -5.37475    -5.37391 0.000412533
         888    -5.37468    -5.37391 0.000412069
         889    -5.37429    -5.37391 0.000411606
         890    -5.37486    -5.37391 0.000411145
         891    -5.37479    -5.37391 0.000410684
         892    -5.37472    -5.37391 0.000410225
         893    -5.37529    -5.37391 0.000409768
         894     -5.3749    -5.37392 0.000409312
         895    -5.37418    -5.37392 0.000408854
         896    -5.37379    -5.37392 0.000408398
         897    -5.37307    -5.37392 0.000407944
         898    -5.37397    -5.37392  0.00040749
         899    -5.37391    -5.37392 0.000407036
         900    -5.37384    -5.37392 0.000406584
         901    -5.37377    -5.37391 0.000406133
         902    -5.37371    -5.37391 0.000405683
         903    -5.37332    -5.37391 0.000405234
         904    -5.37358    -5.37391 0.000404786
         905    -5.37352    -5.37391 0.000404339
         906    -5.37378    -5.37391 0.000403893
         907    -5.37405    -5.37391 0.000403447
         908    -5.37334    -5.37391 0.000403003
         909    -5.37328    -5.37391 0.000402561
         910     -5.3729    -5.37391  0.00040212
         911    -5.37317    -5.37391 0.000401679
         912    -5.37344    -5.37391 0.000401239
         913    -5.37339    -5.37391   0.0004008
         914    -5.37237    -5.37391 0.000400365
         915    -5.37297    -5.37391 0.000399929
         916    -5.37293    -5.37391 0.000399494
         917    -5.37288     -5.3739  0.00039906
         918    -5.37284     -5.3739 0.000398627
         919     -5.3728     -5.3739 0.000398195
         920    -5.37276     -5.3739 0.000397764
         921    -5.37272     -5.3739 0.000397334
         922    -5.37236     -5.3739 0.000396906
         923    -5.37233     -5.3739  0.00039648
         924     -5.3723    -5.37389 0.000396055
         925    -5.37356    -5.37389 0.000395627
         926    -5.37321    -5.37389   0.0003952
         927    -5.37286    -5.37389 0.000394775
         928    -5.37219    -5.37389 0.000394354
         929    -5.37249    -5.37389 0.000393933
         930    -5.37215    -5.37389 0.000393514
         931    -5.37149    -5.37388 0.000393099
         932    -5.37147    -5.37388 0.000392686
         933    -5.37113    -5.37388 0.000392276
         934    -5.37112    -5.37388 0.000391867
         935    -5.37143    -5.37387 0.000391457
         936    -5.37078    -5.37387 0.000391053
         937    -5.37078    -5.37387 0.000390649
         938    -5.37045    -5.37386  0.00039025
         939    -5.37077    -5.37386 0.000389848
         940    -5.37077    -5.37386 0.000389447
         941    -5.37142    -5.37385 0.000389042
         942    -5.37142    -5.37385 0.000388637
         943    -5.37208    -5.37385  0.00038823
         944    -5.37144    -5.37385 0.000387827
         945    -5.37145    -5.37384 0.000387425
         946    -5.37178    -5.37384 0.000387021
         947    -5.37212    -5.37384 0.000386617
         948    -5.37148    -5.37384 0.000386217
         949    -5.37182    -5.37384 0.000385816
         950    -5.37183    -5.37383 0.000385416
         951    -5.37153    -5.37383 0.000385018
         952    -5.37057    -5.37383 0.000384629
         953    -5.37027    -5.37382 0.000384243
         954    -5.37029    -5.37382 0.000383859
         955    -5.36998    -5.37382 0.000383478
         956    -5.36935    -5.37381 0.000383105
         957    -5.36937    -5.37381 0.000382733
         958    -5.36939     -5.3738 0.000382361
         959    -5.36876     -5.3738 0.000381998
         960    -5.36878    -5.37379 0.000381636
         961    -5.36848    -5.37379 0.000381279
         962    -5.36818    -5.37378 0.000380927
         963     -5.3682    -5.37377 0.000380576
         964    -5.36757    -5.37377 0.000380236
         965    -5.36791    -5.37376  0.00037989
         966    -5.36793    -5.37376 0.000379545
         967     -5.3686    -5.37375  0.00037919
         968    -5.36862    -5.37375 0.000378835
         969    -5.36928    -5.37374 0.000378472
         970    -5.36962    -5.37374 0.000378106
         971    -5.36932    -5.37373 0.000377744
         972    -5.36966    -5.37373 0.000377378
         973    -5.36935    -5.37372 0.000377017
         974    -5.37002    -5.37372 0.000376649
         975    -5.37068    -5.37372 0.000376276
         976    -5.37005    -5.37371 0.000375909
         977    -5.37039    -5.37371  0.00037554
         978    -5.36975     -5.3737 0.000375178
         979    -5.36977     -5.3737 0.000374816
         980    -5.36978     -5.3737 0.000374455
         981     -5.3698    -5.37369 0.000374094
         982    -5.36949    -5.37369 0.000373738
         983     -5.3695    -5.37368 0.000373382
         984    -5.36951    -5.37368 0.000373027
         985    -5.36888    -5.37368  0.00037268
         986    -5.36825    -5.37367 0.000372342
         987    -5.36794    -5.37366  0.00037201
         988    -5.36795    -5.37366 0.000371679
         989    -5.36764    -5.37365 0.000371353
         990    -5.36798    -5.37365 0.000371022
         991    -5.36735    -5.37364 0.000370702
         992    -5.36704    -5.37363 0.000370388
         993     -5.3677    -5.37363 0.000370063
         994    -5.36804    -5.37362 0.000369733
         995    -5.36806    -5.37362 0.000369404
         996    -5.36808    -5.37361 0.000369075
         997     -5.3681    -5.37361 0.000368746
         998    -5.36844     -5.3736 0.000368413
         999    -5.36781    -5.37359  0.00036809
        1000    -5.36751    -5.37359 0.000367772
