           1         1.6         1.6           0
           2     1.59985     1.59992 5.45256e-05
           3     1.59938     1.59974 0.000151256
           4     1.59861     1.59946 0.000269579
           5     1.59754     1.59908 0.000406154
           6     1.59615     1.59859 0.000558785
           7     1.59446       1.598 0.000725903
           8     1.59247     1.59731 0.000906315
           9     1.59017     1.59652  0.00109907
          10     1.58757     1.59562  0.00130334
          11     1.58467     1.59462  0.00151845
          12     1.58146     1.59353  0.00174384
          13     1.57795     1.59233  0.00197896
          14     1.57415     1.59103   0.0022233
          15     1.57005     1.58963  0.00247643
          16     1.56565     1.58813  0.00273796
          17     1.56096     1.58653  0.00300751
          18     1.55598     1.58484  0.00328479
          19      1.5507     1.58304  0.00356951
          20     1.54514     1.58115  0.00386145
          21     1.53928     1.57915  0.00416043
          22     1.53314     1.57706  0.00446622
          23     1.52671     1.57487  0.00477861
          24     1.51998     1.57258  0.00509747
          25     1.51297      1.5702  0.00542264
          26     1.50568     1.56772    0.005754
          27     1.49809     1.56514  0.00609141
          28     1.49022     1.56246  0.00643473
          29     1.48207     1.55969  0.00678382
          30     1.47363     1.55682  0.00713853
          31     1.46491     1.55386  0.00749874
          32     1.45591      1.5508  0.00786427
          33     1.44664     1.54764    0.008235
          34     1.43709     1.54439  0.00861078
          35     1.42727     1.54104  0.00899149
          36     1.41718      1.5376  0.00937697
          37     1.40681     1.53407   0.0097671
          38     1.39619     1.53044   0.0101617
          39      1.3853     1.52672   0.0105606
          40     1.37416      1.5229   0.0109637
          41     1.36277       1.519   0.0113707
          42     1.35112       1.515   0.0117816
          43     1.33923     1.51091   0.0121961
          44      1.3271     1.50674   0.0126141
          45     1.31474     1.50247   0.0130354
          46     1.30214     1.49811   0.0134598
          47     1.28932     1.49367   0.0138872
          48     1.27629     1.48914   0.0143173
          49     1.26304     1.48453     0.01475
          50     1.24958     1.47983    0.015185
          51     1.23593     1.47505   0.0156222
          52     1.22208     1.47018   0.0160614
          53     1.20806     1.46524   0.0165023
          54     1.19385     1.46021   0.0169446
          55     1.17948     1.45511   0.0173883
          56     1.16495     1.44993   0.0178331
          57     1.15027     1.44467   0.0182787
          58     1.13546     1.43934   0.0187248
          59     1.12051     1.43393   0.0191714
          60     1.10545     1.42846    0.019618
          61     1.09027     1.42291   0.0200645
          62       1.075      1.4173   0.0205105
          63     1.05965     1.41163   0.0209559
          64     1.04422     1.40589   0.0214004
          65     1.02872     1.40008   0.0218436
          66     1.01318     1.39422   0.0222854
          67    0.997605      1.3883   0.0227254
          68    0.982004     1.38233   0.0231633
          69    0.966392      1.3763    0.023599
          70    0.950784     1.37022    0.024032
          71    0.935194     1.36409   0.0244621
          72    0.919634     1.35792   0.0248891
          73    0.904119      1.3517   0.0253126
          74    0.888664     1.34545   0.0257323
          75    0.873283     1.33915   0.0261479
          76     0.85799     1.33282   0.0265593
          77      0.8428     1.32645    0.026966
          78    0.827728     1.32006   0.0273678
          79    0.812788     1.31364   0.0277645
          80    0.797994     1.30719   0.0281557
          81    0.783361     1.30073   0.0285411
          82    0.768903     1.29424   0.0289206
          83    0.754633     1.28774   0.0292937
          84    0.740567     1.28123   0.0296604
          85    0.726717      1.2747   0.0300203
          86    0.713096     1.26817   0.0303732
          87    0.699717     1.26164   0.0307189
          88    0.686593      1.2551    0.031057
          89    0.673736     1.24857   0.0313875
          90    0.661157     1.24204   0.0317101
          91    0.648868     1.23553   0.0320246
          92    0.636879     1.22902   0.0323308
          93    0.625201     1.22253   0.0326286
          94    0.613843     1.21605   0.0329178
          95    0.602814      1.2096   0.0331982
          96    0.592122     1.20316   0.0334696
          97    0.581776     1.19676   0.0337321
          98    0.571781     1.19038   0.0339854
          99    0.562144     1.18403   0.0342294
         100    0.552872     1.17772   0.0344641
         101    0.543969     1.17145   0.0346894
         102    0.535438     1.16521   0.0349052
         103    0.527284     1.15902   0.0351115
         104     0.51951     1.15287   0.0353082
         105    0.512116     1.14677   0.0354954
         106    0.505106     1.14071    0.035673
         107    0.498479     1.13471    0.035841
         108    0.492237     1.12876   0.0359994
         109    0.486377     1.12287   0.0361483
         110    0.480899     1.11703   0.0362878
         111    0.475801     1.11126   0.0364178
         112     0.47108     1.10554   0.0365384
         113    0.466734     1.09989   0.0366498
         114    0.462759      1.0943    0.036752
         115     0.45915     1.08878   0.0368451
         116    0.455903     1.08332   0.0369291
         117    0.453012     1.07793   0.0370044
         118    0.450471     1.07262   0.0370709
         119    0.448275     1.06737   0.0371288
         120    0.446416     1.06219   0.0371782
         121    0.444888     1.05709   0.0372193
         122    0.443684     1.05206   0.0372523
         123    0.442795     1.04711   0.0372773
         124    0.442214     1.04223   0.0372945
         125    0.441932     1.03743   0.0373041
         126    0.441942      1.0327   0.0373062
         127    0.442233     1.02806    0.037301
         128    0.442798     1.02348   0.0372888
         129    0.443626     1.01899   0.0372697
         130     0.44471     1.01457   0.0372439
         131    0.446039     1.01023   0.0372116
         132    0.447605     1.00597    0.037173
         133    0.449397     1.00178   0.0371283
         134    0.451407    0.997676   0.0370777
         135    0.453625    0.993646   0.0370214
         136    0.456041    0.989693   0.0369596
         137    0.458646    0.985817   0.0368926
         138     0.46143    0.982017   0.0368204
         139    0.464384    0.978293   0.0367433
         140    0.467499    0.974645   0.0366616
         141    0.470766    0.971071   0.0365753
         142    0.474176    0.967572   0.0364848
         143     0.47772    0.964146   0.0363901
         144    0.481388    0.960794   0.0362915
         145    0.485174    0.957513   0.0361891
         146    0.489068    0.954305   0.0360832
         147    0.493061    0.951167   0.0359739
         148    0.497145      0.9481   0.0358614
         149    0.501314    0.945101   0.0357459
         150    0.505558    0.942171   0.0356275
         151    0.509871    0.939308   0.0355064
         152    0.514245    0.936511   0.0353827
         153    0.518673     0.93378   0.0352567
         154    0.523148    0.931114   0.0351284
         155    0.527663    0.928511   0.0349981
         156    0.532212    0.925971   0.0348658
         157     0.53679    0.923492   0.0347318
         158     0.54139    0.921073    0.034596
         159    0.546007    0.918714   0.0344588
         160    0.550633    0.916414   0.0343201
         161    0.555265    0.914171   0.0341802
         162    0.559896    0.911984   0.0340391
         163    0.564523    0.909852   0.0338969
         164     0.56914    0.907775   0.0337538
         165    0.573743     0.90575   0.0336099
         166    0.578329    0.903778   0.0334653
         167    0.582893    0.901856     0.03332
         168    0.587431    0.899985   0.0331742
         169     0.59194    0.898162   0.0330279
         170    0.596417    0.896387   0.0328813
         171    0.600858    0.894659   0.0327344
         172    0.605259    0.892976   0.0325873
         173    0.609617    0.891338   0.0324401
         174    0.613931    0.889744   0.0322928
         175    0.618197    0.888192   0.0321455
         176    0.622412    0.886682   0.0319983
         177    0.626575    0.885213   0.0318513
         178    0.630683    0.883783   0.0317044
         179    0.634734    0.882391   0.0315578
         180    0.638727    0.881038   0.0314115
         181    0.642659    0.879721   0.0312656
         182    0.646528     0.87844     0.03112
         183    0.650333    0.877193   0.0309749
         184    0.654072     0.87598   0.0308303
         185    0.657743    0.874801   0.0306862
         186    0.661346    0.873653   0.0305427
         187    0.664877    0.872537   0.0303998
         188    0.668336    0.871451   0.0302575
         189    0.671723    0.870394   0.0301158
         190    0.675036    0.869366   0.0299749
         191    0.678273    0.868365   0.0298346
         192    0.681434    0.867391   0.0296951
         193    0.684516    0.866444   0.0295564
         194    0.687519    0.865522   0.0294184
         195     0.69044    0.864624   0.0292812
         196     0.69328     0.86375   0.0291449
         197    0.696038    0.862898   0.0290094
         198    0.698711    0.862069   0.0288747
         199    0.701299    0.861261   0.0287409
         200    0.703801    0.860474    0.028608
         201    0.706217    0.859706   0.0284759
         202    0.708546    0.858958   0.0283448
         203    0.710786    0.858228   0.0282146
         204    0.712938    0.857516   0.0280852
         205    0.714999    0.856821   0.0279569
         206    0.716971    0.856142   0.0278294
         207    0.718852    0.855479   0.0277028
         208     0.72064     0.85483   0.0275772
         209    0.722336    0.854196   0.0274526
         210    0.723939    0.853576   0.0273289
         211     0.72545    0.852969   0.0272061
         212    0.726867    0.852374   0.0270843
         213    0.728189    0.851791   0.0269634
         214    0.729418    0.851219   0.0268434
         215    0.730552    0.850658   0.0267244
         216    0.731592    0.850107   0.0266064
         217    0.732539    0.849565   0.0264893
         218    0.733393    0.849032   0.0263732
         219    0.734154    0.848508    0.026258
         220    0.734823    0.847991   0.0261437
         221    0.735401    0.847481   0.0260303
         222    0.735889    0.846979   0.0259179
         223    0.736286    0.846482   0.0258065
         224    0.736595    0.845992   0.0256959
         225    0.736815    0.845506   0.0255863
         226    0.736948    0.845026   0.0254776
         227    0.736995     0.84455   0.0253698
         228    0.736959    0.844078   0.0252629
         229     0.73684     0.84361    0.025157
         230    0.736641    0.843145   0.0250519
         231    0.736363    0.842683   0.0249477
         232    0.736009    0.842223   0.0248444
         233    0.735582    0.841765    0.024742
         234    0.735083    0.841309   0.0246404
         235    0.734516    0.840855   0.0245398
         236    0.733883    0.840402     0.02444
         237    0.733187    0.839949    0.024341
         238     0.73243    0.839497    0.024243
         239    0.731616    0.839046   0.0241457
         240    0.730749    0.838595   0.0240493
         241     0.72983    0.838144   0.0239538
         242    0.728864    0.837692   0.0238591
         243    0.727855     0.83724   0.0237652
         244    0.726805    0.836787   0.0236721
         245     0.72572    0.836334   0.0235798
         246    0.724602     0.83588   0.0234883
         247    0.723457    0.835425   0.0233976
         248    0.722288    0.834968   0.0233077
         249    0.721098    0.834511   0.0232186
         250    0.719891    0.834053   0.0231303
         251    0.718671    0.833593   0.0230427
         252    0.717441    0.833132   0.0229558
         253    0.716208     0.83267   0.0228698
         254    0.714973    0.832207   0.0227844
         255    0.713742    0.831742   0.0226998
         256    0.712518    0.831276   0.0226159
         257    0.711305    0.830809   0.0225327
         258    0.710107    0.830342   0.0224502
         259    0.708927    0.829873   0.0223685
         260    0.707768    0.829403   0.0222874
         261    0.706635    0.828933   0.0222069
         262     0.70553    0.828462   0.0221272
         263    0.704457     0.82799    0.022048
         264    0.703419    0.827518   0.0219696
         265     0.70242    0.827046   0.0218917
         266    0.701463    0.826574   0.0218145
         267     0.70055    0.826102   0.0217379
         268    0.699684    0.825631   0.0216619
         269    0.698867    0.825159   0.0215865
         270    0.698101    0.824689   0.0215117
         271     0.69739    0.824219   0.0214375
         272    0.696734     0.82375   0.0213638
         273    0.696137    0.823283   0.0212906
         274    0.695599    0.822817    0.021218
         275    0.695124    0.822352    0.021146
         276    0.694712     0.82189   0.0210744
         277    0.694364     0.82143   0.0210033
         278    0.694083    0.820972   0.0209328
         279    0.693869    0.820516   0.0208627
         280    0.693722    0.820063   0.0207931
         281    0.693643    0.819613    0.020724
         282    0.693632    0.819167   0.0206553
         283    0.693689    0.818723   0.0205871
         284    0.693815    0.818283   0.0205193
         285    0.694009    0.817847   0.0204519
         286    0.694272    0.817415    0.020385
         287    0.694603    0.816987   0.0203184
         288    0.695004    0.816564   0.0202523
         289    0.695472    0.816145   0.0201866
         290    0.696007     0.81573   0.0201212
         291    0.696609    0.815321   0.0200562
         292    0.697276    0.814917   0.0199916
         293    0.698009    0.814518   0.0199274
         294    0.698806    0.814124   0.0198635
         295    0.699667    0.813736   0.0197999
         296     0.70059    0.813354   0.0197367
         297    0.701574    0.812978   0.0196739
         298    0.702616    0.812607   0.0196113
         299    0.703716    0.812243   0.0195491
         300     0.70487    0.811885   0.0194872
         301    0.706079    0.811534   0.0194257
         302     0.70734    0.811189   0.0193644
         303    0.708651     0.81085   0.0193034
         304    0.710011    0.810519   0.0192428
         305    0.711419    0.810194   0.0191825
         306    0.712872    0.809876   0.0191224
         307    0.714367    0.809565   0.0190626
         308    0.715902     0.80926   0.0190032
         309    0.717476    0.808963    0.018944
         310    0.719087    0.808673   0.0188851
         311    0.720733    0.808391   0.0188265
         312    0.722411    0.808115   0.0187682
         313     0.72412    0.807847   0.0187101
         314    0.725856    0.807586   0.0186524
         315    0.727618    0.807332   0.0185949
         316    0.729404    0.807085   0.0185377
         317     0.73121    0.806846   0.0184807
         318    0.733034    0.806614   0.0184241
         319    0.734874    0.806389   0.0183677
         320    0.736728    0.806171   0.0183116
         321    0.738592    0.805961   0.0182558
         322    0.740465    0.805757   0.0182002
         323    0.742344    0.805561   0.0181449
         324    0.744226    0.805372   0.0180899
         325    0.746109    0.805189   0.0180351
         326     0.74799    0.805014   0.0179807
         327    0.749866    0.804845   0.0179265
         328    0.751735    0.804683   0.0178726
         329    0.753594    0.804528   0.0178189
         330    0.755441    0.804379   0.0177655
         331    0.757273    0.804237   0.0177124
         332    0.759088    0.804101   0.0176596
         333    0.760882    0.803971    0.017607
         334    0.762652    0.803847   0.0175548
         335    0.764397     0.80373   0.0175028
         336    0.766113    0.803618    0.017451
         337    0.767797    0.803511   0.0173996
         338    0.769446    0.803411   0.0173484
         339    0.771057    0.803315   0.0172975
         340    0.772628    0.803225   0.0172468
         341    0.774157     0.80314   0.0171965
         342    0.775642    0.803059   0.0171464
         343     0.77708    0.802983   0.0170965
         344    0.778469    0.802912    0.017047
         345    0.779806    0.802845   0.0169977
         346    0.781089    0.802782   0.0169487
         347    0.782316    0.802723      0.0169
         348    0.783485    0.802668   0.0168515
         349    0.784594    0.802616   0.0168033
         350    0.785643    0.802568   0.0167553
         351    0.786629    0.802522   0.0167077
         352    0.787552     0.80248   0.0166603
         353     0.78841     0.80244   0.0166131
         354    0.789203    0.802403   0.0165662
         355    0.789932    0.802367   0.0165196
         356    0.790597    0.802334   0.0164732
         357    0.791195    0.802303   0.0164271
         358    0.791728    0.802274   0.0163813
         359    0.792197    0.802246   0.0163356
         360    0.792602    0.802219   0.0162903
         361    0.792945    0.802193   0.0162452
         362    0.793228    0.802168   0.0162003
         363    0.793453    0.802144   0.0161557
         364    0.793621    0.802121   0.0161114
         365    0.793735    0.802098   0.0160672
         366    0.793797    0.802075   0.0160233
         367     0.79381    0.802053   0.0159797
         368    0.793777     0.80203   0.0159363
         369    0.793701    0.802008   0.0158931
         370    0.793586    0.801985   0.0158502
         371    0.793437    0.801962   0.0158075
         372    0.793257    0.801939    0.015765
         373    0.793049    0.801915   0.0157228
         374    0.792819     0.80189   0.0156807
         375    0.792572    0.801866   0.0156389
         376    0.792313     0.80184   0.0155974
         377    0.792047    0.801814    0.015556
         378    0.791778    0.801788   0.0155149
         379    0.791511     0.80176    0.015474
         380    0.791253    0.801733   0.0154333
         381    0.791009    0.801705   0.0153928
         382    0.790784    0.801676   0.0153525
         383    0.790583    0.801647   0.0153125
         384    0.790411    0.801618   0.0152726
         385    0.790273    0.801588    0.015233
         386    0.790174    0.801559   0.0151935
         387    0.790118    0.801529   0.0151543
         388    0.790111      0.8015   0.0151153
         389    0.790156    0.801471   0.0150765
         390    0.790257    0.801442   0.0150378
         391    0.790419    0.801414   0.0149994
         392    0.790646    0.801386   0.0149612
         393    0.790938     0.80136   0.0149231
         394    0.791301    0.801334   0.0148853
         395    0.791736     0.80131   0.0148476
         396    0.792245    0.801287   0.0148101
         397    0.792828    0.801266   0.0147728
         398    0.793487    0.801246   0.0147357
         399    0.794223    0.801228   0.0146988
         400    0.795034    0.801213   0.0146621
         401    0.795922      0.8012   0.0146255
         402    0.796886    0.801189   0.0145891
         403    0.797924    0.801181   0.0145529
         404    0.799034    0.801176   0.0145169
         405    0.800215    0.801173   0.0144811
         406    0.801463    0.801174   0.0144454
         407    0.802778    0.801178   0.0144099
         408    0.804156    0.801185   0.0143746
         409    0.805594    0.801196   0.0143394
         410    0.807089     0.80121   0.0143045
         411    0.808636    0.801228   0.0142697
         412    0.810231     0.80125   0.0142351
         413     0.81187    0.801276   0.0142006
         414    0.813549    0.801306   0.0141663
         415    0.815264    0.801339   0.0141323
         416     0.81701    0.801377   0.0140983
         417    0.818785    0.801419   0.0140646
         418    0.820584    0.801465    0.014031
         419    0.822401    0.801515   0.0139976
         420    0.824233    0.801569   0.0139644
         421    0.826077    0.801627   0.0139313
         422    0.827927    0.801689   0.0138985
         423    0.829779    0.801756   0.0138658
         424     0.83163    0.801826   0.0138332
         425    0.833476    0.801901   0.0138009
         426    0.835313    0.801979   0.0137687
         427    0.837137    0.802061   0.0137367
         428    0.838946    0.802147   0.0137049
         429    0.840736    0.802237   0.0136732
         430    0.842505    0.802331   0.0136418
         431     0.84425    0.802428   0.0136105
         432    0.845969    0.802529   0.0135793
         433     0.84766    0.802633   0.0135484
         434    0.849319    0.802741   0.0135176
         435    0.850945    0.802852    0.013487
         436    0.852535    0.802966   0.0134565
         437    0.854088    0.803083   0.0134262
         438    0.855603    0.803203   0.0133961
         439    0.857079    0.803325   0.0133662
         440    0.858513    0.803451   0.0133364
         441    0.859907    0.803579   0.0133067
         442    0.861258    0.803709   0.0132773
         443    0.862564    0.803842    0.013248
         444    0.863826    0.803977   0.0132188
         445    0.865043    0.804114   0.0131898
         446    0.866215    0.804254    0.013161
         447     0.86734    0.804395   0.0131323
         448    0.868418    0.804538   0.0131038
         449    0.869447    0.804682   0.0130754
         450     0.87043    0.804828   0.0130471
         451    0.871364    0.804976    0.013019
         452    0.872252    0.805125   0.0129911
         453    0.873091    0.805275   0.0129633
         454    0.873882    0.805426   0.0129356
         455    0.874624    0.805578   0.0129081
         456    0.875317    0.805731   0.0128807
         457    0.875963    0.805885   0.0128534
         458     0.87656    0.806039   0.0128263
         459    0.877108    0.806194   0.0127993
         460    0.877607    0.806349   0.0127724
         461    0.878058    0.806505   0.0127456
         462    0.878461     0.80666    0.012719
         463    0.878816    0.806816   0.0126925
         464    0.879122    0.806972   0.0126661
         465     0.87938    0.807128   0.0126398
         466     0.87959    0.807283   0.0126136
         467    0.879752    0.807438   0.0125876
         468    0.879866    0.807593   0.0125616
         469    0.879931    0.807747   0.0125358
         470    0.879949    0.807901     0.01251
         471    0.879919    0.808054   0.0124844
         472    0.879842    0.808206   0.0124589
         473    0.879718    0.808357   0.0124335
         474    0.879548    0.808507   0.0124081
         475    0.879333    0.808656   0.0123829
         476    0.879072    0.808804   0.0123578
         477    0.878766    0.808951   0.0123328
         478    0.878415    0.809096   0.0123078
         479    0.878019     0.80924    0.012283
         480    0.877579    0.809383   0.0122582
         481    0.877095    0.809523   0.0122335
         482     0.87657    0.809663   0.0122089
         483    0.876003      0.8098   0.0121844
         484    0.875394    0.809935     0.01216
         485    0.874746    0.810069   0.0121357
         486    0.874058    0.810201   0.0121114
         487    0.873332     0.81033   0.0120872
         488    0.872571    0.810458   0.0120631
         489    0.871774    0.810583   0.0120391
         490    0.870944    0.810706   0.0120152
         491    0.870082    0.810827   0.0119913
         492     0.86919    0.810946   0.0119675
         493    0.868271    0.811062   0.0119438
         494    0.867326    0.811176   0.0119202
         495    0.866356    0.811288   0.0118966
         496    0.865364    0.811397   0.0118731
         497    0.864352    0.811503   0.0118497
         498    0.863324    0.811607   0.0118264
         499    0.862282    0.811709   0.0118031
         500    0.861226    0.811808   0.0117799
         501    0.860161    0.811904   0.0117568
         502    0.859089    0.811998   0.0117338
         503    0.858014     0.81209   0.0117108
         504    0.856936    0.812179   0.0116879
         505     0.85586    0.812265   0.0116651
         506    0.854789    0.812349   0.0116423
         507    0.853727    0.812431   0.0116196
         508    0.852678     0.81251    0.011597
         509    0.851643    0.812587   0.0115745
         510    0.850627    0.812662   0.0115521
         511    0.849632    0.812734   0.0115297
         512     0.84866    0.812804   0.0115074
         513    0.847716    0.812872   0.0114851
         514    0.846803    0.812938    0.011463
         515    0.845923    0.813002   0.0114409
         516    0.845081    0.813064   0.0114189
         517    0.844277    0.813125    0.011397
         518    0.843517    0.813184   0.0113751
         519    0.842802    0.813241   0.0113534
         520    0.842136    0.813296   0.0113317
         521    0.841521     0.81335     0.01131
         522     0.84096    0.813403   0.0112885
         523    0.840455    0.813455    0.011267
         524    0.840008    0.813506   0.0112456
         525    0.839621    0.813555   0.0112243
         526    0.839296    0.813604   0.0112031
         527    0.839036    0.813653   0.0111819
         528    0.838841      0.8137   0.0111609
         529    0.838713    0.813748   0.0111399
         530    0.838655    0.813795    0.011119
         531    0.838666    0.813841   0.0110981
         532    0.838748    0.813888   0.0110773
         533    0.838902    0.813935   0.0110567
         534    0.839128    0.813982   0.0110361
         535    0.839426     0.81403   0.0110155
         536    0.839797    0.814078   0.0109951
         537    0.840241    0.814127   0.0109747
         538    0.840758    0.814176   0.0109544
         539    0.841346    0.814227   0.0109342
         540    0.842006    0.814278   0.0109141
         541    0.842737    0.814331    0.010894
         542    0.843538    0.814384   0.0108741
         543    0.844408     0.81444   0.0108542
         544    0.845345    0.814497   0.0108344
         545    0.846349    0.814555   0.0108147
         546    0.847417    0.814615    0.010795
         547    0.848548    0.814677   0.0107755
         548    0.849739    0.814741    0.010756
         549    0.850989    0.814807   0.0107366
         550    0.852295    0.814875   0.0107173
         551    0.853655    0.814946   0.0106981
         552    0.855067    0.815018    0.010679
         553    0.856529    0.815094   0.0106599
         554     0.85804    0.815171   0.0106409
         555    0.859595    0.815251   0.0106221
         556    0.861191    0.815334   0.0106033
         557    0.862827    0.815419   0.0105846
         558    0.864497    0.815507    0.010566
         559      0.8662    0.815598   0.0105475
         560    0.867933    0.815691   0.0105291
         561    0.869692    0.815787   0.0105107
         562    0.871476    0.815886   0.0104925
         563    0.873282    0.815988   0.0104744
         564    0.875106    0.816093   0.0104563
         565    0.876945    0.816201   0.0104384
         566    0.878796    0.816312   0.0104205
         567    0.880657    0.816425   0.0104027
         568    0.882524    0.816541   0.0103851
         569    0.884396    0.816661   0.0103675
         570    0.886268    0.816783     0.01035
         571    0.888139    0.816908   0.0103327
         572    0.890007    0.817036   0.0103154
         573    0.891868    0.817166   0.0102982
         574    0.893719    0.817299   0.0102811
         575     0.89556    0.817436   0.0102642
         576    0.897385    0.817574   0.0102473
         577    0.899195    0.817716   0.0102305
         578    0.900987     0.81786   0.0102138
         579    0.902759    0.818007   0.0101972
         580    0.904509    0.818156   0.0101807
         581    0.906237    0.818307   0.0101643
         582    0.907939    0.818461    0.010148
         583    0.909615    0.818618   0.0101318
         584    0.911262    0.818776   0.0101157
         585    0.912879    0.818937   0.0100997
         586    0.914464      0.8191   0.0100838
         587    0.916018    0.819265    0.010068
         588    0.917539    0.819432   0.0100522
         589    0.919027    0.819601   0.0100366
         590    0.920479    0.819772    0.010021
         591    0.921894    0.819945   0.0100056
         592    0.923273     0.82012  0.00999019
         593    0.924614    0.820296   0.0099749
         594    0.925918    0.820474  0.00995969
         595    0.927184    0.820653  0.00994457
         596    0.928411    0.820834  0.00992953
         597    0.929598    0.821016  0.00991456
         598    0.930745      0.8212  0.00989968
         599    0.931853    0.821384  0.00988488
         600    0.932921     0.82157  0.00987015
         601    0.933949    0.821757   0.0098555
         602    0.934938    0.821945  0.00984092
         603    0.935887    0.822134  0.00982642
         604    0.936797    0.822324  0.00981198
         605    0.937667    0.822515  0.00979762
         606      0.9385    0.822706  0.00978332
         607    0.939293    0.822898  0.00976908
         608    0.940048    0.823091  0.00975492
         609    0.940765    0.823284  0.00974081
         610    0.941445    0.823478  0.00972677
         611    0.942089    0.823672  0.00971279
         612    0.942695    0.823866  0.00969886
         613    0.943264    0.824061    0.009685
         614    0.943798    0.824256  0.00967119
         615    0.944297    0.824451  0.00965743
         616     0.94476    0.824647  0.00964373
         617    0.945188    0.824842  0.00963008
         618    0.945582    0.825037  0.00961648
         619    0.945941    0.825233  0.00960292
         620    0.946267    0.825428  0.00958942
         621    0.946559    0.825623  0.00957596
         622    0.946816    0.825818  0.00956255
         623     0.94704    0.826012  0.00954918
         624    0.947231    0.826207  0.00953585
         625    0.947389    0.826401  0.00952256
         626    0.947514    0.826594  0.00950932
         627    0.947608    0.826787  0.00949611
         628     0.94767     0.82698  0.00948294
         629    0.947702    0.827171   0.0094698
         630    0.947701    0.827363  0.00945671
         631    0.947669    0.827553  0.00944364
         632    0.947605    0.827743  0.00943061
         633    0.947509    0.827933  0.00941761
         634    0.947382    0.828121  0.00940464
         635    0.947223    0.828309   0.0093917
         636    0.947034    0.828495  0.00937879
         637    0.946813    0.828681   0.0093659
         638    0.946562    0.828866  0.00935304
         639     0.94628     0.82905  0.00934021
         640    0.945968    0.829232   0.0093274
         641    0.945626    0.829414  0.00931462
         642    0.945254    0.829594  0.00930186
         643     0.94485    0.829773  0.00928912
         644    0.944415    0.829951   0.0092764
         645    0.943947    0.830128   0.0092637
         646    0.943446    0.830304  0.00925102
         647    0.942913    0.830478  0.00923836
         648    0.942348     0.83065  0.00922572
         649    0.941751    0.830822  0.00921309
         650    0.941121    0.830991  0.00920048
         651     0.94046    0.831159  0.00918788
         652    0.939765    0.831326   0.0091753
         653    0.939038    0.831491  0.00916273
         654    0.938277    0.831654  0.00915018
         655    0.937484    0.831816  0.00913763
         656    0.936658    0.831976   0.0091251
         657    0.935799    0.832134  0.00911258
         658    0.934907     0.83229  0.00910007
         659    0.933981    0.832444  0.00908757
         660    0.933023    0.832596  0.00907508
         661    0.932032    0.832747   0.0090626
         662    0.931009    0.832895  0.00905012
         663    0.929953    0.833042  0.00903765
         664    0.928866    0.833186   0.0090252
         665    0.927747    0.833328  0.00901274
         666    0.926597    0.833468   0.0090003
         667    0.925416    0.833606  0.00898786
         668    0.924206    0.833742  0.00897543
         669    0.922965    0.833875    0.008963
         670    0.921695    0.834006  0.00895059
         671    0.920398    0.834135  0.00893817
         672    0.919075    0.834261  0.00892577
         673    0.917726    0.834385  0.00891336
         674    0.916354    0.834507  0.00890097
         675     0.91496    0.834626  0.00888858
         676    0.913544    0.834743   0.0088762
         677    0.912109    0.834857  0.00886382
         678    0.910654    0.834969  0.00885145
         679    0.909182    0.835078  0.00883909
         680    0.907695    0.835185  0.00882674
         681    0.906194    0.835289  0.00881439
         682     0.90468    0.835391  0.00880206
         683    0.903155     0.83549  0.00878973
         684    0.901622    0.835587  0.00877741
         685    0.900083    0.835681   0.0087651
         686    0.898539    0.835773   0.0087528
         687    0.896993    0.835862  0.00874052
         688    0.895448    0.835948  0.00872824
         689    0.893904    0.836033  0.00871598
         690    0.892364    0.836114  0.00870373
         691     0.89083    0.836193  0.00869149
         692    0.889303     0.83627  0.00867927
         693    0.887785    0.836345  0.00866707
         694    0.886279    0.836416  0.00865488
         695    0.884785    0.836486   0.0086427
         696    0.883307    0.836553  0.00863055
         697    0.881844    0.836618  0.00861841
         698      0.8804    0.836681  0.00860629
         699    0.878974    0.836742  0.00859419
         700    0.877569      0.8368  0.00858211
         701    0.876185    0.836856  0.00857005
         702    0.874825     0.83691  0.00855801
         703    0.873487    0.836962    0.008546
         704    0.872174    0.837012  0.00853401
         705    0.870886     0.83706  0.00852204
         706    0.869624    0.837106  0.00851009
         707    0.868389    0.837151  0.00849817
         708    0.867181    0.837193  0.00848627
         709       0.866    0.837234   0.0084744
         710    0.864845    0.837273  0.00846255
         711    0.863717     0.83731  0.00845073
         712    0.862615    0.837345  0.00843894
         713    0.861539    0.837379  0.00842717
         714    0.860488    0.837412  0.00841543
         715    0.859461    0.837442  0.00840372
         716    0.858457    0.837472  0.00839203
         717    0.857477      0.8375  0.00838037
         718    0.856517    0.837526  0.00836874
         719    0.855577    0.837551  0.00835714
         720    0.854656    0.837575  0.00834557
         721    0.853753    0.837597  0.00833402
         722    0.852868    0.837619  0.00832251
         723    0.851997    0.837638  0.00831102
         724    0.851142    0.837657  0.00829956
         725    0.850299    0.837675  0.00828813
         726    0.849466    0.837691  0.00827673
         727    0.848641    0.837706  0.00826536
         728    0.847822     0.83772  0.00825402
         729    0.847008    0.837733  0.00824271
         730    0.846198    0.837744  0.00823142
         731    0.845389    0.837755  0.00822017
         732    0.844579    0.837764  0.00820894
         733    0.843766    0.837772  0.00819775
         734    0.842948    0.837779  0.00818658
         735    0.842126    0.837785  0.00817545
         736    0.841296     0.83779  0.00816434
         737    0.840458    0.837793  0.00815326
         738    0.839608    0.837796  0.00814222
         739    0.838746    0.837797   0.0081312
         740     0.83787    0.837797  0.00812021
         741    0.836979    0.837796  0.00810925
         742    0.836074    0.837794  0.00809832
         743     0.83515     0.83779  0.00808743
         744    0.834206    0.837785  0.00807656
         745    0.833241    0.837779  0.00806572
         746    0.832256    0.837772  0.00805491
         747    0.831249    0.837763  0.00804413
         748    0.830219    0.837753  0.00803338
         749    0.829164    0.837742  0.00802267
         750    0.828084    0.837729  0.00801198
         751    0.826978    0.837715  0.00800132
         752    0.825847    0.837699   0.0079907
         753    0.824691    0.837681  0.00798011
         754    0.823507    0.837663  0.00796954
         755    0.822297    0.837642  0.00795901
         756    0.821061     0.83762  0.00794852
         757      0.8198    0.837597  0.00793805
         758    0.818514    0.837572  0.00792762
         759      0.8172    0.837545  0.00791722
         760    0.815859    0.837516  0.00790685
         761    0.814492    0.837486  0.00789652
         762    0.813099    0.837454  0.00788622
         763     0.81168     0.83742  0.00787596
         764    0.810236    0.837385  0.00786573
         765    0.808769    0.837347  0.00785554
         766    0.807279    0.837308  0.00784538
         767    0.805767    0.837267  0.00783526
         768    0.804233    0.837224  0.00782518
         769    0.802679    0.837179  0.00781513
         770    0.801105    0.837132  0.00780512
         771    0.799514    0.837083  0.00779515
         772    0.797905    0.837033  0.00778522
         773    0.796282     0.83698  0.00777532
         774    0.794644    0.836925  0.00776547
         775    0.792995    0.836868  0.00775566
         776    0.791335     0.83681  0.00774589
         777    0.789667    0.836749  0.00773615
         778    0.787994    0.836686  0.00772646
         779    0.786316    0.836622  0.00771682
         780    0.784636    0.836555  0.00770721
         781    0.782955    0.836486  0.00769765
         782    0.781276    0.836416  0.00768813
         783      0.7796    0.836343  0.00767865
         784    0.777929    0.836269  0.00766922
         785    0.776265    0.836192  0.00765983
         786    0.774609    0.836114  0.00765049
         787    0.772966    0.836034  0.00764119
         788    0.771337    0.835952  0.00763193
         789    0.769724    0.835868  0.00762272
         790     0.76813    0.835782  0.00761355
         791    0.766557    0.835694  0.00760443
         792    0.765007    0.835605  0.00759535
         793    0.763482    0.835514  0.00758632
         794    0.761985    0.835422  0.00757733
         795    0.760517    0.835327  0.00756838
         796    0.759081    0.835232  0.00755948
         797     0.75768    0.835134  0.00755062
         798    0.756316    0.835036  0.00754181
         799    0.754991    0.834935  0.00753303
         800    0.753707    0.834834   0.0075243
         801    0.752468    0.834731  0.00751561
         802    0.751274    0.834627  0.00750696
         803    0.750128    0.834522  0.00749835
         804     0.74903    0.834415  0.00748978
         805    0.747984    0.834308  0.00748124
         806    0.746991      0.8342  0.00747274
         807    0.746054    0.834091  0.00746428
         808    0.745172     0.83398  0.00745586
         809    0.744349     0.83387  0.00744746
         810    0.743586    0.833758   0.0074391
         811    0.742885    0.833646  0.00743077
         812    0.742248    0.833534  0.00742247
         813    0.741677    0.833421   0.0074142
         814    0.741172    0.833307  0.00740596
         815    0.740735    0.833194  0.00739775
         816    0.740367     0.83308  0.00738956
         817    0.740069    0.832966  0.00738139
         818    0.739841    0.832852  0.00737324
         819    0.739683    0.832738  0.00736512
         820    0.739597    0.832625  0.00735701
         821    0.739583    0.832512  0.00734892
         822    0.739642    0.832399  0.00734085
         823    0.739774    0.832286  0.00733279
         824     0.73998    0.832174  0.00732475
         825    0.740258    0.832063  0.00731672
         826     0.74061    0.831952   0.0073087
         827    0.741035    0.831842  0.00730069
         828    0.741534    0.831733  0.00729268
         829    0.742105    0.831625  0.00728469
         830    0.742747    0.831518   0.0072767
         831     0.74346    0.831412  0.00726871
         832    0.744242    0.831307  0.00726073
         833    0.745093    0.831203  0.00725275
         834    0.746012    0.831101  0.00724478
         835    0.746999    0.831001   0.0072368
         836    0.748051    0.830901  0.00722882
         837    0.749166    0.830804  0.00722085
         838    0.750343    0.830708  0.00721287
         839    0.751579    0.830613  0.00720489
         840    0.752874    0.830521  0.00719691
         841    0.754224     0.83043  0.00718892
         842    0.755628    0.830341  0.00718093
         843    0.757082    0.830254  0.00717294
         844    0.758583    0.830169  0.00716494
         845     0.76013    0.830087  0.00715694
         846    0.761719    0.830006  0.00714894
         847     0.76335    0.829927  0.00714093
         848    0.765017    0.829851  0.00713292
         849    0.766717    0.829776  0.00712491
         850    0.768449    0.829704  0.00711689
         851    0.770209    0.829634  0.00710887
         852    0.771993    0.829566  0.00710085
         853    0.773798    0.829501  0.00709283
         854    0.775622    0.829438   0.0070848
         855    0.777461    0.829377  0.00707678
         856    0.779311    0.829319  0.00706875
         857    0.781169    0.829263  0.00706072
         858    0.783031    0.829209   0.0070527
         859    0.784894    0.829157  0.00704468
         860    0.786756    0.829108  0.00703666
         861    0.788612    0.829061  0.00702864
         862     0.79046    0.829016  0.00702063
         863    0.792296    0.828973  0.00701263
         864    0.794117    0.828933  0.00700463
         865    0.795922    0.828895  0.00699663
         866    0.797707    0.828859  0.00698865
         867    0.799471    0.828825  0.00698067
         868    0.801209    0.828793   0.0069727
         869    0.802921    0.828763  0.00696474
         870    0.804604    0.828736  0.00695679
         871    0.806256     0.82871  0.00694885
         872    0.807874    0.828686  0.00694092
         873    0.809457    0.828664  0.00693301
         874    0.811004    0.828644   0.0069251
         875    0.812513    0.828625  0.00691721
         876    0.813982    0.828609  0.00690934
         877    0.815409    0.828593  0.00690147
         878    0.816794     0.82858  0.00689363
         879    0.818136    0.828568  0.00688579
         880    0.819434    0.828558  0.00687798
         881    0.820686    0.828549  0.00687018
         882    0.821892    0.828541  0.00686239
         883     0.82305    0.828535  0.00685462
         884    0.824162     0.82853  0.00684687
         885    0.825227    0.828526  0.00683913
         886    0.826246    0.828524  0.00683142
         887    0.827217    0.828522  0.00682371
         888     0.82814    0.828522  0.00681603
         889    0.829015    0.828522  0.00680836
         890    0.829841    0.828524  0.00680071
         891     0.83062    0.828526  0.00679308
         892     0.83135    0.828529  0.00678547
         893    0.832031    0.828533  0.00677787
         894    0.832664    0.828538  0.00677029
         895    0.833251    0.828543  0.00676273
         896     0.83379    0.828549  0.00675518
         897    0.834283    0.828556  0.00674765
         898     0.83473    0.828562  0.00674014
         899    0.835132     0.82857  0.00673265
         900    0.835489    0.828577  0.00672517
         901    0.835803    0.828585  0.00671771
         902    0.836072    0.828594  0.00671027
         903    0.836297    0.828602  0.00670285
         904    0.836479    0.828611  0.00669544
         905    0.836619     0.82862  0.00668804
         906    0.836718    0.828629  0.00668067
         907    0.836777    0.828638  0.00667331
         908    0.836797    0.828647  0.00666596
         909    0.836779    0.828656  0.00665864
         910    0.836722    0.828665  0.00665133
         911    0.836629    0.828673  0.00664403
         912    0.836499    0.828682  0.00663675
         913    0.836334     0.82869  0.00662949
         914    0.836135    0.828698  0.00662224
         915    0.835902    0.828706  0.00661501
         916    0.835639    0.828714  0.00660779
         917    0.835344    0.828721  0.00660059
         918     0.83502    0.828728   0.0065934
         919    0.834668    0.828734  0.00658623
         920    0.834288     0.82874  0.00657907
         921    0.833881    0.828746  0.00657193
         922     0.83345    0.828751  0.00656481
         923    0.832995    0.828756   0.0065577
         924    0.832519     0.82876   0.0065506
         925    0.832021    0.828763  0.00654352
         926    0.831504    0.828766  0.00653645
         927    0.830968    0.828769   0.0065294
         928    0.830416     0.82877  0.00652237
         929    0.829848    0.828772  0.00651535
         930    0.829266    0.828772  0.00650834
         931    0.828671    0.828772  0.00650135
         932    0.828065    0.828771  0.00649437
         933    0.827448     0.82877  0.00648741
         934    0.826822    0.828768  0.00648047
         935    0.826189    0.828765  0.00647354
         936    0.825548    0.828762  0.00646662
         937    0.824903    0.828757  0.00645972
         938    0.824256    0.828753  0.00645284
         939    0.823607    0.828747  0.00644597
         940    0.822956    0.828741  0.00643911
         941    0.822307    0.828734  0.00643227
         942    0.821658    0.828727  0.00642545
         943    0.821012    0.828718  0.00641864
         944     0.82037     0.82871  0.00641185
         945    0.819732      0.8287  0.00640507
         946    0.819102     0.82869  0.00639831
         947    0.818478    0.828679  0.00639156
         948    0.817861    0.828668  0.00638483
         949    0.817254    0.828656  0.00637811
         950    0.816657    0.828643  0.00637141
         951    0.816069     0.82863  0.00636472
         952    0.815491    0.828616  0.00635805
         953    0.814925    0.828602   0.0063514
         954    0.814371    0.828587  0.00634476
         955     0.81383    0.828571  0.00633813
         956    0.813301    0.828555  0.00633152
         957    0.812784    0.828539  0.00632493
         958     0.81228    0.828522  0.00631835
         959    0.811788    0.828504  0.00631178
         960     0.81131    0.828487  0.00630524
         961    0.810846    0.828468   0.0062987
         962    0.810395    0.828449  0.00629218
         963    0.809958     0.82843  0.00628568
         964    0.809535    0.828411  0.00627919
         965    0.809124    0.828391  0.00627271
         966    0.808727     0.82837  0.00626625
         967    0.808341     0.82835  0.00625981
         968    0.807968    0.828328  0.00625337
         969    0.807607    0.828307  0.00624696
         970    0.807259    0.828285  0.00624055
         971    0.806922    0.828263  0.00623417
         972    0.806598    0.828241  0.00622779
         973    0.806285    0.828219  0.00622143
         974    0.805983    0.828196  0.00621509
         975    0.805693    0.828173  0.00620876
         976    0.805412    0.828149  0.00620244
         977    0.805143    0.828126  0.00619613
         978    0.804884    0.828102  0.00618984
         979    0.804635    0.828078  0.00618357
         980    0.804395    0.828054  0.00617731
         981    0.804165     0.82803  0.00617106
         982    0.803944    0.828005  0.00616482
         983    0.803731     0.82798   0.0061586
         984    0.803528    0.827955  0.00615239
         985    0.803334     0.82793   0.0061462
         986     0.80315    0.827905  0.00614001
         987    0.802976     0.82788  0.00613384
         988    0.802811    0.827855  0.00612769
         989    0.802655    0.827829  0.00612155
         990    0.802508    0.827804  0.00611542
         991     0.80237    0.827778   0.0061093
         992    0.802242    0.827752  0.00610319
         993    0.802125    0.827726   0.0060971
         994    0.802019    0.827701  0.00609102
         995    0.801923    0.827675  0.00608496
         996    0.801838    0.827649   0.0060789
         997    0.801765    0.827623  0.00607286
         998    0.801704    0.827597  0.00606683
         999    0.801657    0.827571  0.00606081
        1000    0.801622    0.827545  0.00605481
