           1    -7.85022    -7.85022           0
           2    -7.84953    -7.84988 0.000245223
           3    -7.84838    -7.84938 0.000440188
           4    -7.84676    -7.84872 0.000655649
           5    -7.84469    -7.84792 0.000892557
           6    -7.84215    -7.84695  0.00114981
           7    -7.83916    -7.84584  0.00142614
           8    -7.83571    -7.84458   0.0017204
           9    -7.83149    -7.84312    0.002054
          10    -7.82713    -7.84152  0.00239147
          11    -7.82199    -7.83975  0.00275529
          12    -7.81576    -7.83775  0.00316869
          13    -7.80908    -7.83554  0.00361149
          14    -7.80131     -7.8331  0.00409845
          15     -7.7931    -7.83043  0.00461188
          16    -7.78315    -7.82748  0.00518467
          17    -7.77373    -7.82431  0.00576343
          18    -7.76259    -7.82089  0.00638245
          19     -7.7523    -7.81728  0.00699331
          20    -7.74124    -7.81347  0.00760704
          21    -7.72749    -7.80938  0.00827357
          22    -7.71558    -7.80512   0.0089288
          23    -7.70291    -7.80067  0.00958289
          24    -7.69012    -7.79607   0.0102309
          25     -7.6782    -7.79135   0.0108537
          26    -7.66424    -7.78646   0.0114847
          27    -7.65081    -7.78144   0.0121085
          28    -7.63631    -7.77626   0.0127371
          29    -7.62236    -7.77095   0.0133577
          30    -7.60767    -7.76551   0.0139774
          31    -7.59158     -7.7599   0.0146092
          32     -7.5767    -7.75417   0.0152331
          33    -7.56141    -7.74833   0.0158519
          34    -7.54635    -7.74239   0.0164612
          35    -7.53088    -7.73635   0.0170641
          36    -7.51437    -7.73018   0.0176691
          37    -7.49714    -7.72388   0.0182797
          38    -7.47886    -7.71743   0.0189016
          39    -7.46053    -7.71085   0.0195311
          40    -7.44214    -7.70413    0.020165
          41    -7.42338    -7.69728   0.0208033
          42    -7.40458    -7.69031   0.0214436
          43    -7.38606    -7.68324   0.0220814
          44    -7.36719    -7.67605   0.0227178
          45    -7.34668    -7.66873   0.0233624
          46    -7.32648    -7.66129   0.0240101
          47    -7.30659    -7.65375   0.0246568
          48    -7.28542    -7.64607   0.0253089
          49    -7.26524     -7.6383   0.0259584
          50    -7.24282    -7.63039    0.026617
          51    -7.22108    -7.62237   0.0272783
          52    -7.20004    -7.61424   0.0279366
          53    -7.17841    -7.60602   0.0285942
          54     -7.1562    -7.59769   0.0292528
          55    -7.13376    -7.58926   0.0299124
          56    -7.11077    -7.58071   0.0305742
          57     -7.0879    -7.57207   0.0312364
          58    -7.06418    -7.56331   0.0319016
          59    -7.04094    -7.55446   0.0325663
          60    -7.01818    -7.54552   0.0332274
          61    -6.99527     -7.5365    0.033885
          62    -6.97159    -7.52739   0.0345418
          63    -6.94747    -7.51818   0.0351987
          64    -6.92294    -7.50888   0.0358564
          65    -6.89962    -7.49951   0.0365093
          66    -6.87496    -7.49004   0.0371623
          67    -6.85091     -7.4805   0.0378121
          68    -6.82684    -7.47089   0.0384586
          69    -6.80343    -7.46122   0.0390988
          70    -6.77875    -7.45147   0.0397372
          71    -6.75508    -7.44166   0.0403699
          72    -6.73116    -7.43179   0.0409975
          73    -6.70765    -7.42187   0.0416187
          74    -6.68458    -7.41191   0.0422321
          75    -6.66164    -7.40191   0.0428374
          76    -6.63885    -7.39187   0.0434344
          77    -6.61624    -7.38179   0.0440228
          78    -6.59383    -7.37169   0.0446025
          79    -6.57164    -7.36156    0.045173
          80    -6.54969    -7.35142    0.045734
          81    -6.52735    -7.34124   0.0462872
          82    -6.50595    -7.33105   0.0468301
          83     -6.4842    -7.32085   0.0473644
          84    -6.46342    -7.31064   0.0478878
          85    -6.44299    -7.30044   0.0484001
          86    -6.42292    -7.29023    0.048901
          87    -6.40323    -7.28004   0.0493904
          88    -6.38362    -7.26985   0.0498685
          89    -6.36475    -7.25968   0.0503344
          90    -6.34632    -7.24953   0.0507879
          91    -6.32769     -7.2394   0.0512301
          92    -6.30985     -7.2293   0.0516601
          93    -6.29249    -7.21923   0.0520774
          94    -6.27562    -7.20919    0.052482
          95    -6.25926    -7.19919   0.0528735
          96    -6.24374    -7.18924   0.0532512
          97    -6.22874    -7.17933    0.053615
          98    -6.21429    -7.16949   0.0539646
          99    -6.20038     -7.1597   0.0543001
         100    -6.18702    -7.14997   0.0546213
         101    -6.17423    -7.14031   0.0549282
         102    -6.16167    -7.13072   0.0552213
         103    -6.15001    -7.12119      0.0555
         104     -6.1386    -7.11175   0.0557647
         105     -6.1284    -7.10238   0.0560145
         106    -6.11879     -7.0931   0.0562494
         107    -6.10942    -7.08391     0.05647
         108    -6.10031     -7.0748   0.0566767
         109    -6.09242    -7.06579   0.0568689
         110    -6.08477    -7.05687   0.0570469
         111    -6.07737    -7.04805   0.0572114
         112    -6.07085    -7.03932    0.057362
         113    -6.06489     -7.0307   0.0574989
         114     -6.0598    -7.02218   0.0576218
         115    -6.05493    -7.01377   0.0577313
         116    -6.05059    -7.00547   0.0578277
         117    -6.04678    -6.99727    0.057911
         118    -6.04316    -6.98919    0.057982
         119    -6.04037    -6.98121   0.0580404
         120    -6.03841    -6.97336    0.058086
         121    -6.03628    -6.96561     0.05812
         122    -6.03527    -6.95799   0.0581417
         123     -6.0344    -6.95048   0.0581519
         124    -6.03398    -6.94309   0.0581507
         125    -6.03431    -6.93582   0.0581382
         126    -6.03475    -6.92866   0.0581149
         127     -6.0356    -6.92163   0.0580812
         128    -6.03652    -6.91472   0.0580376
         129    -6.03815    -6.90792   0.0579842
         130    -6.04014    -6.90125   0.0579211
         131    -6.04249    -6.89469   0.0578487
         132     -6.0455    -6.88826   0.0577671
         133    -6.04884    -6.88195   0.0576765
         134    -6.05185    -6.87575   0.0575778
         135    -6.05547    -6.86968    0.057471
         136    -6.05938    -6.86372   0.0573564
         137    -6.06356    -6.85788   0.0572344
         138    -6.06766    -6.85215   0.0571053
         139    -6.07201    -6.84654   0.0569697
         140    -6.07659    -6.84104   0.0568276
         141    -6.08203    -6.83566   0.0566789
         142    -6.08735    -6.83039   0.0565242
         143     -6.0922    -6.82522   0.0563642
         144    -6.09788    -6.82017   0.0561986
         145     -6.1034    -6.81523    0.056028
         146    -6.10907    -6.81039   0.0558527
         147    -6.11584    -6.80567   0.0556722
         148    -6.12177    -6.80105   0.0554875
         149    -6.12717    -6.79653   0.0552991
         150    -6.13364    -6.79211   0.0551067
         151     -6.1402    -6.78779   0.0549106
         152    -6.14652    -6.78357   0.0547112
         153    -6.15323    -6.77945   0.0545085
         154    -6.16065    -6.77543   0.0543025
         155     -6.1678    -6.77151   0.0540934
         156    -6.17564    -6.76769   0.0538814
         157    -6.18286    -6.76397   0.0536668
         158    -6.18947    -6.76033   0.0534502
         159    -6.19641    -6.75678   0.0532315
         160    -6.20335    -6.75333   0.0530111
         161     -6.2103    -6.74995    0.052789
         162    -6.21724    -6.74666   0.0525655
         163    -6.22417    -6.74346   0.0523407
         164    -6.23042    -6.74033   0.0521149
         165    -6.23795    -6.73729   0.0518879
         166     -6.2448    -6.73432   0.0516601
         167     -6.2516    -6.73143   0.0514315
         168    -6.25805    -6.72861   0.0512025
         169    -6.26379    -6.72586   0.0509734
         170    -6.27013    -6.72318    0.050744
         171    -6.27673    -6.72057   0.0505144
         172    -6.28359    -6.71803   0.0502845
         173    -6.29006    -6.71555   0.0500547
         174    -6.29646    -6.71315   0.0498249
         175    -6.30278     -6.7108   0.0495953
         176    -6.30935    -6.70852    0.049366
         177    -6.31584     -6.7063   0.0491369
         178    -6.32191    -6.70414   0.0489083
         179    -6.32823    -6.70204   0.0486801
         180     -6.3338        -6.7   0.0484526
         181    -6.33993    -6.69801   0.0482258
         182    -6.34564    -6.69607   0.0479996
         183    -6.35124    -6.69419   0.0477743
         184    -6.35675    -6.69235   0.0475499
         185    -6.36248    -6.69057   0.0473263
         186    -6.36778    -6.68883   0.0471036
         187    -6.37232    -6.68714   0.0468821
         188    -6.37707    -6.68549   0.0466618
         189    -6.38301    -6.68389   0.0464423
         190    -6.38787    -6.68233    0.046224
         191    -6.39293    -6.68082   0.0460068
         192    -6.39788    -6.67934   0.0457908
         193    -6.40239    -6.67791    0.045576
         194    -6.40677    -6.67651   0.0453625
         195    -6.41135    -6.67515   0.0451503
         196    -6.41517    -6.67383   0.0449394
         197     -6.4195    -6.67253   0.0447298
         198    -6.42338    -6.67128   0.0445216
         199    -6.42714    -6.67005   0.0443148
         200    -6.43076    -6.66885   0.0441093
         201     -6.4349    -6.66769   0.0439052
         202    -6.43794    -6.66655   0.0437026
         203    -6.44149    -6.66544   0.0435014
         204    -6.44458    -6.66436   0.0433016
         205    -6.44721     -6.6633   0.0431034
         206    -6.44971    -6.66226   0.0429066
         207    -6.45239    -6.66125   0.0427113
         208    -6.45526    -6.66026   0.0425174
         209    -6.45864     -6.6593   0.0423249
         210     -6.4609    -6.65835   0.0421339
         211     -6.4627    -6.65742   0.0419444
         212    -6.46469    -6.65651   0.0417564
         213    -6.46653    -6.65562   0.0415699
         214    -6.46856    -6.65475   0.0413849
         215    -6.46979    -6.65389   0.0412013
         216    -6.47121    -6.65304   0.0410192
         217    -6.47152    -6.65221   0.0408387
         218    -6.47202    -6.65138   0.0406598
         219    -6.47173    -6.65056   0.0404824
         220    -6.47356    -6.64975   0.0403064
         221    -6.47429    -6.64896   0.0401318
         222    -6.47457    -6.64817   0.0399587
         223    -6.47503     -6.6474   0.0397871
         224    -6.47536    -6.64663   0.0396169
         225    -6.47556    -6.64587   0.0394481
         226    -6.47563    -6.64512   0.0392807
         227    -6.47493    -6.64437   0.0391148
         228    -6.47475    -6.64362   0.0389504
         229    -6.47445    -6.64288   0.0387873
         230    -6.47403    -6.64215   0.0386256
         231    -6.47415    -6.64142   0.0384652
         232    -6.47319     -6.6407   0.0383063
         233    -6.47211    -6.63997   0.0381487
         234    -6.47126    -6.63925   0.0379925
         235    -6.46999    -6.63853   0.0378376
         236    -6.46894    -6.63781   0.0376841
         237    -6.46716    -6.63709    0.037532
         238    -6.46594    -6.63638   0.0373812
         239    -6.46496    -6.63566   0.0372317
         240    -6.46391    -6.63494   0.0370834
         241    -6.46181    -6.63422   0.0369365
         242    -6.45997     -6.6335   0.0367909
         243    -6.45807    -6.63278   0.0366466
         244    -6.45644    -6.63206   0.0365035
         245    -6.45477    -6.63134   0.0363617
         246    -6.45402    -6.63061    0.036221
         247    -6.45291     -6.6299   0.0360815
         248    -6.45113    -6.62917   0.0359432
         249    -6.44932    -6.62845   0.0358061
         250    -6.44781    -6.62773   0.0356702
         251    -6.44662    -6.62701   0.0355354
         252    -6.44509    -6.62629   0.0354017
         253    -6.44356    -6.62556   0.0352691
         254    -6.44139    -6.62484   0.0351377
         255    -6.43923    -6.62411   0.0350075
         256    -6.43709    -6.62338   0.0348783
         257    -6.43594    -6.62265   0.0347502
         258    -6.43449    -6.62192   0.0346232
         259    -6.43275    -6.62119   0.0344972
         260    -6.43137    -6.62046   0.0343723
         261    -6.42907    -6.61973   0.0342484
         262    -6.42746    -6.61899   0.0341255
         263     -6.4259    -6.61826   0.0340037
         264    -6.42473    -6.61753   0.0338828
         265    -6.42329    -6.61679   0.0337629
         266    -6.42224    -6.61606   0.0336438
         267    -6.42224    -6.61534   0.0335257
         268    -6.42101    -6.61461   0.0334084
         269    -6.41987    -6.61389   0.0332921
         270     -6.4188    -6.61316   0.0331766
         271    -6.41782    -6.61244    0.033062
         272    -6.41692    -6.61173   0.0329483
         273    -6.41611    -6.61101   0.0328354
         274     -6.4154    -6.61029   0.0327233
         275    -6.41478    -6.60958    0.032612
         276    -6.41394    -6.60888   0.0325016
         277    -6.41287    -6.60817   0.0323919
         278    -6.41222    -6.60746   0.0322831
         279      -6.412    -6.60676    0.032175
         280    -6.41188    -6.60607   0.0320676
         281    -6.41219    -6.60538   0.0319609
         282    -6.41227    -6.60469   0.0318549
         283    -6.41246    -6.60401   0.0317496
         284    -6.41308    -6.60334   0.0316449
         285    -6.41347    -6.60267   0.0315409
         286    -6.41268    -6.60201   0.0314376
         287    -6.41295    -6.60135   0.0313349
         288    -6.41366     -6.6007   0.0312329
         289    -6.41446    -6.60005   0.0311315
         290    -6.41536    -6.59942   0.0310307
         291    -6.41571    -6.59879   0.0309304
         292    -6.41681    -6.59816   0.0308308
         293    -6.41768    -6.59755   0.0307317
         294    -6.41962    -6.59694   0.0306332
         295    -6.42036    -6.59634   0.0305352
         296    -6.42216    -6.59575   0.0304377
         297    -6.42372    -6.59518   0.0303407
         298    -6.42537    -6.59461   0.0302442
         299    -6.42711    -6.59405   0.0301483
         300    -6.42924     -6.5935   0.0300528
         301    -6.43146    -6.59296   0.0299578
         302    -6.43342    -6.59243   0.0298632
         303    -6.43579    -6.59191   0.0297691
         304    -6.43822    -6.59141   0.0296755
         305     -6.4404    -6.59091   0.0295823
         306    -6.44265    -6.59043   0.0294896
         307    -6.44495    -6.58995   0.0293974
         308    -6.44763    -6.58949   0.0293056
         309    -6.44973    -6.58904   0.0292142
         310    -6.45284     -6.5886   0.0291233
         311    -6.45536    -6.58817   0.0290328
         312    -6.45728    -6.58775   0.0289428
         313    -6.45956    -6.58734   0.0288532
         314     -6.4622    -6.58694   0.0287641
         315     -6.4652    -6.58656   0.0286753
         316    -6.46824    -6.58618    0.028587
         317    -6.47065    -6.58582   0.0284992
         318    -6.47341    -6.58546   0.0284117
         319    -6.47651    -6.58512   0.0283247
         320    -6.47931    -6.58479   0.0282382
         321     -6.4818    -6.58447    0.028152
         322    -6.48461    -6.58416   0.0280663
         323    -6.48711    -6.58386    0.027981
         324    -6.48994    -6.58357   0.0278961
         325    -6.49308    -6.58329   0.0278117
         326    -6.49525    -6.58302   0.0277277
         327    -6.49805    -6.58276   0.0276441
         328    -6.50117    -6.58251    0.027561
         329    -6.50394    -6.58228   0.0274782
         330    -6.50733    -6.58205   0.0273959
         331     -6.5107    -6.58183    0.027314
         332    -6.51307    -6.58163   0.0272325
         333    -6.51573    -6.58143   0.0271514
         334    -6.51932    -6.58124   0.0270708
         335    -6.52189    -6.58106   0.0269905
         336    -6.52474     -6.5809   0.0269107
         337    -6.52721    -6.58074   0.0268314
         338    -6.52963    -6.58059   0.0267524
         339    -6.53199    -6.58044   0.0266739
         340    -6.53461    -6.58031   0.0265958
         341    -6.53651    -6.58018   0.0265181
         342    -6.53867    -6.58006   0.0264408
         343    -6.54043    -6.57994    0.026364
         344    -6.54276    -6.57983   0.0262876
         345    -6.54468    -6.57973   0.0262116
         346    -6.54652    -6.57964    0.026136
         347    -6.54925    -6.57955   0.0260608
         348    -6.55123    -6.57947    0.025986
         349    -6.55248    -6.57939   0.0259117
         350    -6.55396    -6.57932   0.0258378
         351    -6.55502    -6.57925   0.0257642
         352    -6.55631    -6.57918   0.0256911
         353    -6.55815    -6.57912   0.0256184
         354    -6.55957    -6.57907   0.0255461
         355    -6.56024    -6.57902   0.0254742
         356    -6.56114    -6.57897   0.0254027
         357    -6.56161    -6.57892   0.0253316
         358    -6.56264    -6.57887   0.0252609
         359    -6.56325    -6.57883   0.0251906
         360    -6.56441    -6.57879   0.0251206
         361    -6.56419    -6.57875   0.0250511
         362     -6.5642    -6.57871   0.0249819
         363    -6.56445    -6.57867   0.0249131
         364    -6.56495    -6.57863   0.0248447
         365    -6.56601     -6.5786   0.0247766
         366    -6.56538    -6.57856    0.024709
         367    -6.56598    -6.57853   0.0246417
         368    -6.56587    -6.57849   0.0245747
         369    -6.56537    -6.57846   0.0245082
         370     -6.5645    -6.57842   0.0244419
         371    -6.56455    -6.57838   0.0243761
         372    -6.56424    -6.57834   0.0243106
         373    -6.56357     -6.5783   0.0242455
         374     -6.5632    -6.57826   0.0241807
         375    -6.56184    -6.57822   0.0241162
         376    -6.56176    -6.57817   0.0240521
         377    -6.56104    -6.57813   0.0239884
         378    -6.56063    -6.57808   0.0239249
         379    -6.55928    -6.57803   0.0238619
         380    -6.55956    -6.57798   0.0237991
         381    -6.55922    -6.57794   0.0237367
         382    -6.55924    -6.57789   0.0236746
         383    -6.55898    -6.57784   0.0236129
         384     -6.5578    -6.57779   0.0235514
         385    -6.55798    -6.57773   0.0234903
         386    -6.55789    -6.57768   0.0234295
         387    -6.55756    -6.57763    0.023369
         388     -6.5573    -6.57758   0.0233089
         389     -6.5581    -6.57753    0.023249
         390    -6.55834    -6.57748   0.0231894
         391    -6.55868    -6.57743   0.0231302
         392    -6.55977    -6.57739   0.0230712
         393    -6.56064    -6.57734   0.0230125
         394    -6.56032     -6.5773   0.0229542
         395    -6.56108    -6.57726   0.0228961
         396    -6.56228    -6.57722   0.0228383
         397    -6.56294    -6.57718   0.0227808
         398    -6.56437    -6.57715   0.0227236
         399    -6.56656    -6.57713   0.0226667
         400    -6.56854     -6.5771     0.02261
         401    -6.56901    -6.57708   0.0225536
         402    -6.57089    -6.57707   0.0224975
         403    -6.57191    -6.57706   0.0224417
         404    -6.57401    -6.57705   0.0223862
         405    -6.57588    -6.57705   0.0223309
         406    -6.57818    -6.57705   0.0222759
         407    -6.58057    -6.57706   0.0222212
         408    -6.58369    -6.57707   0.0221667
         409    -6.58561    -6.57709   0.0221125
         410    -6.58793    -6.57712   0.0220586
         411    -6.59033    -6.57715    0.022005
         412    -6.59246    -6.57719   0.0219516
         413    -6.59498    -6.57723   0.0218985
         414     -6.5982    -6.57728   0.0218456
         415    -6.60017    -6.57734   0.0217931
         416    -6.60251     -6.5774   0.0217408
         417    -6.60521    -6.57747   0.0216887
         418    -6.60761    -6.57754    0.021637
         419    -6.60939    -6.57761   0.0215854
         420    -6.61248     -6.5777   0.0215342
         421    -6.61493    -6.57779   0.0214832
         422    -6.61771    -6.57788   0.0214325
         423    -6.62016    -6.57798   0.0213821
         424    -6.62261    -6.57809   0.0213319
         425    -6.62472     -6.5782    0.021282
         426    -6.62713    -6.57831   0.0212324
         427    -6.63049    -6.57843    0.021183
         428    -6.63318    -6.57856   0.0211339
         429    -6.63615    -6.57869   0.0210851
         430    -6.63909    -6.57884   0.0210365
         431    -6.64135    -6.57898   0.0209882
         432    -6.64324    -6.57913   0.0209401
         433    -6.64508    -6.57928   0.0208923
         434    -6.64752    -6.57944   0.0208448
         435     -6.6499     -6.5796   0.0207975
         436    -6.65256    -6.57977   0.0207505
         437     -6.6558    -6.57994   0.0207037
         438    -6.65801    -6.58012   0.0206572
         439    -6.65984     -6.5803   0.0206109
         440    -6.66161    -6.58049   0.0205649
         441    -6.66331    -6.58067   0.0205192
         442    -6.66592    -6.58087   0.0204736
         443    -6.66781    -6.58106   0.0204284
         444    -6.66899    -6.58126   0.0203833
         445    -6.67075    -6.58146   0.0203385
         446    -6.67244    -6.58167   0.0202939
         447    -6.67405    -6.58187   0.0202496
         448    -6.67495    -6.58208   0.0202054
         449     -6.6761    -6.58229   0.0201615
         450    -6.67782     -6.5825   0.0201178
         451    -6.68013    -6.58272   0.0200744
         452    -6.68106    -6.58294   0.0200312
         453    -6.68289    -6.58316   0.0199882
         454    -6.68336    -6.58338   0.0199454
         455    -6.68408     -6.5836   0.0199027
         456    -6.68472    -6.58382   0.0198603
         457    -6.68594    -6.58404   0.0198181
         458    -6.68741    -6.58427   0.0197761
         459    -6.68783     -6.5845   0.0197343
         460    -6.68819    -6.58472   0.0196927
         461    -6.68944    -6.58495   0.0196513
         462    -6.68965    -6.58517   0.0196101
         463    -6.69075     -6.5854   0.0195691
         464    -6.69082    -6.58563   0.0195282
         465    -6.69081    -6.58586   0.0194875
         466    -6.69105    -6.58608    0.019447
         467     -6.6909    -6.58631   0.0194067
         468      -6.691    -6.58653   0.0193665
         469    -6.69102    -6.58675   0.0193265
         470     -6.6913    -6.58698   0.0192866
         471    -6.69151     -6.5872    0.019247
         472    -6.69035    -6.58742   0.0192074
         473     -6.6901    -6.58763    0.019168
         474     -6.6901    -6.58785   0.0191288
         475    -6.69036    -6.58807   0.0190898
         476     -6.6899    -6.58828   0.0190509
         477    -6.68937    -6.58849   0.0190121
         478     -6.6891     -6.5887   0.0189735
         479    -6.68909    -6.58891    0.018935
         480    -6.68804    -6.58912   0.0188967
         481    -6.68725    -6.58932   0.0188585
         482    -6.68608    -6.58952   0.0188205
         483    -6.68516    -6.58972   0.0187826
         484    -6.68451    -6.58992   0.0187448
         485    -6.68348    -6.59011   0.0187071
         486    -6.68272     -6.5903   0.0186696
         487     -6.6819    -6.59049   0.0186322
         488    -6.68038    -6.59067   0.0185949
         489    -6.67978    -6.59085   0.0185578
         490    -6.67817    -6.59103   0.0185208
         491    -6.67683    -6.59121   0.0184839
         492    -6.67545    -6.59138   0.0184471
         493    -6.67338    -6.59154   0.0184104
         494    -6.67193    -6.59171   0.0183739
         495    -6.67012    -6.59187   0.0183375
         496    -6.66763    -6.59202   0.0183011
         497    -6.66673    -6.59217   0.0182649
         498    -6.66485    -6.59231   0.0182288
         499    -6.66326    -6.59246   0.0181928
         500    -6.66231     -6.5926    0.018157
         501    -6.66071    -6.59273   0.0181213
         502    -6.65942    -6.59287   0.0180857
         503     -6.6578    -6.59299   0.0180502
         504    -6.65586    -6.59312   0.0180148
         505    -6.65425    -6.59324   0.0179795
         506    -6.65363    -6.59336   0.0179444
         507    -6.65141    -6.59347   0.0179093
         508    -6.64953    -6.59358   0.0178744
         509    -6.64833    -6.59369   0.0178396
         510    -6.64716     -6.5938    0.017805
         511    -6.64538     -6.5939   0.0177704
         512    -6.64494      -6.594    0.017736
         513    -6.64357    -6.59409   0.0177017
         514    -6.64192    -6.59419   0.0176675
         515    -6.64033    -6.59428   0.0176334
         516    -6.63913    -6.59436   0.0175994
         517    -6.63734    -6.59445   0.0175656
         518    -6.63562    -6.59453   0.0175319
         519    -6.63494     -6.5946   0.0174983
         520    -6.63338    -6.59468   0.0174648
         521    -6.63286    -6.59475   0.0174314
         522    -6.63178    -6.59482   0.0173981
         523    -6.63143    -6.59489    0.017365
         524    -6.63085    -6.59496    0.017332
         525    -6.63036    -6.59503   0.0172991
         526    -6.62965    -6.59509   0.0172664
         527    -6.62935    -6.59516   0.0172337
         528    -6.62949    -6.59522   0.0172012
         529    -6.62875    -6.59529   0.0171688
         530    -6.62877    -6.59535   0.0171365
         531    -6.62889    -6.59541   0.0171044
         532    -6.62944    -6.59548   0.0170724
         533    -6.62978    -6.59554   0.0170404
         534    -6.63023    -6.59561   0.0170087
         535    -6.63046    -6.59567    0.016977
         536    -6.63113    -6.59574   0.0169454
         537     -6.6319    -6.59581    0.016914
         538    -6.63279    -6.59588   0.0168827
         539     -6.6341    -6.59595   0.0168516
         540     -6.6352    -6.59602   0.0168205
         541     -6.6364    -6.59609   0.0167896
         542     -6.6377    -6.59617   0.0167588
         543    -6.63879    -6.59625   0.0167281
         544    -6.63964    -6.59633   0.0166975
         545    -6.64189    -6.59641   0.0166671
         546    -6.64359     -6.5965   0.0166368
         547    -6.64602    -6.59659   0.0166066
         548    -6.64822    -6.59668   0.0165766
         549    -6.65051    -6.59678   0.0165467
         550    -6.65222    -6.59688   0.0165169
         551    -6.65531    -6.59699   0.0164873
         552    -6.65751     -6.5971   0.0164578
         553    -6.65977    -6.59721   0.0164284
         554    -6.66211    -6.59733   0.0163992
         555     -6.6645    -6.59745   0.0163701
         556    -6.66728    -6.59757   0.0163411
         557    -6.66978     -6.5977   0.0163123
         558    -6.67234    -6.59784   0.0162836
         559    -6.67558    -6.59798   0.0162551
         560    -6.67822    -6.59812   0.0162267
         561    -6.68187    -6.59827   0.0161984
         562    -6.68523    -6.59842   0.0161703
         563    -6.68764    -6.59858   0.0161424
         564    -6.69008    -6.59875   0.0161146
         565    -6.69318    -6.59891   0.0160869
         566    -6.69597    -6.59908   0.0160594
         567    -6.69812    -6.59926   0.0160321
         568    -6.70061    -6.59944   0.0160048
         569    -6.70439    -6.59962   0.0159778
         570    -6.70719    -6.59981   0.0159508
         571    -6.70999        -6.6   0.0159241
         572    -6.71246     -6.6002   0.0158974
         573    -6.71524     -6.6004    0.015871
         574      -6.718    -6.60061   0.0158446
         575    -6.72042    -6.60081   0.0158185
         576    -6.72313    -6.60103   0.0157924
         577    -6.72582    -6.60124   0.0157665
         578    -6.72815    -6.60146   0.0157408
         579    -6.73045    -6.60168   0.0157152
         580    -6.73304    -6.60191   0.0156897
         581    -6.73495    -6.60214   0.0156644
         582    -6.73811    -6.60237   0.0156392
         583    -6.74091    -6.60261   0.0156142
         584    -6.74366    -6.60285   0.0155893
         585    -6.74539     -6.6031   0.0155646
         586    -6.74772    -6.60334     0.01554
         587    -6.75129     -6.6036   0.0155155
         588     -6.7532    -6.60385   0.0154912
         589    -6.75473    -6.60411   0.0154671
         590    -6.75653    -6.60436    0.015443
         591    -6.75893    -6.60463   0.0154191
         592    -6.76126    -6.60489   0.0153953
         593    -6.76354    -6.60516   0.0153717
         594    -6.76447    -6.60543   0.0153481
         595    -6.76566     -6.6057   0.0153247
         596    -6.76744    -6.60597   0.0153014
         597    -6.76981    -6.60624   0.0152782
         598    -6.77115    -6.60652   0.0152552
         599    -6.77243    -6.60679   0.0152322
         600    -6.77364    -6.60707   0.0152094
         601    -6.77577    -6.60735   0.0151866
         602    -6.77687    -6.60763    0.015164
         603    -6.77856    -6.60792   0.0151415
         604    -6.77954     -6.6082   0.0151191
         605    -6.78079    -6.60849   0.0150968
         606    -6.78166    -6.60877   0.0150746
         607    -6.78279    -6.60906   0.0150525
         608    -6.78484    -6.60935   0.0150305
         609    -6.78553    -6.60964   0.0150086
         610     -6.7865    -6.60993   0.0149868
         611    -6.78773    -6.61022   0.0149651
         612    -6.78923    -6.61051   0.0149435
         613    -6.78939     -6.6108    0.014922
         614    -6.79014     -6.6111   0.0149005
         615    -6.79051    -6.61139   0.0148792
         616    -6.79212    -6.61168   0.0148579
         617    -6.79271    -6.61197   0.0148367
         618    -6.79325    -6.61227   0.0148156
         619    -6.79341    -6.61256   0.0147946
         620    -6.79418    -6.61285   0.0147736
         621    -6.79489    -6.61315   0.0147527
         622    -6.79555    -6.61344   0.0147319
         623    -6.79551    -6.61373   0.0147112
         624    -6.79607    -6.61402   0.0146905
         625    -6.79626    -6.61432   0.0146699
         626    -6.79607    -6.61461   0.0146493
         627    -6.79714     -6.6149   0.0146289
         628    -6.79718    -6.61519   0.0146084
         629    -6.79751    -6.61548   0.0145881
         630    -6.79714    -6.61577   0.0145678
         631    -6.79704    -6.61605   0.0145475
         632     -6.7969    -6.61634   0.0145273
         633    -6.79671    -6.61662   0.0145072
         634    -6.79647    -6.61691   0.0144871
         635    -6.79586    -6.61719    0.014467
         636    -6.79585    -6.61747    0.014447
         637    -6.79612    -6.61775    0.014427
         638     -6.7957    -6.61803   0.0144071
         639    -6.79458    -6.61831   0.0143872
         640    -6.79407    -6.61858   0.0143673
         641    -6.79319    -6.61885   0.0143475
         642    -6.79291    -6.61912   0.0143277
         643    -6.79225    -6.61939    0.014308
         644    -6.79123    -6.61966   0.0142882
         645    -6.79048    -6.61992   0.0142685
         646    -6.78968    -6.62019   0.0142489
         647    -6.78915    -6.62045   0.0142292
         648    -6.78923    -6.62071   0.0142097
         649    -6.78796    -6.62097   0.0141901
         650    -6.78697    -6.62122   0.0141706
         651    -6.78528    -6.62147   0.0141511
         652    -6.78354    -6.62172   0.0141315
         653    -6.78272    -6.62197    0.014112
         654    -6.78186    -6.62221   0.0140926
         655    -6.78029    -6.62246   0.0140731
         656    -6.77868    -6.62269   0.0140537
         657    -6.77799    -6.62293   0.0140343
         658    -6.77563    -6.62316   0.0140149
         659    -6.77484    -6.62339   0.0139955
         660    -6.77303    -6.62362   0.0139761
         661    -6.77053    -6.62384   0.0139568
         662    -6.76992    -6.62406   0.0139374
         663    -6.76731    -6.62428   0.0139181
         664    -6.76434    -6.62449   0.0138987
         665    -6.76261     -6.6247   0.0138794
         666    -6.75987     -6.6249     0.01386
         667    -6.75838     -6.6251   0.0138407
         668    -6.75652     -6.6253   0.0138213
         669    -6.75429    -6.62549    0.013802
         670    -6.75267    -6.62568   0.0137827
         671    -6.75068    -6.62587   0.0137635
         672    -6.74866    -6.62605   0.0137442
         673    -6.74628    -6.62623   0.0137249
         674    -6.74451     -6.6264   0.0137057
         675    -6.74239    -6.62657   0.0136865
         676    -6.74024    -6.62674   0.0136672
         677    -6.73838    -6.62691   0.0136481
         678    -6.73682    -6.62707   0.0136289
         679    -6.73459    -6.62723   0.0136097
         680    -6.73201    -6.62738   0.0135906
         681    -6.72941    -6.62753   0.0135715
         682     -6.7268    -6.62768   0.0135523
         683    -6.72418    -6.62782   0.0135332
         684    -6.72155    -6.62796   0.0135141
         685     -6.7202    -6.62809   0.0134951
         686    -6.71788    -6.62822    0.013476
         687    -6.71492    -6.62835    0.013457
         688     -6.7126    -6.62847    0.013438
         689    -6.70932    -6.62859    0.013419
         690    -6.70702     -6.6287   0.0134001
         691    -6.70538    -6.62881   0.0133811
         692    -6.70278    -6.62892   0.0133622
         693    -6.70052    -6.62902   0.0133433
         694    -6.69892    -6.62912   0.0133245
         695    -6.69703    -6.62922   0.0133057
         696    -6.69548    -6.62932   0.0132869
         697    -6.69364    -6.62941   0.0132682
         698     -6.6915     -6.6295   0.0132494
         699    -6.68875    -6.62958   0.0132308
         700    -6.68699    -6.62966   0.0132121
         701     -6.6843    -6.62974   0.0131935
         702    -6.68197    -6.62982   0.0131749
         703    -6.67968    -6.62989   0.0131564
         704    -6.67775    -6.62995   0.0131379
         705     -6.6765    -6.63002   0.0131194
         706    -6.67368    -6.63008   0.0131009
         707    -6.67219    -6.63014   0.0130826
         708    -6.67042     -6.6302   0.0130642
         709    -6.66901    -6.63025   0.0130459
         710    -6.66796    -6.63031   0.0130276
         711    -6.66599    -6.63036   0.0130094
         712    -6.66437     -6.6304   0.0129912
         713     -6.6628    -6.63045   0.0129731
         714    -6.66158    -6.63049    0.012955
         715     -6.6604    -6.63054   0.0129369
         716     -6.6586    -6.63057   0.0129189
         717    -6.65716    -6.63061   0.0129009
         718    -6.65576    -6.63065    0.012883
         719     -6.6547    -6.63068   0.0128652
         720    -6.65302    -6.63071   0.0128473
         721    -6.65104    -6.63074   0.0128295
         722    -6.64941    -6.63077   0.0128118
         723    -6.64651    -6.63079   0.0127941
         724    -6.64557    -6.63081   0.0127764
         725    -6.64432    -6.63083   0.0127588
         726    -6.64276    -6.63084   0.0127413
         727    -6.64186    -6.63086   0.0127237
         728    -6.64064    -6.63087   0.0127063
         729    -6.63942    -6.63088   0.0126888
         730    -6.63788    -6.63089   0.0126715
         731    -6.63667     -6.6309   0.0126541
         732    -6.63577    -6.63091   0.0126369
         733     -6.6352    -6.63091   0.0126196
         734    -6.63364    -6.63092   0.0126024
         735    -6.63175    -6.63092   0.0125853
         736    -6.63081    -6.63092   0.0125682
         737    -6.62954    -6.63092   0.0125511
         738    -6.62922    -6.63091   0.0125341
         739    -6.62758    -6.63091   0.0125172
         740    -6.62592     -6.6309   0.0125002
         741    -6.62489    -6.63089   0.0124834
         742     -6.6235    -6.63088   0.0124666
         743    -6.62176    -6.63087   0.0124498
         744    -6.62031    -6.63086   0.0124331
         745    -6.61948    -6.63084   0.0124164
         746    -6.61797    -6.63083   0.0123997
         747     -6.6161    -6.63081   0.0123832
         748    -6.61452    -6.63078   0.0123666
         749     -6.6129    -6.63076   0.0123501
         750    -6.61092    -6.63073   0.0123337
         751    -6.60955    -6.63071   0.0123173
         752    -6.60846    -6.63068    0.012301
         753    -6.60668    -6.63064   0.0122847
         754    -6.60357    -6.63061   0.0122684
         755    -6.60075    -6.63057   0.0122522
         756    -6.59853    -6.63053   0.0122361
         757     -6.5966    -6.63048     0.01222
         758    -6.59496    -6.63043    0.012204
         759    -6.59327    -6.63039    0.012188
         760    -6.59154    -6.63033   0.0121721
         761    -6.58945    -6.63028   0.0121562
         762      -6.587    -6.63022   0.0121404
         763    -6.58419    -6.63016   0.0121246
         764    -6.58199     -6.6301   0.0121089
         765    -6.58007    -6.63003   0.0120933
         766    -6.57748    -6.62997   0.0120777
         767    -6.57518    -6.62989   0.0120621
         768    -6.57317    -6.62982   0.0120467
         769    -6.57081    -6.62974   0.0120312
         770    -6.56842    -6.62966   0.0120159
         771    -6.56601    -6.62958   0.0120006
         772    -6.56358     -6.6295   0.0119853
         773    -6.56112    -6.62941   0.0119702
         774    -6.55865    -6.62932    0.011955
         775    -6.55583    -6.62922     0.01194
         776    -6.55366    -6.62912    0.011925
         777    -6.55115    -6.62902   0.0119101
         778    -6.54863    -6.62892   0.0118952
         779    -6.54611    -6.62881   0.0118804
         780    -6.54423    -6.62871   0.0118657
         781    -6.54172    -6.62859    0.011851
         782    -6.53953    -6.62848   0.0118364
         783    -6.53734    -6.62836   0.0118219
         784    -6.53485    -6.62824   0.0118074
         785    -6.53236    -6.62812    0.011793
         786     -6.5299      -6.628   0.0117786
         787    -6.52713    -6.62787   0.0117644
         788    -6.52503    -6.62774   0.0117502
         789    -6.52361    -6.62761    0.011736
         790     -6.5219    -6.62747   0.0117219
         791    -6.52022    -6.62734   0.0117079
         792    -6.51826     -6.6272   0.0116939
         793    -6.51569    -6.62706     0.01168
         794    -6.51349    -6.62692   0.0116662
         795    -6.51133    -6.62677   0.0116524
         796    -6.50923    -6.62662   0.0116387
         797    -6.50719    -6.62647   0.0116251
         798    -6.50423    -6.62632   0.0116115
         799    -6.50262    -6.62617    0.011598
         800    -6.50012    -6.62601   0.0115846
         801    -6.49833    -6.62585   0.0115712
         802    -6.49726    -6.62569   0.0115579
         803    -6.49561    -6.62553   0.0115446
         804    -6.49501    -6.62536   0.0115314
         805    -6.49287     -6.6252   0.0115183
         806    -6.49082    -6.62503   0.0115052
         807     -6.4895    -6.62486   0.0114922
         808    -6.48859     -6.6247   0.0114792
         809    -6.48744    -6.62453   0.0114662
         810    -6.48704    -6.62436   0.0114533
         811    -6.48673    -6.62419   0.0114405
         812    -6.48555    -6.62402   0.0114277
         813    -6.48512    -6.62385   0.0114149
         814    -6.48414    -6.62367   0.0114021
         815    -6.48391     -6.6235   0.0113894
         816    -6.48346    -6.62333   0.0113768
         817    -6.48312    -6.62316   0.0113641
         818    -6.48288    -6.62299   0.0113515
         819    -6.48275    -6.62282    0.011339
         820    -6.48273    -6.62265   0.0113264
         821    -6.48315    -6.62248   0.0113139
         822    -6.48334    -6.62231   0.0113014
         823    -6.48398    -6.62214   0.0112889
         824    -6.48439    -6.62197   0.0112765
         825     -6.4846     -6.6218    0.011264
         826    -6.48556    -6.62164   0.0112516
         827    -6.48631    -6.62148   0.0112392
         828    -6.48716    -6.62131   0.0112268
         829    -6.48845    -6.62115   0.0112144
         830    -6.48984      -6.621    0.011202
         831    -6.49102    -6.62084   0.0111896
         832    -6.49229    -6.62068   0.0111772
         833    -6.49367    -6.62053   0.0111648
         834     -6.4958    -6.62038   0.0111525
         835    -6.49738    -6.62023   0.0111401
         836    -6.49873    -6.62009   0.0111277
         837    -6.50082    -6.61995   0.0111153
         838    -6.50235    -6.61981   0.0111029
         839    -6.50526    -6.61967   0.0110905
         840    -6.50761    -6.61954   0.0110781
         841    -6.50972    -6.61941   0.0110657
         842     -6.5119    -6.61928   0.0110533
         843     -6.5135    -6.61915   0.0110409
         844    -6.51582    -6.61903   0.0110285
         845    -6.51821    -6.61891   0.0110161
         846    -6.52065     -6.6188   0.0110037
         847    -6.52283    -6.61868   0.0109913
         848    -6.52473    -6.61857   0.0109789
         849    -6.52766    -6.61846   0.0109665
         850    -6.52997    -6.61836   0.0109541
         851    -6.53297    -6.61826   0.0109417
         852    -6.53536    -6.61816   0.0109293
         853    -6.53744    -6.61807   0.0109169
         854     -6.5402    -6.61798   0.0109045
         855    -6.54266    -6.61789   0.0108921
         856    -6.54512     -6.6178   0.0108797
         857    -6.54791    -6.61772   0.0108673
         858    -6.55136    -6.61764   0.0108549
         859    -6.55415    -6.61757   0.0108425
         860    -6.55661     -6.6175   0.0108301
         861    -6.55938    -6.61743   0.0108178
         862    -6.56213    -6.61737   0.0108054
         863    -6.56519    -6.61731    0.010793
         864     -6.5679    -6.61725   0.0107807
         865     -6.5709     -6.6172   0.0107684
         866    -6.57387    -6.61715   0.0107561
         867     -6.5768     -6.6171   0.0107438
         868    -6.57905    -6.61706   0.0107315
         869    -6.58157    -6.61702   0.0107192
         870    -6.58372    -6.61698   0.0107069
         871    -6.58583    -6.61694   0.0106947
         872    -6.58691    -6.61691   0.0106825
         873    -6.58955    -6.61688   0.0106703
         874    -6.59182    -6.61685   0.0106581
         875    -6.59402    -6.61682    0.010646
         876    -6.59681     -6.6168   0.0106339
         877    -6.59889    -6.61678   0.0106218
         878    -6.60187    -6.61676   0.0106097
         879    -6.60382    -6.61675   0.0105976
         880    -6.60505    -6.61673   0.0105856
         881    -6.60686    -6.61672   0.0105736
         882    -6.60827    -6.61671   0.0105616
         883    -6.61091    -6.61671   0.0105496
         884    -6.61218     -6.6167   0.0105377
         885    -6.61306     -6.6167   0.0105258
         886    -6.61452    -6.61669   0.0105139
         887    -6.61558    -6.61669   0.0105021
         888    -6.61689    -6.61669   0.0104902
         889    -6.61781    -6.61669   0.0104784
         890    -6.61962     -6.6167   0.0104667
         891    -6.62072     -6.6167   0.0104549
         892    -6.62174    -6.61671   0.0104432
         893    -6.62334    -6.61671   0.0104315
         894    -6.62389    -6.61672   0.0104198
         895    -6.62406    -6.61673   0.0104082
         896    -6.62447    -6.61674   0.0103966
         897    -6.62449    -6.61675    0.010385
         898    -6.62607    -6.61676   0.0103734
         899     -6.6266    -6.61677   0.0103619
         900    -6.62707    -6.61678   0.0103504
         901    -6.62748    -6.61679   0.0103389
         902    -6.62781    -6.61681   0.0103275
         903    -6.62776    -6.61682    0.010316
         904     -6.6283    -6.61683   0.0103046
         905    -6.62845    -6.61684   0.0102932
         906    -6.62886    -6.61686   0.0102819
         907    -6.62921    -6.61687   0.0102706
         908    -6.62854    -6.61688   0.0102593
         909    -6.62845     -6.6169    0.010248
         910    -6.62799    -6.61691   0.0102367
         911    -6.62812    -6.61692   0.0102255
         912    -6.62819    -6.61693   0.0102143
         913    -6.62789    -6.61694   0.0102031
         914    -6.62657    -6.61695    0.010192
         915    -6.62683    -6.61697   0.0101808
         916    -6.62638    -6.61698   0.0101697
         917     -6.6259    -6.61699   0.0101586
         918    -6.62537    -6.61699   0.0101476
         919     -6.6248      -6.617   0.0101365
         920    -6.62419    -6.61701   0.0101255
         921    -6.62354    -6.61702   0.0101145
         922    -6.62254    -6.61702   0.0101036
         923    -6.62182    -6.61703   0.0100926
         924    -6.62107    -6.61703   0.0100817
         925    -6.62159    -6.61704   0.0100708
         926    -6.62047    -6.61704   0.0100599
         927    -6.61931    -6.61704   0.0100491
         928    -6.61781    -6.61705   0.0100382
         929    -6.61727    -6.61705   0.0100274
         930    -6.61605    -6.61704   0.0100166
         931    -6.61449    -6.61704   0.0100059
         932    -6.61357    -6.61704  0.00999515
         933     -6.6123    -6.61703  0.00998444
         934    -6.61135    -6.61703  0.00997375
         935    -6.61072    -6.61702  0.00996309
         936     -6.6091    -6.61701  0.00995245
         937    -6.60813      -6.617  0.00994183
         938    -6.60683    -6.61699  0.00993124
         939    -6.60618    -6.61698  0.00992067
         940    -6.60521    -6.61697  0.00991012
         941    -6.60488    -6.61695   0.0098996
         942    -6.60391    -6.61694   0.0098891
         943     -6.6036    -6.61693  0.00987862
         944    -6.60199    -6.61691  0.00986817
         945    -6.60105    -6.61689  0.00985774
         946    -6.60043    -6.61688  0.00984734
         947    -6.59983    -6.61686  0.00983695
         948    -6.59827    -6.61684   0.0098266
         949     -6.5977    -6.61682  0.00981626
         950    -6.59682     -6.6168  0.00980595
         951    -6.59563    -6.61678  0.00979567
         952    -6.59381    -6.61675  0.00978541
         953    -6.59266    -6.61673  0.00977517
         954    -6.59184     -6.6167  0.00976496
         955    -6.59073    -6.61667  0.00975477
         956     -6.5893    -6.61664  0.00974461
         957    -6.58855    -6.61661  0.00973447
         958    -6.58781    -6.61658  0.00972436
         959    -6.58644    -6.61655  0.00971427
         960    -6.58575    -6.61652   0.0097042
         961    -6.58475    -6.61649  0.00969416
         962    -6.58377    -6.61645  0.00968414
         963    -6.58313    -6.61642  0.00967415
         964    -6.58187    -6.61638  0.00966418
         965     -6.5816    -6.61635  0.00965423
         966    -6.58102    -6.61631  0.00964431
         967    -6.58111    -6.61627   0.0096344
         968    -6.58057    -6.61624  0.00962452
         969    -6.58069     -6.6162  0.00961466
         970    -6.58051    -6.61616  0.00960482
         971     -6.5797    -6.61613    0.009595
         972    -6.57955    -6.61609   0.0095852
         973    -6.57878    -6.61605  0.00957543
         974    -6.57899    -6.61601  0.00956567
         975    -6.57922    -6.61598  0.00955594
         976    -6.57817    -6.61594  0.00954622
         977     -6.5781     -6.6159  0.00953653
         978    -6.57708    -6.61586  0.00952686
         979    -6.57672    -6.61582  0.00951721
         980    -6.57637    -6.61578  0.00950759
         981    -6.57604    -6.61574  0.00949798
         982     -6.5754     -6.6157   0.0094884
         983     -6.5751    -6.61565  0.00947884
         984    -6.57481    -6.61561  0.00946929
         985    -6.57388    -6.61557  0.00945978
         986    -6.57297    -6.61553  0.00945028
         987     -6.5724    -6.61548  0.00944081
         988    -6.57217    -6.61544  0.00943135
         989    -6.57162     -6.6154  0.00942192
         990    -6.57174    -6.61535  0.00941251
         991     -6.5709    -6.61531  0.00940312
         992     -6.5704    -6.61526  0.00939375
         993    -6.57089    -6.61522  0.00938439
         994    -6.57107    -6.61517  0.00937506
         995    -6.57094    -6.61513  0.00936574
         996    -6.57083    -6.61508  0.00935644
         997    -6.57074    -6.61504  0.00934716
         998    -6.57099      -6.615   0.0093379
         999     -6.5703    -6.61495  0.00932866
        1000    -6.56994    -6.61491  0.00931944
