3.56161
3.68404
3.4294
3.63859
3.44326
3.42046
3.56797
3.59259
3.71855
3.53981
3.58356
3.73678
3.36315
3.3933
3.63164
3.65298
3.36057
3.48442
3.78845
3.44249
3.5997
3.34043
3.42583
3.56195
3.55747
3.55561
3.75725
3.59211
3.43859
3.37848
3.57678
3.46132
3.4443
3.31458
3.66302
3.39564
3.49194
3.41681
3.41972
3.41741
3.50713
3.38524
3.67515
3.61421
3.76067
3.39822
3.26188
3.70005
3.87183
3.44658
3.29902
3.59069
3.69989
3.54298
3.54869
3.31488
3.39608
3.42812
3.51869
3.53353
3.73739
3.49578
3.28309
3.28859
3.31447
3.40852
3.44283
3.55355
3.44532
3.37595
3.64799
3.20741
3.78667
3.56737
3.35372
3.70403
3.46498
3.28076
3.28178
3.3087
3.39883
3.28996
3.50933
3.42383
3.43472
3.39182
3.45708
3.62563
3.718
3.32535
3.49858
3.48364
3.42095
3.48463
3.4125
3.535
3.54976
3.49742
3.34977
3.63537
3.60234
3.39126
3.7876
3.60823
3.69891
3.56911
3.59201
3.41468
3.55705
3.51614
3.41096
3.51538
3.53332
3.55981
3.81986
3.69663
3.25315
3.65497
3.39133
3.33242
3.55092
3.51582
3.46111
3.6044
3.49218
3.56679
3.41199
3.6015
3.39976
3.63396
3.39763
3.57123
3.40577
3.44914
3.62815
3.84443
3.30125
3.7383
3.28936
3.3554
3.80543
3.21634
3.41752
3.42925
3.42648
3.46002
3.45146
3.45839
3.38547
3.58094
3.38401
3.38994
3.42571
3.52042
3.73454
3.49612
3.57901
3.38824
3.46454
3.59923
3.61098
3.71698
3.40805
3.67337
3.31714
3.50398
3.48894
3.44456
3.69176
3.61264
3.69674
3.36128
3.14122
3.55512
3.44306
3.45718
3.61388
3.42812
3.62034
3.72799
3.51825
3.12377
3.48494
3.84432
3.55141
3.53743
3.58628
3.7224
3.45943
3.49425
3.4641
3.77452
3.30183
3.31647
3.23555
3.41107
3.59181
3.70321
3.39402
3.3161
3.78421
3.54475
3.49172
3.41822
3.23305
3.69301
3.72766
3.62873
3.49054
3.41029
3.61307
3.4689
3.51936
3.86804
3.58615
3.70814
3.79023
3.21753
3.79782
3.4352
3.28649
3.60435
3.59064
3.28392
3.18768
3.64853
3.59251
3.48571
3.65392
3.16229
3.5472
3.62049
3.43301
3.37713
3.45349
3.48797
3.46212
3.35229
3.38488
3.42119
3.6359
3.58634
3.36159
3.76415
3.51297
3.50381
3.29693
3.58546
3.38255
3.1388
3.73979
3.39981
3.41327
3.43735
3.68508
3.31919
3.40579
3.45045
3.57416
3.50576
3.47141
3.58967
3.55698
3.39813
3.40827
3.56717
3.68785
3.4831
3.49716
3.59204
3.72678
3.33453
3.58883
3.49473
3.51817
3.44139
3.45455
3.30168
3.5188
3.59678
3.72195
3.4817
3.5969
3.41983
3.61791
3.53631
3.57434
3.53229
3.44037
3.60562
3.58361
3.61174
3.53104
3.46183
3.81163
3.49338
3.57076
3.16216
3.45219
3.44202
3.56946
3.73306
3.38889
3.46644
3.4726
3.65757
3.48048
3.2978
3.50587
3.53776
3.5205
3.50406
3.63016
3.55409
3.34299
3.56222
3.5786
3.49357
3.49632
3.76037
3.49753
3.16859
3.6568
3.55129
3.36333
3.49826
3.50415
3.32955
3.79692
3.77428
3.33055
3.45396
3.34786
3.53297
3.40524
3.73731
3.41993
3.70561
3.61654
3.32518
3.40999
3.56869
3.31303
3.48569
3.63207
3.51622
3.71603
3.33223
3.44857
3.47574
3.52493
3.25082
3.38033
3.49005
3.53757
3.5041
3.61764
3.38649
3.60727
3.28389
3.40388
3.80559
3.55854
3.53397
3.31374
3.56113
3.58334
3.41524
3.39795
3.35323
3.48971
3.53488
3.46628
3.70661
3.47462
3.41156
3.18079
3.40573
3.44306
3.34848
3.5311
3.64868
3.59504
3.43619
3.56373
3.49184
3.5526
3.50695
3.4871
3.60703
3.69846
3.26262
3.27443
3.47307
3.64841
3.14795
3.43603
3.82365
3.57919
3.34102
3.38322
3.62346
3.73374
3.38285
3.35541
3.74419
3.12573
3.61797
3.43256
3.11265
3.51525
3.4179
3.50454
3.50253
3.37752
3.35928
3.21962
3.49195
3.78642
3.52869
3.28366
3.60846
3.28492
3.47593
3.33204
3.38356
3.61402
3.68763
3.54623
3.48845
3.57227
3.60317
3.23672
3.42297
3.57772
3.54461
3.51434
3.57961
3.65405
3.38272
3.17181
3.40442
3.4629
3.41075
3.19726
3.4267
3.60421
3.59806
3.49183
3.52947
3.30645
3.64527
3.66304
3.38232
3.4286
3.46293
3.41585
3.20882
3.44582
3.59556
3.71335
3.71019
3.54055
3.71289
3.47884
3.61709
3.47112
3.24028
3.36134
3.54158
3.53953
3.60002
3.48616
3.65085
3.53039
3.53561
3.6127
3.53487
3.39296
3.59072
3.6211
3.48969
3.63794
3.5147
3.4498
3.28821
3.47118
3.46672
3.50569
3.41049
3.43589
3.49012
3.31898
3.45529
3.48549
3.27911
3.36444
3.40477
3.35876
3.50952
3.82095
3.6143
3.82933
3.40556
3.29137
3.49915
3.60123
3.51443
3.65432
3.53997
3.37259
3.56066
3.47009
3.47899
3.33904
3.50209
3.46226
3.87872
3.45907
3.25933
3.74703
3.6151
3.30293
3.59052
3.63225
3.42696
3.60703
3.58344
3.55774
3.69361
3.55582
3.53661
3.34905
3.61253
3.66286
3.6015
3.5564
3.44894
3.32305
3.60744
3.55067
3.47922
3.60791
3.74147
3.4984
3.59994
3.62572
3.55461
3.43755
3.27448
3.41842
3.56675
3.37605
3.43908
3.76722
3.44181
3.48484
3.39017
3.4286
3.3552
3.35743
3.62485
3.52285
3.4754
3.70779
3.5565
3.59677
3.58141
3.22838
3.52721
3.53256
3.33824
3.23032
3.33909
3.42472
3.85197
3.48752
3.42622
3.69683
3.72653
3.45662
3.68913
3.63012
3.44394
3.49458
3.51376
3.77567
3.48985
3.49597
3.74665
3.57211
3.54644
3.47162
3.59839
3.84074
3.4243
3.74063
3.297
3.72993
3.45536
3.5576
3.66335
3.6306
3.51873
3.44689
3.43033
3.6348
3.72115
3.31591
3.42766
3.40909
3.40418
3.31919
3.50431
3.8048
3.34979
3.74513
3.66033
3.62681
3.35636
3.54742
3.55991
3.58297
3.40689
3.39282
3.64774
3.48578
3.35132
3.44733
3.49031
3.27847
3.52485
3.47254
3.41415
3.55714
3.42416
3.60406
3.41295
3.36092
3.61324
3.63392
3.44524
3.40207
3.53098
3.36879
3.49471
3.65781
3.72218
3.53589
3.6149
3.69577
3.41387
3.30851
3.43022
3.35506
3.35899
3.37298
3.26509
3.60458
3.76904
3.45894
3.57323
3.45074
3.35785
3.20485
3.23877
3.26623
3.4181
3.48056
3.42122
3.66184
3.55264
3.63884
3.61607
3.67321
3.63243
3.61776
3.55301
3.48425
3.3529
3.41571
3.40348
3.60929
3.36074
3.46112
3.36961
3.45576
3.52288
3.54847
3.37624
3.88914
3.35963
3.51281
3.5881
3.52232
3.41376
3.26434
3.7738
3.50104
3.52745
3.25515
3.4387
3.5073
3.499
3.29988
3.24842
3.45279
3.44112
3.62222
3.31492
3.33395
3.51274
3.59914
3.46696
3.77073
3.59616
3.47466
3.32689
3.20093
3.44142
3.51509
3.56566
3.70181
3.29984
3.62761
3.35775
3.41105
3.36847
3.46402
3.55818
3.66886
3.21746
3.58166
3.62319
3.40303
3.37213
3.48316
3.54669
3.67899
3.52169
3.4571
3.58417
3.48648
3.67641
3.54138
3.5861
3.58505
3.49515
3.38112
3.41264
3.27992
3.65517
3.50306
3.45143
3.45029
3.58599
3.32827
3.56054
3.55198
3.5893
3.69505
3.50827
3.41608
3.36667
3.46396
3.83179
3.31575
3.72707
3.37674
3.33642
3.5728
3.2959
3.29112
3.85749
3.47615
3.3476
3.5633
3.4566
3.53383
3.38358
3.40001
3.57419
3.43055
3.27738
3.25202
3.61031
3.21267
3.25898
3.42106
3.30535
3.52242
3.56002
3.30178
3.34283
3.45323
3.792
3.48097
3.94584
3.59815
3.52907
3.76561
3.4893
3.36312
3.46756
3.31182
3.44965
3.417
3.68394
3.37647
3.41401
3.50026
3.41312
3.61339
3.57066
3.56416
3.41903
3.43604
3.65267
3.46239
3.42929
3.46851
3.60657
3.61689
3.45589
3.35671
3.50798
3.3299
3.37365
3.56165
3.34596
3.41393
3.37855
3.40667
3.34817
3.46169
3.34757
3.20051
3.36843
3.32781
3.57202
3.35811
3.4588
3.49413
3.53629
3.54089
3.59792
3.39054
3.26379
3.43861
3.64755
3.44322
3.40201
3.46449
3.65912
3.57218
3.51858
3.38555
3.50226
3.15984
3.38019
3.41002
3.68704
3.56275
3.48619
3.35374
3.50199
3.5881
3.72891
3.55733
3.43962
3.35709
3.40238
3.37612
3.53131
3.47686
3.53143
3.46467
3.41361
3.24298
3.54302
3.47764
3.54761
3.39434
3.50176
3.30913
3.46343
3.24228
3.58125
3.64215
3.60159
3.49589
3.69349
3.38015
3.32322
3.45528
3.39782
3.63257
3.56089
3.49483
3.31165
3.37618
3.58204
3.4081
3.39453
3.36409
3.28681
3.33647
3.17771
3.65444
3.66215
3.20327
3.41083
3.43047
3.36417
3.62527
3.49777
3.73388
3.25043
3.37345
3.49351
3.48355
3.58429
3.55499
3.63377
3.30115
3.13292
3.43817
3.46951
3.61585
3.43111
3.69218
3.37791
3.46979
3.53251
3.71381
3.57192
3.54625
3.22041
3.5126
3.48015
3.29248
3.39971
3.32668
3.71899
3.60886
3.54217
3.54087
3.42886
3.6265
3.5066
3.72916
3.6964
3.29497
3.40607
3.54322
3.28458
3.55219
3.39384
3.36904
3.59253
3.54817
3.44006
3.62336
3.66693
3.54468
3.52089
3.51196
3.63696
3.56254
3.59215
3.27149
3.29457
3.64859
3.66925
3.61694
3.592
3.584
3.63522
3.6164
3.4784
3.35601
3.49892
3.41512
3.64744
3.31479
3.37502
3.48075
3.36779
3.68748
3.90794
3.44152
3.71834
3.57105
3.51129
3.63941
3.25
3.62616
3.54504
3.32
3.59601
3.49355
3.45196
3.481
3.40263
3.70513
3.42547
3.50131
3.65205
3.7615
3.43056
3.37246
3.44936
3.44776
3.64989
3.4543
3.4456
3.40957
3.57666
3.37686
3.41861
3.56127
3.67642
3.71022
3.63362
3.29795
3.43948
3.67424
3.7555
3.38336
3.34584
3.61013
3.68439
3.43555
3.36465
3.58559
3.53684
3.58202
3.40986
3.6555
3.44405
3.4564
3.62407
3.65001
3.33928
3.4584
3.46252
3.81188
3.5063
3.54905
3.39885
3.40496
3.51056
3.80288
3.42479
3.76572
3.43526
3.48922
3.51545
3.56961
3.24389
3.55419
3.3822
3.43428
3.69139
3.37549
3.43493
3.38134
3.70552
3.51171
3.42566
3.57872
3.5106
3.41814
3.64527
3.43538
3.4653
3.65087
3.54535
3.37029
3.58641
3.43112
3.40688
3.52756
3.58051
3.59167
3.5278
3.5096
3.60532
3.47717
3.35119
3.50016
3.43273
3.27037
3.40604
3.74912
3.33523
3.41599
3.6324
3.34095
3.46782
3.21422
3.5629
3.61868
3.21702
3.45561
3.38234
3.48526
3.53912
3.6694
3.33743
3.50418
3.80928
3.40688
3.71842
3.52127
3.45366
3.53205
3.48448
3.72944
3.53612
3.39101
3.4548
3.19839
3.62161
3.3324
3.48728
3.29106
3.28809
3.45034
3.31655
3.63871
3.50872
3.52209
3.42335
3.44654
3.47633
3.46213
3.45707
3.35168
3.44201
3.81453
3.48334
3.50546
3.68969
3.45558
3.42854
3.40183
3.51854
3.52846
3.64311
3.47377
3.55513
3.53189
3.50554
3.52964
3.56725
3.2846
3.53889
3.30123
3.45112
3.5875
3.71177
3.37554
3.31404
3.55543
3.49558
3.38199
3.67424
3.4904
3.49993
3.60707
3.49986
3.76809
3.50816
3.35827
3.55888
3.25964
3.58469
3.24908
3.35199
3.51042
3.37627
3.52714
3.60007
3.39787
3.37881
3.41713
3.45843
3.39008
3.59183
3.45052
3.57941
3.32712
3.48233
3.50397
3.44543
3.44691
3.37989
3.66818
3.54419
3.3276
3.42501
3.5192
3.7581
3.36824
3.34249
3.56396
3.48955
3.32966
3.56173
3.43198
3.8442
3.45748
3.50578
3.38507
3.34383
3.25894
3.42115
3.26694
3.591
3.45576
3.7201
3.36454
3.55702
3.63451
3.60741
3.55313
3.41535
3.51672
3.71338
3.49675
3.64231
3.57029
3.75504
3.57619
3.60676
3.28438
3.49747
3.46616
3.42086
3.62944
3.43689
3.6836
3.32368
3.72424
3.12773
3.82908
3.51954
3.58201
3.52524
3.593
3.79292
3.50733
3.4657
3.59864
3.57194
3.46567
3.60608
3.70376
3.91213
3.54761
3.4949
3.43283
3.72244
3.49947
3.44642
3.51154
3.80545
3.29227
3.28972
3.77569
3.1834
3.2509
3.46481
3.4761
3.28229
3.56535
3.48749
3.40165
3.54549
3.50593
3.30491
3.49212
3.39919
3.61431
3.41366
3.4629
3.34114
3.59224
3.51227
3.86323
3.52488
3.20988
3.31007
3.54003
3.56112
3.55557
3.51415
3.47911
3.20835
3.49894
3.6164
3.44565
3.57426
3.48919
3.60251
3.39579
3.30019
3.56052
3.55469
3.83127
3.55022
3.61645
3.57014
3.46896
3.62693
3.515
3.46701
3.54715
3.38554
3.52658
3.49986
3.3405
3.61857
3.5864
3.55629
3.55545
3.6326
3.61345
3.55691
3.37811
3.48923
3.2677
3.3302
3.69635
3.58193
3.46759
3.33442
3.71806
3.72089
3.23949
3.44823
3.20741
3.64746
3.57126
3.40202
3.46103
3.6003
3.54152
3.42182
3.64595
3.405
3.54668
3.45757
3.57116
3.459
3.44754
3.71771
3.56469
3.58384
3.50736
3.282
3.42812
3.51643
3.1932
3.66431
3.39034
3.5114
3.56257
3.54735
3.58242
3.47623
3.40706
3.21127
3.40552
3.51112
3.37496
3.57783
3.66373
3.52558
3.54475
3.34217
3.4336
3.55336
3.57123
3.56404
3.29239
3.4878
3.47627
3.54025
3.5768
3.55948
3.406
3.33038
3.39408
3.77789
3.52636
3.45743
3.45742
3.4591
3.37879
3.50551
3.5175
3.46136
3.46808
3.33626
3.66205
3.50036
3.30409
3.44594
3.65529
3.31611
3.71941
3.33514
3.48912
3.61338
3.58459
3.46279
3.66801
3.14742
3.34307
3.50662
3.44937
3.3769
3.4875
3.70164
3.26129
3.4061
3.49941
3.5788
3.31959
3.33791
3.57407
3.52549
3.51603
3.3598
3.65244
3.38988
3.54943
3.5345
3.33211
3.65091
3.42182
3.6173
3.529
3.62585
3.57128
3.57182
3.51179
3.48725
3.41343
3.40614
3.581
3.31126
3.51342
3.60117
3.6644
3.47901
3.2604
3.50316
3.50087
3.35315
3.46614
3.40217
3.53439
3.50128
3.40985
3.56835
3.34009
3.58811
3.55106
3.31809
3.4044
3.65842
3.83229
3.53166
3.43081
3.53243
3.4936
3.64436
3.39353
3.28573
3.67067
3.18308
3.51064
3.53541
3.6485
3.42005
3.30866
3.40437
3.59245
3.36574
3.75058
3.33576
3.22855
3.57266
3.29892
3.12926
3.44493
3.52218
3.38603
3.42119
3.48635
3.2159
3.61325
3.73028
3.36353
3.44377
3.35095
3.89103
3.5493
3.50064
3.4112
3.29643
3.28337
3.32319
3.36514
3.97206
3.45762
3.51903
3.27668
3.35324
3.70382
3.51006
3.47464
3.5874
3.50556
3.46165
3.435
3.68322
3.55633
3.21977
3.49528
3.52862
3.58569
3.77787
3.62291
3.34947
3.62523
3.14529
3.45931
3.58081
3.63637
3.68928
3.41184
3.67245
3.62178
3.42223
3.81519
3.50097
3.49229
3.50629
3.43428
3.80979
3.46125
3.54698
3.5305
3.54938
3.28814
3.54783
3.56315
3.38931
3.49323
3.39794
3.54796
3.67417
3.41545
3.36416
3.59451
3.4951
3.38494
3.60997
3.4446
3.54895
3.48253
3.41282
3.48319
3.60678
3.40776
3.45183
3.44403
3.76368
3.32749
3.58773
3.83168
3.59183
3.57686
3.40688
3.63186
3.31851
3.33449
3.50137
3.73206
3.4011
3.64393
3.50684
3.72418
3.67088
3.45299
3.32014
3.46114
3.56742
3.79307
3.56862
3.3393
3.73566
3.47021
3.70277
3.37864
3.35729
3.48978
3.38441
3.47246
3.78848
3.73672
3.64192
3.37855
3.27579
3.3331
3.81477
3.62374
3.32212
3.39507
3.45888
3.49359
3.32455
3.71082
3.63493
3.72915
3.60605
3.46165
3.25139
3.6028
3.36282
3.5079
3.38414
3.54472
3.49915
3.36161
3.49461
3.34227
3.42177
3.61793
3.51823
3.8838
3.46544
3.66692
3.24518
3.56898
3.57178
3.40781
3.4152
3.50748
3.54306
3.53754
3.19842
3.57777
3.49299
3.38542
3.38403
3.8681
3.56627
3.61577
3.44868
3.4214
3.49885
3.52055
3.22653
3.65594
3.54066
3.37366
3.40275
3.48382
3.51287
3.46891
3.6524
3.59894
3.6214
3.41355
3.3965
3.55648
3.44853
3.54918
3.74732
3.46567
3.59471
3.37183
3.51452
3.46781
3.64217
3.47335
3.44426
3.47132
3.41238
3.57567
3.41298
3.5158
3.38917
3.43004
3.59784
3.48686
3.77943
3.553
3.34558
3.45372
3.28317
3.621
3.41184
3.45133
3.59494
3.54556
3.24261
3.57899
3.55841
3.15076
3.41987
3.43725
3.59595
3.47509
3.34317
3.3251
3.68521
3.36936
3.56911
3.51914
3.40447
3.56265
3.5305
3.50676
3.81862
3.61821
3.65721
3.34517
3.47775
3.55103
3.42042
3.46806
3.80011
3.42914
3.6223
3.21194
3.46145
3.48035
3.6529
3.48385
3.51244
3.42647
3.63614
3.54243
3.69618
3.4667
3.38679
3.4142
3.43765
3.23228
3.30035
3.51695
3.77694
3.434
3.24762
3.36199
3.71817
3.57479
3.69587
3.40735
3.66589
3.4489
3.47856
3.53362
3.42104
3.44985
3.23538
3.51432
3.20806
3.55885
3.4445
3.45286
3.60528
3.73557
3.46902
3.85771
3.75032
3.6833
3.63927
3.47784
3.54239
3.56008
3.19313
3.47017
3.46343
3.608
3.44593
3.72109
3.48991
3.42235
3.31211
3.39371
3.56716
3.43245
3.70024
3.27282
3.46819
3.41627
3.70348
3.32953
3.40867
3.42044
3.55724
3.57722
3.49025
3.45772
3.38599
3.59092
3.54382
3.45373
3.61097
3.21192
3.49475
3.26482
3.34089
3.5093
3.52184
3.28892
3.41724
3.47062
3.63209
3.69134
3.73633
3.79332
3.2729
3.56731
3.41966
3.49881
3.45369
3.46315
3.60486
3.49122
3.54894
3.52801
3.67865
3.73255
3.65428
3.6179
3.42408
3.45617
3.51764
3.72411
3.25367
3.49051
3.41742
3.4477
3.70042
3.61485
3.65936
3.342
3.58857
3.41904
3.31412
3.14506
3.55597
3.38907
3.56742
3.6238
3.39998
3.49035
3.45457
3.55186
3.61859
3.42055
3.55133
3.29292
3.61895
3.80391
3.69296
3.51147
3.26494
3.39886
3.34323
3.53276
3.03564
3.49089
3.3855
3.624
3.41684
3.34242
3.60744
3.61848
3.4471
3.42173
3.50153
3.60468
3.5906
3.58265
3.70311
3.45201
3.65829
3.41692
3.68774
3.54537
3.69957
3.50127
3.40004
3.35004
3.3361
3.61078
3.28553
3.52915
3.35975
3.57071
3.39761
3.38525
3.31658
3.56846
3.45148
3.89812
3.44859
3.29762
3.54678
3.63059
3.91528
3.50602
3.531
3.42422
3.41682
3.46954
3.37532
3.55675
3.39067
3.56366
3.73501
3.43326
3.70355
3.50465
3.56604
3.58271
3.51073
3.63206
3.46986
3.43203
3.55432
3.75473
3.63827
3.42939
3.42266
3.48184
3.67023
3.53859
3.59245
3.46114
3.38238
3.42653
3.57571
3.54614
3.33534
3.66557
3.44335
3.66402
3.39745
3.37257
3.44712
3.25638
3.36808
3.40672
3.56209
3.56451
3.68207
3.54774
3.62119
3.53107
3.36746
3.72655
3.61401
3.34021
3.32825
3.58022
3.5215
3.46779
3.42403
3.55302
3.65853
3.41371
3.46849
3.3655
3.49624
3.48825
3.41852
3.47347
3.38596
3.57418
3.47592
3.63876
3.60663
3.53657
3.57354
3.48358
3.70758
3.70223
3.66764
3.40046
3.51854
3.63057
3.50851
3.38951
3.49877
3.59778
3.56109
3.44503
3.59717
3.66626
3.69754
3.56317
3.49526
3.61108
3.48361
3.54268
3.75488
3.37543
3.48064
3.45054
3.44251
3.52689
3.48516
3.62433
3.60211
3.48638
3.47788
3.53324
3.54826
3.35173
3.55403
3.31966
3.35154
3.08771
3.50679
3.54308
3.73813
3.50433
3.23584
3.49832
3.52521
3.59538
3.25282
3.47987
3.46441
3.2591
3.60554
3.46424
3.36487
3.67271
3.79296
3.18225
3.66796
3.44284
3.6426
3.50304
3.39546
3.50365
3.37248
3.30174
3.34317
3.1345
3.55928
3.43263
3.44166
3.51911
3.28476
3.52978
3.55618
3.56806
3.2321
3.40685
3.34759
3.47644
3.35431
3.42809
3.51608
3.63863
3.28634
3.37233
3.44967
3.692
3.62287
3.51194
3.54931
3.3615
3.48371
3.6284
3.65251
3.72688
3.3386
3.78671
3.42722
3.33454
3.66321
3.44015
3.60806
3.67578
3.6485
3.58751
3.64663
3.50349
3.58496
3.60461
3.34777
3.50892
3.64387
3.4719
3.46369
3.43059
3.47731
3.5201
3.46791
3.21717
3.45889
3.76578
3.43069
3.76616
3.53698
3.50863
3.61805
3.56027
3.27241
3.61242
3.4361
3.47342
3.43239
3.29146
3.54262
3.51816
3.56274
3.47451
3.09775
3.75641
3.41003
3.36782
3.52563
3.39544
3.51571
3.53948
3.40901
3.64095
3.60405
3.59667
3.48845
3.52899
3.53571
3.42785
3.23826
3.70888
3.49891
3.3817
3.44083
3.34866
3.55996
3.45472
3.58138
3.73528
3.44517
3.60933
3.43493
3.49112
3.42586
3.49439
3.71736
3.42891
3.42845
3.33994
3.52252
3.31684
3.34148
3.49814
3.61711
3.57573
3.44141
3.35216
3.51535
3.58018
3.40914
3.46506
3.3053
3.28554
3.309
3.74031
3.44856
3.65258
3.2522
3.31609
3.62543
3.44177
3.56667
3.36498
3.39726
3.24896
3.34487
3.77113
3.40792
3.50441
3.74186
3.55667
3.24626
3.55711
3.54518
3.37926
3.54141
3.466
3.63852
3.42266
3.51287
3.32036
3.63115
3.50218
3.54714
3.51081
3.42479
3.35691
3.52288
3.52324
3.38998
3.50062
3.30645
3.42712
3.82376
3.55312
3.3896
3.73038
3.56042
3.72405
3.64142
3.5726
3.45744
3.37094
3.3461
3.2784
3.47823
3.55339
3.29867
3.59288
3.44377
3.65527
3.48049
3.57107
3.62484
3.59685
3.53621
3.39318
3.24684
3.65867
3.22443
3.52752
3.42903
3.63901
3.41348
3.51308
3.7301
3.51697
3.44466
3.53353
3.47182
3.49287
3.33446
3.40447
3.36286
3.37793
3.28775
3.34606
3.64444
3.50513
3.39396
3.36253
3.22982
3.33304
3.42786
3.50081
3.60946
3.61458
3.47702
3.3599
3.49371
3.4025
3.21775
3.57295
3.96497
3.56356
3.86139
3.63398
3.4611
3.37321
3.29284
3.34097
3.36201
3.51262
3.52319
3.57733
3.50134
3.64003
3.67839
3.5536
3.52501
3.35824
3.54568
3.28116
3.61859
3.30006
3.44987
3.49996
3.57539
3.70372
3.43114
3.48205
3.47699
3.50005
3.49638
3.48278
3.60832
3.2832
3.41588
3.46168
3.57895
3.63702
3.53723
3.59468
3.52258
3.53873
3.58838
3.34976
3.59659
3.3119
3.24165
3.3977
3.70351
3.30056
3.46058
3.48004
3.25628
3.58635
3.45161
3.60586
3.55916
3.52051
3.49224
3.6495
3.42628
3.44271
3.5578
3.37089
3.35949
3.65846
3.36847
3.43058
3.4576
3.49706
3.47865
3.42108
3.52875
3.37197
3.38035
3.38665
3.62785
3.4654
3.5926
3.50323
3.39094
3.70906
3.50872
3.44048
3.43834
3.33295
3.47336
3.77774
3.66846
3.25402
3.51107
3.54591
3.61422
3.3266
3.37843
3.41687
3.53379
3.27648
3.46152
3.46266
3.45777
3.34049
3.54062
3.40601
3.5644
3.3335
3.644
3.63421
3.30488
3.71466
3.51278
3.64822
3.50068
3.5248
3.5485
3.71883
3.33451
3.31687
3.66562
3.47179
3.4571
3.7012
3.37044
3.37375
3.53142
3.22758
3.38867
3.49094
3.48642
3.52602
3.56322
3.49242
3.40196
3.22794
3.54435
3.41971
3.54703
3.2898
3.24384
3.44492
3.69295
3.64102
3.67518
3.58888
3.37348
3.37799
3.45165
3.47152
3.46378
3.47613
3.46408
3.51609
3.45003
3.64185
3.46027
3.52929
3.56156
3.57624
3.59786
3.27905
3.48745
3.67244
3.59259
3.59191
3.4994
3.31852
3.63378
3.39188
3.60281
3.52774
3.28892
3.55257
3.48784
3.61808
3.61925
3.53459
3.75251
3.66291
3.57822
3.47999
3.46942
3.53472
3.36465
3.58566
3.56837
3.61365
3.50253
3.37759
3.45631
3.48291
3.0193
3.85777
3.44688
3.78273
3.69448
3.64575
3.52113
3.29486
3.50054
3.58661
3.39153
3.52955
3.15789
3.64725
3.74088
3.33665
3.17589
3.47291
3.25831
3.41297
3.4516
3.42576
3.29396
3.5276
3.34844
3.77746
3.50435
3.48713
3.57629
3.37751
3.56036
3.56267
3.49525
3.51938
3.58957
3.60046
3.46456
3.6261
3.37494
3.38804
3.50895
3.62745
3.58163
3.39781
3.32399
3.30035
3.43388
3.5798
3.54245
3.54456
3.56385
3.3757
3.58351
3.66537
3.30419
3.57574
3.05675
3.73533
3.69636
3.24068
3.4927
3.25672
3.63641
3.51031
3.8719
3.74681
3.5303
3.37085
3.27433
3.56765
3.23038
3.20265
3.67107
3.42233
3.67519
3.43047
3.33003
3.28955
3.75419
3.69783
3.30775
3.41845
3.41945
3.58771
3.54901
3.50545
3.36619
3.2611
3.41612
3.47508
3.40393
3.38554
3.41998
3.48668
3.7902
3.57537
3.42443
3.58869
3.39872
3.61569
3.64615
3.34267
3.39378
3.44176
3.57163
3.38864
3.58295
3.19583
3.41339
3.62384
3.51966
3.33327
3.42706
3.36665
3.67784
3.39976
3.21145
3.32762
3.37029
3.65161
3.46326
3.40942
3.48273
3.69084
3.55842
3.55764
3.59547
3.33714
3.73196
3.3843
3.41438
3.75843
3.47817
3.38595
3.68324
3.58191
3.4431
3.32818
3.54927
3.40757
3.73103
3.3185
3.65369
3.44588
3.64709
3.73943
3.36915
3.2517
3.59757
3.61361
3.30608
3.57618
3.72011
3.27299
3.45959
3.40854
3.81543
3.70366
3.56899
3.42961
3.50255
3.43861
3.61173
3.34908
3.4194
3.46985
3.45361
3.29815
3.44062
3.80218
3.27717
3.59971
3.38453
3.07012
3.66016
3.63767
3.53102
3.79019
3.2259
3.59749
3.62238
3.42017
3.28745
3.49974
3.56879
3.54734
3.45745
3.69849
3.48045
3.47761
3.49553
3.61655
3.44824
3.69724
3.36511
3.6893
3.54466
3.42927
3.67152
3.58901
3.46706
3.40628
3.20329
3.45166
3.54499
3.23157
3.69848
3.57789
3.53348
3.45054
3.50798
3.58022
3.61427
3.20408
3.42752
3.64817
3.47665
3.18597
3.57042
3.35338
3.55005
3.77613
3.50289
3.56644
3.36002
3.62152
3.46374
3.35734
3.72961
3.28665
3.49037
3.3015
3.34799
3.54555
3.47293
3.56315
3.47813
3.43704
3.3586
3.32801
3.52557
3.55526
3.42771
3.75706
3.38992
3.5472
3.4637
3.58335
3.42122
3.58928
3.33873
3.62378
3.30283
3.26469
3.48689
3.37749
3.33281
3.61343
3.38675
3.43307
3.67574
3.52701
3.52531
3.65611
3.40667
3.4095
3.46503
3.67932
3.51925
3.62701
3.58595
3.21675
3.41982
3.61728
3.87477
3.47431
3.37938
3.58143
3.38266
3.57816
3.56527
3.57961
3.22378
3.49309
3.37451
3.40252
3.63636
3.70267
3.49052
3.49062
3.27816
3.52296
3.38537
3.67287
3.57829
3.22184
3.53909
3.49704
3.41717
3.51562
3.2982
3.77325
3.55651
3.56506
3.34522
3.50273
3.64126
3.64239
3.25099
3.31371
3.59535
3.64144
3.48175
3.37622
3.53309
3.45261
3.68287
3.5677
3.40814
3.62467
3.461
3.51142
3.57186
3.53512
3.68665
3.55934
3.61301
3.44115
3.33892
3.29152
3.35059
3.43291
3.66445
3.35384
3.45176
3.51113
3.47224
3.50591
3.24664
3.81082
3.28644
3.75105
3.61196
3.49304
3.5788
3.37028
3.49534
3.67648
3.55277
3.48207
3.60212
3.58092
3.40105
3.49985
3.61666
3.55425
3.60855
3.35906
3.27991
3.555
3.52256
3.48571
3.74513
3.51237
3.66201
3.62816
3.53369
3.63537
3.58777
3.62427
3.6128
3.49323
3.45576
3.67548
3.51699
3.68878
3.62481
3.4499
3.43533
3.3467
3.39116
3.58627
3.83616
3.43859
3.67142
3.27058
3.50125
3.81664
3.70589
3.50723
3.24125
3.72785
3.50409
3.50679
3.46432
3.63058
3.35451
3.56188
3.56984
3.38545
3.52018
3.68347
3.53899
3.54237
3.54229
3.51909
3.29415
3.44547
3.42333
3.22511
3.59902
3.87813
3.51207
3.56477
3.37118
3.21958
3.66185
3.35396
3.37922
3.83524
3.28429
3.47659
3.59602
3.57261
3.62031
3.39138
3.4803
3.23444
3.80012
3.75198
3.40823
3.45127
3.7643
3.66231
3.57687
3.27508
3.71771
3.43904
3.50148
3.61592
3.48815
3.45286
3.37851
3.44351
3.3116
3.42079
3.4361
3.37553
3.61598
3.57103
3.34404
3.32458
3.27525
3.40243
3.50498
3.57571
3.75573
3.46053
3.34888
3.26625
3.32663
3.85172
3.25243
3.53996
3.60638
3.51779
3.45549
3.19734
3.56703
3.4425
3.54624
3.46391
3.41824
3.61203
3.43704
3.49842
3.64294
3.30141
3.60286
3.46281
3.35646
3.35848
3.45409
3.5258
3.56104
3.8076
3.31569
3.57205
3.76756
3.64469
3.78447
3.48865
3.55637
3.54567
3.3865
3.40089
3.74916
3.61007
3.45629
3.62923
3.36359
3.41172
3.50998
3.53922
3.42279
3.62842
3.38399
3.65632
3.34134
3.57244
3.5614
3.46754
3.50985
3.29368
3.50762
3.38167
3.5998
3.47746
3.38743
3.37002
3.16069
3.40875
3.48518
3.60963
3.38129
3.57472
3.50003
3.55065
3.43681
3.62749
3.28811
3.27993
3.34406
3.32899
3.52351
3.45259
3.64618
3.54976
3.69989
3.66351
3.59916
3.29355
3.69471
3.58057
3.4317
3.6697
3.46779
3.56155
3.65049
3.38498
3.91628
3.3765
3.46276
3.62703
3.50771
3.40758
3.48789
3.61102
3.56313
3.49811
3.62999
3.51155
3.56217
3.77275
3.88343
3.50164
3.79191
3.50078
3.69302
3.52068
3.51141
3.57417
3.39082
3.54318
3.50377
3.72248
3.43149
3.47024
3.63766
3.73642
3.5979
3.46563
3.81009
3.32185
3.34909
3.45826
3.69244
3.40622
3.78225
3.53305
3.70142
3.21932
3.28077
3.53194
3.61709
3.37009
3.37004
3.48706
3.41954
3.39151
3.7031
3.40777
3.46636
3.77532
3.59783
3.79356
3.2826
3.4186
3.39767
3.49471
3.43515
3.50389
3.32764
3.59245
3.36345
3.58491
3.36769
3.52059
3.63836
3.54963
3.61507
3.45056
3.37105
3.38261
3.65771
3.56152
3.59388
3.14849
3.43055
3.31769
3.585
3.5685
3.37643
3.72451
3.15869
3.41187
3.43377
3.33574
3.74322
3.52397
3.42264
3.33318
3.46811
3.61314
3.20117
3.75102
3.53275
3.36803
3.81431
3.46662
3.42814
3.42727
3.50657
3.62963
3.58368
3.22353
3.37082
3.45133
3.41095
3.57358
3.60494
3.326
3.56618
3.38646
3.59822
3.60633
3.6535
3.46157
3.51931
3.45456
3.39067
3.54839
3.27775
3.59139
3.40925
3.44001
3.63077
3.71448
3.51112
3.72202
3.65739
3.50834
3.60305
3.44896
3.3216
3.31762
3.83148
3.51986
3.49654
3.55556
3.38909
3.52509
3.62154
3.41954
3.66523
3.28608
3.56388
3.53557
3.41202
3.56004
3.6072
3.25365
3.59801
3.3814
3.33832
3.76576
3.32121
3.5119
3.80455
3.8185
3.40347
3.47119
3.56306
3.49218
3.73805
3.41985
3.49456
3.51819
3.51216
3.26663
3.50279
3.4066
3.7765
3.6219
3.62199
3.45588
3.43357
3.51903
3.50404
3.3665
3.36665
3.47576
3.40725
3.33045
3.33133
3.51726
3.35862
3.56837
3.43148
3.48287
3.36143
3.53632
3.60148
3.68835
3.47018
3.67401
3.6167
3.81549
3.40445
3.4163
3.30391
3.6511
3.52394
3.44
3.47375
3.44696
3.38627
3.61764
3.74688
3.37297
3.40952
3.45031
3.59589
3.58507
3.51138
3.30121
3.67472
3.42998
3.74685
3.552
3.35747
3.40857
3.56621
3.65372
3.2086
3.36976
3.46529
3.54409
3.60622
3.50678
3.64983
3.35322
3.54048
3.47776
3.53582
3.61949
3.60882
3.27236
3.3577
3.28752
3.58012
3.54655
3.50635
3.66011
3.69943
3.54717
3.36857
3.72594
3.65529
3.84828
3.3902
3.53509
3.33148
3.47124
3.58447
3.34403
3.76503
3.56019
3.55766
3.55214
3.43249
3.48497
3.42386
3.6515
3.4361
3.54334
3.53069
3.71197
3.26208
3.4343
3.46791
3.67324
3.53251
3.62442
3.38076
3.51594
3.47306
3.37912
3.60989
3.4835
3.61818
3.48065
3.6798
3.67675
3.47569
3.60477
3.55764
3.69312
3.37276
3.5279
3.55424
3.73226
3.45499
3.23668
3.53927
3.14
3.61055
3.51182
3.6923
3.66251
3.64128
3.50806
3.61188
3.38258
3.35253
3.50218
3.7542
3.75977
3.68374
3.58085
3.37348
3.3965
3.45153
3.5403
3.48573
3.50176
3.52719
3.41964
3.52798
3.62442
3.57054
3.48963
3.58472
3.52802
3.44189
3.76889
3.40336
3.42888
3.56411
3.28939
3.52083
3.51937
3.60658
3.53308
3.57289
3.54835
3.61295
3.46145
3.25832
3.53047
3.64457
3.46014
3.52957
3.25638
3.36151
3.52018
3.58203
3.62559
3.31295
3.42795
3.31359
3.6239
3.70887
3.1856
3.62645
3.46739
3.49497
3.43394
3.24304
3.38459
3.45258
3.54951
3.35792
3.60897
3.39553
3.53786
3.39759
3.60344
3.48578
3.54482
3.50996
3.43887
3.43978
3.55764
3.35547
3.49838
3.74731
3.51797
3.32171
3.57936
3.62483
3.56839
3.43339
3.31509
3.82504
3.50453
3.37953
3.33776
3.57466
3.60454
3.52977
3.70489
3.71228
3.45784
3.61168
3.11089
3.49806
3.36506
3.42094
3.55576
3.31732
3.48087
3.38618
3.59269
3.49975
3.32186
3.46056
3.52651
3.67613
3.56109
3.51171
3.3349
3.7946
3.48129
3.43212
3.58406
3.31811
3.45861
3.94172
3.76096
3.52505
3.44874
3.5546
3.54383
3.63504
3.34731
3.33166
3.43293
3.6815
3.39641
3.39121
3.2633
3.55313
3.65917
3.59924
3.37159
3.47599
3.48417
3.6613
3.68862
3.45818
3.3317
3.48793
3.32968
3.51891
3.53358
3.40536
3.35443
3.67388
3.35853
3.38353
3.56823
3.34884
3.50498
3.45317
3.63677
3.39321
3.34305
3.63386
3.58601
3.41558
3.52778
3.54504
3.35906
3.66303
3.70527
3.67161
3.50215
3.56619
3.4338
3.55626
3.85132
3.37171
3.49169
3.24025
3.64186
3.4843
3.29379
3.87453
3.36238
3.33995
3.58846
3.62314
3.52523
3.53241
3.65704
3.63068
3.57535
3.41467
3.73747
3.22576
3.40925
3.5974
3.34414
3.33238
3.42613
3.41612
3.55571
3.61096
3.38288
3.68914
3.69284
3.80104
3.27503
3.48797
3.5077
3.63746
3.46526
3.4422
3.55708
3.36186
3.28161
3.50066
3.68106
3.60146
3.50706
3.27075
3.45906
3.53693
3.48253
3.35781
3.36517
3.48126
3.69496
3.52648
3.44456
3.49149
3.57261
3.70576
3.38301
3.33516
3.40921
3.30979
3.69125
3.23337
3.589
3.69623
3.62608
3.30236
3.4844
3.43395
3.47021
3.81543
3.2484
3.60214
3.64247
3.60708
3.42324
3.5425
3.66057
3.44129
3.33755
3.68653
3.52802
3.36575
3.51359
3.57972
3.66725
3.224
3.50668
3.52457
3.6707
3.3473
3.39849
3.61424
3.49183
3.44802
3.56622
3.32878
3.59795
3.28666
3.44945
3.31577
3.40655
3.53414
3.83657
3.47728
3.62732
3.70133
3.44271
3.33497
3.33142
3.35771
3.25096
3.59525
3.22012
3.86104
3.63878
3.48641
3.41451
3.46985
3.36155
3.53946
3.58826
3.76066
3.665
3.63472
3.71528
3.47186
3.54854
3.38592
3.60413
3.49604
3.45126
3.48377
3.69109
3.49271
3.53247
3.42073
3.36373
3.3932
3.31882
3.86907
3.38686
3.66972
3.63961
3.63392
3.6528
3.49044
3.47235
3.60324
3.27775
3.6323
3.37049
3.61659
3.41618
3.62373
3.39494
3.5746
3.71511
3.63884
3.52157
3.56099
3.48021
3.36515
3.74635
3.44896
3.42543
3.31671
3.61003
3.51391
3.4783
3.41442
3.51438
3.57439
3.51246
3.60544
3.65164
3.48299
3.52962
3.69367
3.51929
3.33928
3.61251
3.25296
3.5918
3.49638
3.72093
3.14522
3.52142
3.13342
3.40275
3.66498
3.33973
3.36533
3.59149
3.33256
3.63193
3.36223
3.46277
3.20753
3.45571
3.45001
3.42112
3.34441
3.37658
3.66413
3.5392
3.36256
3.34149
3.62845
3.47139
3.40192
3.21275
3.431
3.46341
3.33676
3.53386
3.61855
3.47998
3.41902
3.59951
3.48182
3.57243
3.5234
3.50124
3.30329
3.45803
3.46584
3.42087
3.58939
3.43294
3.51738
3.49352
3.259
3.54076
3.58531
3.46206
3.46016
3.51838
3.58334
3.64492
3.68678
3.54116
3.41286
3.33906
3.31728
3.33921
3.32695
3.63007
3.39706
3.45676
3.14924
3.53117
3.78662
3.77629
3.26928
3.52311
3.59726
3.3796
3.68648
3.61671
3.73611
3.46736
3.57433
3.71001
3.4826
3.40929
3.53694
3.41189
3.51798
3.44668
3.57965
3.45396
3.47999
3.66919
3.66558
3.61275
3.31435
3.28778
3.43014
3.4639
3.54513
3.6757
3.72519
3.7403
3.38577
3.59931
3.31489
3.26617
3.56262
3.71073
3.54493
3.43868
3.52297
3.27408
3.70724
3.52931
3.39929
3.69726
3.57186
3.27654
3.45174
3.44114
3.50791
3.64195
3.56063
3.378
3.31564
3.35149
3.59088
3.32108
3.34123
3.39384
3.60028
3.39722
3.29639
3.59772
3.56335
3.63433
3.65457
3.61002
3.4328
3.43568
3.64562
3.44667
3.76044
3.46275
3.67084
3.43806
3.59935
3.2987
3.71029
3.54092
3.40921
3.41417
3.69414
3.58853
3.38672
3.45734
3.41006
3.55114
3.64291
3.64019
3.56848
3.57847
3.39928
3.39272
3.49756
3.64617
3.47459
3.70706
3.33975
3.42808
3.53422
3.64343
3.4719
3.41625
3.52389
3.51963
3.57066
3.36048
3.10981
3.45613
3.4452
3.59937
3.69684
3.44851
3.55892
3.50464
3.29684
3.4892
3.5623
3.66073
3.36886
3.46033
3.30848
3.45139
3.65315
3.41959
3.37363
3.47532
3.42088
3.35107
3.55395
3.56256
3.51132
3.30272
3.3611
3.41366
3.37857
3.6326
3.68808
3.23332
3.51945
3.63555
3.66723
3.78063
3.55468
3.5223
3.29243
3.50752
3.53507
3.4728
3.4773
3.50745
3.29456
3.53578
3.37113
3.29624
3.52221
3.39621
3.75473
3.69675
3.47473
3.78278
3.53774
3.79948
3.50159
3.53701
3.4795
3.57081
3.60462
3.46615
3.25529
3.38089
3.50384
3.35147
3.28974
3.42289
3.63146
3.48402
3.47943
3.2457
3.626
3.0996
3.52642
3.4717
3.49824
3.58497
3.75468
3.47175
3.24103
3.87694
3.43119
3.569
3.65479
3.52648
3.36379
3.39364
3.51049
3.39951
3.79733
3.71031
3.37209
3.58638
3.48033
3.39003
3.65031
3.64186
3.52381
3.49875
3.35954
3.42751
3.42425
3.27401
3.54976
3.27829
3.27252
3.46202
3.5355
3.41543
3.32069
3.43665
3.49345
3.52712
3.07857
3.47249
3.65089
3.28932
3.56186
3.44366
3.43653
3.44814
3.26377
3.6204
3.66591
3.28599
3.32205
3.48516
3.53297
3.44319
3.60319
3.74023
3.3799
3.51698
3.42579
3.7286
3.21698
3.50981
3.59486
3.34014
3.46434
3.74879
3.46907
3.52476
3.43758
3.2481
3.5326
3.48458
3.64895
3.83632
3.24377
3.21694
3.49623
3.4706
3.38198
3.13003
3.3109
3.55932
3.46516
3.50322
3.48767
3.61541
3.60938
3.51378
3.5172
3.51199
3.65255
3.40188
3.39381
3.46232
3.36421
3.54595
3.57017
3.49582
3.46304
3.41992
3.58078
3.45218
3.46424
3.65457
3.75607
3.66536
3.82842
3.52468
3.59912
3.55928
3.48403
3.63381
3.49678
3.62728
3.69517
3.56872
3.78705
3.66695
3.44653
3.44527
3.45471
3.39249
3.71761
3.21761
3.52692
3.49623
3.56776
3.67253
3.49078
3.48137
3.45418
3.43103
3.35471
3.43768
3.30465
3.17867
3.62548
3.58215
3.71681
3.6969
3.62276
3.53634
3.306
3.31702
3.45316
3.61243
3.37343
3.3187
3.51552
3.52975
3.51655
3.59501
3.35938
3.53375
3.55362
3.35579
3.3185
3.43918
3.63416
3.29113
3.49133
3.66942
3.70738
3.51704
3.49027
3.4639
3.42019
3.725
3.38155
3.77531
3.217
3.4074
3.28772
3.67866
3.81289
3.73063
3.72455
3.56391
3.51212
3.62776
3.64424
3.63422
3.49402
3.33272
3.40675
3.58144
3.3878
3.47777
3.65125
3.41104
3.45853
3.37617
3.48942
3.48805
3.47584
3.41195
3.39265
3.4761
3.33742
3.40863
3.3948
3.69129
3.51915
3.39878
3.53258
3.34285
3.27365
3.71626
3.39534
3.38251
3.39926
3.58304
3.60615
3.23424
3.65123
3.16253
3.50606
3.27655
3.56698
3.50117
3.31339
3.39892
3.52744
3.53024
3.38
3.75447
3.27614
3.5498
3.46629
3.48056
3.66813
3.46654
3.70689
3.7094
3.47048
3.40744
3.33896
3.64029
3.53621
3.58122
3.36482
3.74559
3.52369
3.60925
3.47096
3.33222
3.28319
3.59803
3.77515
3.43047
3.48255
3.57491
3.52367
3.33219
3.69389
3.9591
3.51044
3.39997
3.41314
3.48969
3.73989
3.46953
3.43428
3.73263
3.70562
3.46683
3.45029
3.48859
3.35647
3.76204
3.45244
3.4735
3.57217
3.28214
3.55008
3.24363
3.52013
3.30401
3.7326
3.68719
3.56551
3.34994
3.39547
3.60423
3.70635
3.65741
3.40237
3.44672
3.65548
3.39499
3.40506
3.44076
3.24145
3.39625
3.34307
3.11273
3.39993
3.18362
3.14498
3.39122
3.52777
3.40396
3.60317
3.50674
3.42146
3.29777
3.39394
3.46096
3.4219
3.47397
3.56487
3.48744
3.3373
3.71205
3.51131
3.27564
3.51619
3.46342
3.41381
3.48019
3.69228
3.47405
3.25844
3.53721
3.62321
3.54994
3.61188
3.70961
3.44491
3.33768
3.57302
3.43314
3.2635
3.6916
3.32318
3.78528
3.45666
3.69968
3.79659
3.4486
3.45629
3.48996
3.59312
3.54062
3.5843
3.28925
3.5052
3.58197
3.56349
3.65628
3.33059
3.57481
3.37536
3.36079
3.49316
3.46328
3.48669
3.48082
3.74329
3.54792
3.36679
3.48976
3.65995
3.57593
3.51734
3.45526
3.62621
3.47911
3.63663
3.57171
3.50019
3.23143
3.64006
3.49829
3.40317
3.44799
3.45892
3.27438
3.64684
3.59734
3.33906
3.48427
3.32156
3.64904
3.51166
3.74297
3.51742
3.62825
3.45766
3.32507
3.50012
3.19928
3.23793
3.60849
3.5634
3.75
3.71099
3.65498
3.47995
3.29892
3.51011
3.29928
3.77275
3.4969
3.25177
3.71878
3.32854
3.44524
3.39723
3.60561
3.37554
3.40217
3.88923
3.36293
3.297
3.34953
3.5355
3.49745
3.35274
3.49147
3.56119
3.62989
3.53036
3.70721
3.50186
3.44536
3.24808
3.37954
3.45916
3.35554
3.38105
3.62105
3.54075
3.44443
3.28307
3.26998
3.60671
3.56973
3.67547
3.47748
3.44396
3.49147
3.47517
3.50818
3.44085
3.35003
3.43368
3.32607
3.5836
3.46522
3.609
3.43732
3.54658
3.67845
3.39223
3.51216
3.54823
3.40972
3.46078
3.55754
3.49458
3.55144
3.63012
3.51253
3.48209
3.77084
3.37582
3.73823
3.43197
3.49294
3.39789
3.52424
3.52744
3.48589
3.69918
3.68339
3.37627
3.67056
3.64979
3.45667
3.32006
3.32635
3.40938
3.60025
3.41243
3.46489
3.47912
3.5765
3.53785
3.64377
3.40537
3.12081
3.54299
3.74193
3.30671
3.25604
3.40256
3.61876
3.49648
3.42671
3.49139
3.47868
3.52244
3.5745
3.48468
3.41312
3.5456
3.37712
3.55838
3.34178
3.58
3.67247
3.61138
3.37505
3.71541
3.58972
3.33159
3.46937
3.54468
3.45953
3.42764
3.39759
3.16779
3.42492
3.49816
3.65601
3.39434
3.52497
3.21048
3.73008
3.41636
3.57308
3.41058
3.4907
3.47347
3.50162
3.43632
3.84278
3.38205
3.44498
3.65558
3.14815
3.65042
3.6828
3.35146
3.39463
3.35193
3.26529
3.32618
3.48302
3.37771
3.54247
3.4957
3.40412
3.34108
3.56927
3.54688
3.57738
3.35547
3.65836
3.42905
3.42329
3.4076
3.75251
3.50193
3.39127
3.59803
3.33842
3.81162
3.56487
3.42072
3.32389
3.56678
3.0664
3.50363
3.45019
3.48658
3.58251
3.28214
3.66153
3.34259
3.43295
3.27725
3.50345
3.56625
3.55413
3.45035
3.47205
3.74393
3.36949
3.65653
3.58593
3.4214
3.61849
3.71817
3.55274
3.53958
3.4661
3.59087
3.50213
3.42353
3.36474
3.54339
3.65705
3.49641
3.54046
3.62365
3.7153
3.34041
3.72522
3.53255
3.46308
3.32647
3.50725
3.42753
3.24256
3.48467
3.57129
3.52778
3.54524
3.43715
3.55056
3.44289
3.75307
3.76551
3.36239
3.59688
3.34904
3.43445
3.54942
3.66946
3.3194
3.4936
3.54809
3.37641
3.46899
3.57943
3.50652
3.41096
3.62199
3.48904
3.52341
3.51799
3.32961
3.39776
3.28003
3.42298
3.60678
3.24246
3.13712
3.28764
3.36964
3.59236
3.16849
3.6139
3.39584
3.42928
3.70332
3.51836
3.62925
3.55921
3.44893
3.44896
3.4013
3.37704
3.566
3.31572
3.34051
3.5563
3.26801
3.35751
3.5423
3.33591
3.81683
3.31664
3.47086
3.72563
3.43635
3.34327
3.51502
3.35228
3.56599
3.30129
3.61983
3.56841
3.67597
3.59784
3.56599
3.64549
3.51622
3.45808
3.51875
3.77333
3.52084
3.56725
3.71836
3.33771
3.48991
3.45183
3.38373
3.44802
3.32058
3.47167
3.50141
3.38689
3.55935
3.34501
3.57161
3.50356
3.54727
3.22822
3.28313
3.67293
3.38014
3.37214
3.33919
3.44218
3.50538
3.22695
3.65592
3.63682
3.27763
3.26732
3.60547
3.44801
3.44481
3.4099
3.32548
3.52309
3.38659
3.49483
3.46704
3.48108
3.62713
3.45329
3.10271
3.47523
3.54395
3.43292
3.51667
3.37427
3.49485
3.4029
3.49887
3.78434
3.53467
3.46072
3.46491
3.68355
3.54386
3.31243
3.72374
3.29084
3.29071
3.24821
3.66487
3.44125
3.59902
3.58519
3.38702
3.58932
3.49322
3.34939
3.44017
3.5625
3.44279
3.51869
3.45275
3.53656
3.77773
3.64855
3.26594
3.55474
3.64711
3.45256
3.54692
3.66261
3.44254
3.60961
3.30296
3.38043
3.6083
3.56945
3.5182
3.48501
3.36024
3.37871
3.43499
3.2728
3.43511
3.39911
3.25176
3.57619
3.39231
3.63978
3.20912
3.35483
3.58992
3.72561
3.58625
3.68392
3.60687
3.62337
3.72932
3.46125
3.43308
3.44767
3.3339
3.70495
3.69958
3.56848
3.60314
3.46373
3.4703
3.5921
3.65373
3.51168
3.31759
3.53759
3.3414
3.49917
3.50322
3.48035
3.77788
3.38211
3.78673
3.38483
3.61118
3.65112
3.38314
3.59827
3.49111
3.63274
3.3417
3.67723
3.64181
3.48433
3.51776
3.46891
3.56334
3.75473
3.60946
3.66907
3.53401
3.53241
3.5312
3.17845
3.68545
3.40311
3.54576
3.32947
3.57223
3.53866
3.57698
3.45531
3.70802
3.53915
3.57473
3.22295
3.48998
3.49995
3.60426
3.50233
3.53339
3.27583
3.43163
3.54326
3.53841
3.56376
3.52715
3.63213
3.5607
3.37646
3.35874
3.45023
3.45797
3.52842
3.34709
3.50552
3.48413
3.45643
3.65436
3.25979
3.45314
3.54632
3.5285
3.57308
3.59422
3.33801
3.42491
3.53714
3.3704
3.7304
3.32739
3.46992
3.43235
3.6084
3.54021
3.59296
3.4792
3.61362
3.27321
3.51343
3.49837
3.5808
3.59182
3.68285
3.60618
3.61173
3.20379
3.75428
3.21124
3.35867
3.40459
3.65983
3.42236
3.68898
3.45337
3.48049
3.72294
3.45304
3.55123
3.67997
3.53365
3.52708
3.39382
3.42461
3.53541
3.65306
3.57007
3.61114
3.17431
3.39724
3.37893
3.47409
3.52064
3.24954
3.43598
3.39494
3.55362
3.78534
3.74185
3.33467
3.3939
3.61176
3.48429
3.4617
3.55566
3.37023
3.49568
3.54703
3.54008
3.66724
3.38801
3.74859
3.64224
3.55513
3.3871
3.50644
3.19315
3.4848
3.43798
3.47093
3.55889
3.40222
3.45324
3.43559
3.46875
3.71062
3.62633
3.69655
3.34406
3.27026
3.43157
3.61057
3.59992
3.35751
3.2329
3.57331
3.69135
3.55542
3.273
3.43993
3.47596
3.49724
3.71494
3.45975
3.51496
3.43518
3.50803
3.54689
3.23434
3.60601
3.74981
3.55882
3.71818
3.51542
3.46609
3.70463
3.30585
3.46312
3.68087
3.65484
3.36509
3.53051
3.59798
3.42482
3.56279
3.45265
3.36646
3.60345
3.50531
3.79668
3.40138
3.39911
3.82032
3.46831
3.18207
3.42475
3.6019
3.46841
3.39962
3.5439
3.49092
3.52148
3.67554
3.49961
3.51243
3.39798
3.72341
3.39812
3.14202
3.45227
3.37545
3.61905
3.62307
3.74814
3.49583
3.37421
3.50664
3.49376
3.50264
3.48669
3.53594
3.4079
3.72037
3.41219
3.59731
3.43938
3.5848
3.67449
3.40948
3.66148
3.32212
3.58687
3.57302
3.61337
3.62425
3.38144
3.35196
3.2103
3.49209
3.46815
3.55926
3.29442
3.51879
3.64547
3.46818
3.49821
3.43463
3.38449
3.57131
3.54234
3.5357
3.55847
3.50922
3.58975
3.46799
3.38952
3.64054
3.628
3.1889
3.38445
3.37537
3.65159
3.32804
3.48166
3.7439
3.46626
3.41915
3.58076
3.27213
3.53706
3.52505
3.62704
3.58649
3.15208
3.57745
3.4725
3.46938
3.52381
3.50361
3.58538
3.58729
3.44979
3.51154
3.23004
3.31366
3.30466
3.40576
3.33911
3.66801
3.48539
3.20551
3.54968
3.69359
3.53147
3.5371
3.57557
3.59505
3.2921
3.67256
3.48737
3.45836
3.31218
3.38615
3.52229
3.32457
3.50892
3.85089
3.44561
3.53944
3.46103
3.49676
3.48552
3.35077
3.38237
3.60264
3.41349
3.27532
3.45182
3.49369
3.44173
3.40716
3.52139
3.61611
3.70982
3.53941
3.42433
3.51128
3.38236
3.32108
3.45524
3.4109
3.67939
3.72111
3.49388
3.42528
3.56164
3.12127
3.59471
3.64638
3.29235
3.55994
3.314
3.53777
3.54753
3.39859
3.69628
3.33312
3.44672
3.58281
3.4422
3.51525
3.32581
3.61985
3.17948
3.29756
3.77409
3.34444
3.50894
3.57976
3.60726
3.29482
3.39744
3.44972
3.49829
3.4209
3.48963
3.65328
3.48801
3.54628
3.66041
3.6041
3.49735
3.50624
3.52983
3.45511
3.56299
3.48326
3.56256
3.70369
3.51849
3.61229
3.32352
3.30242
3.59251
3.47736
3.61181
3.89707
3.49627
3.52156
3.59456
3.614
3.62193
3.59225
3.31281
3.76864
3.47383
3.49327
3.63117
3.56701
3.80452
3.56623
3.55308
3.47206
3.47732
3.7225
3.57369
3.40693
3.67742
3.49799
3.54218
3.41669
3.74336
3.40248
3.60529
3.61067
3.64068
3.4854
3.25414
3.65722
3.64974
3.38997
3.64596
3.40266
3.3395
3.61751
3.5229
3.48645
3.49915
3.07385
3.59951
3.72428
3.49952
3.76966
3.69094
3.63115
3.80605
3.64669
3.50374
3.50618
3.4653
3.60164
3.61099
3.40104
3.63675
3.37962
3.48378
3.44393
3.4919
3.4591
3.55089
3.24094
3.45247
3.25016
3.75847
3.57667
3.23956
3.52795
3.20163
3.536
3.60567
3.57328
3.59992
3.46891
3.42153
3.29203
3.38837
3.5701
3.73942
3.43558
3.64617
3.39549
3.45506
3.44376
3.63473
3.43731
3.38987
3.43253
3.56701
3.77965
3.51542
3.44801
3.73013
3.50654
3.24198
3.5589
3.53289
3.38416
3.54314
3.50907
3.65031
3.63929
3.83819
3.40227
3.68694
3.1557
3.40432
3.39075
3.63086
3.71052
3.29037
3.68972
3.62018
3.52227
3.3541
3.43957
3.34403
3.43265
3.29481
3.48756
3.5998
3.54374
3.55322
3.51112
3.27856
3.78267
3.55039
3.50429
3.30056
3.71552
3.53773
3.44955
3.32264
3.4324
3.52979
3.49659
3.33939
3.32545
3.64182
3.52012
3.35007
3.58188
3.50393
3.52848
3.313
3.81364
3.57376
3.64494
3.30943
3.29584
3.56946
3.58363
3.5887
3.5856
3.59498
3.39183
3.71651
3.54335
3.4794
3.68072
3.49835
3.67838
3.45229
3.61624
3.44973
3.34054
3.47692
3.44202
3.63535
3.67992
3.2632
3.35638
3.69878
3.5465
3.33222
3.66501
3.25486
3.60147
3.40434
3.68146
3.21635
3.36227
3.48253
3.34717
3.57706
3.50313
3.55308
3.24296
3.42299
3.73297
3.52528
3.91387
3.44361
3.42259
3.28222
3.42916
3.46507
3.50303
3.51434
3.29943
3.67716
3.55688
3.65781
3.32271
3.37594
3.72457
3.50943
3.43128
3.39402
3.29735
3.29009
3.26135
3.3901
3.36894
3.42859
3.51719
3.36999
3.61771
3.63761
3.45176
3.31061
3.44127
3.40389
3.68571
3.45925
3.66524
3.41438
3.53651
3.57955
3.39829
3.39015
3.57972
3.41643
3.45507
3.30022
3.31418
3.45162
3.41914
3.47682
3.50304
3.62175
3.61762
3.45424
3.61253
3.57089
3.57944
3.55302
3.47024
3.55934
3.19921
3.48136
3.56491
3.55066
3.77836
3.52567
3.55954
3.44867
3.41567
3.70207
3.68968
3.65644
3.16886
3.54077
3.41884
3.47905
3.40922
3.8752
3.4728
3.49203
3.54113
3.45775
3.67485
3.64735
3.35836
3.17394
3.45359
3.28881
3.50901
3.62703
3.44543
3.69877
3.44096
3.71484
3.46351
3.79805
3.39969
3.62063
3.40494
3.32079
3.30044
3.69007
3.41821
3.7864
3.5464
3.46595
3.55278
3.39016
3.51505
3.35273
3.46252
3.33454
3.63429
3.48265
3.48506
3.57312
3.62037
3.65531
3.31878
3.48885
3.44948
3.57267
3.6194
3.42869
3.68482
3.59123
3.63808
3.21633
3.68111
3.21337
3.32277
3.41506
3.63834
3.2896
3.40481
3.56251
3.42666
3.20378
3.39259
3.64918
3.50427
3.66299
3.54419
3.61266
3.70027
3.26403
3.44084
3.3194
3.5842
3.50844
3.43304
3.60591
3.64427
3.48782
3.78135
3.55126
3.54609
3.56147
3.66356
3.4527
3.3438
3.34806
3.37023
3.77644
3.51544
3.45334
3.36039
3.60522
3.34452
3.75568
3.54937
3.6548
3.31957
3.62137
3.4006
3.73102
3.37356
3.57149
3.34312
3.59952
3.68514
3.42234
3.83697
3.43975
3.81346
3.62117
3.40802
3.35543
3.6886
3.39914
3.82433
3.46302
3.5293
3.51346
3.63579
3.43041
3.35998
3.55043
3.69901
3.33738
3.54897
3.61139
3.45928
3.62996
3.58963
3.55345
3.36144
3.49043
3.29652
3.70669
3.56166
3.59485
3.48819
3.74002
3.66186
3.43005
3.4787
3.24727
3.58872
3.3419
3.59964
3.27559
3.53917
3.43676
3.57453
3.56791
3.61422
3.50796
3.4175
3.44144
3.36292
3.40922
3.52809
3.52399
3.45849
3.44689
3.30411
3.52003
3.62835
3.61281
3.64437
3.27838
3.66002
3.42976
3.66312
3.4334
3.60466
3.38136
3.58828
3.69148
3.35028
3.59817
3.565
3.53482
3.43631
3.42206
3.43677
3.61432
3.73161
3.07061
3.47573
3.40344
3.39754
3.57339
3.2341
3.63488
3.50826
3.50207
3.48867
3.34211
3.54989
3.61623
3.40017
3.6274
3.52054
3.54667
3.80942
3.42839
3.653
3.48815
3.24207
3.755
3.53209
3.37347
3.44393
3.61857
3.67839
3.20068
3.46865
3.2752
3.57031
3.48539
3.48966
3.5049
3.42644
3.45989
3.45831
3.39879
3.46987
3.54125
3.47993
3.52591
3.74653
3.58992
3.62988
3.70167
3.51937
3.58097
3.58131
3.47984
3.61018
3.50975
3.51658
3.53984
3.8111
3.50381
3.6442
3.64128
3.63746
3.86305
3.54316
3.16761
3.44402
3.64984
3.50652
3.8308
3.37641
3.55116
3.35616
3.7588
3.37967
3.68447
3.65053
3.53782
3.48568
3.51923
3.6573
3.38116
3.35145
3.53611
3.51276
3.44655
3.47019
3.5954
3.73991
3.62388
3.47681
3.28698
3.44704
3.56507
3.47002
3.5332
3.47865
3.67822
3.42269
3.56703
3.54075
3.50753
3.55238
3.40701
3.22218
3.4713
3.42405
3.45099
3.13407
3.67947
3.75665
3.46067
3.68908
3.65295
3.55554
3.65852
3.39246
3.46629
3.59266
3.30925
3.2668
3.38578
3.25624
3.65752
3.58219
3.3248
3.49199
3.64385
3.51386
3.73826
3.4576
3.72056
3.59905
3.47797
3.66246
3.63963
3.26504
3.38101
3.71445
3.4344
3.50015
3.46268
3.44571
3.56688
3.53975
3.5362
3.38918
3.56269
3.48886
3.43077
3.67793
3.50531
3.00357
3.53007
3.53899
3.46175
3.55286
3.45302
3.45369
3.41134
3.53286
3.64854
3.60631
3.49951
3.40536
3.52642
3.49293
3.58862
3.48248
3.39599
3.56235
3.4775
3.57935
3.48448
3.46101
3.46165
3.70669
3.45714
3.2537
3.25609
3.47512
3.26066
3.34198
3.5525
3.18317
3.4621
3.50219
3.38276
3.61075
3.35497
3.66489
3.26064
3.59008
3.55447
3.5077
3.6735
3.12583
3.30368
3.48326
3.39597
3.53639
3.36262
3.40429
3.84739
3.48824
3.4521
3.60767
3.36491
3.74516
3.47408
3.56927
3.31423
3.30416
3.4306
3.79151
3.55963
3.64015
3.81304
3.38553
3.66539
3.18105
3.43363
3.46977
3.45039
3.48534
3.52103
3.30693
3.71768
3.29386
3.80195
3.75107
3.63107
3.37775
3.69063
3.57685
3.51043
3.75438
3.55797
3.4127
3.51773
3.64326
3.6024
3.4498
3.60563
3.58362
3.29415
3.34884
3.4004
3.38568
3.56489
3.31624
3.44126
3.58743
3.41464
3.52195
3.24785
3.28879
3.35776
3.38047
3.3377
3.28511
3.67994
3.36719
3.16568
3.57166
3.42805
3.79168
3.45724
3.5413
3.60474
3.65004
3.30733
3.64697
3.43959
3.57805
3.61682
3.35089
3.70887
3.577
3.1884
3.43254
3.7255
3.48411
3.40376
3.57704
3.57139
3.50944
3.40394
3.36597
3.59381
3.36108
3.44472
3.59243
3.38777
3.48058
3.54897
3.57233
3.23627
3.16044
3.42773
3.17354
3.53025
3.41556
3.54207
3.5351
3.6902
3.83055
3.72737
3.39807
3.81124
3.45468
3.45213
3.57012
3.65352
3.06647
3.73304
3.69554
3.34994
3.37971
3.67821
3.35274
3.6529
3.61283
3.43044
3.85095
3.39205
3.64341
3.2825
3.59808
3.36499
3.51988
3.48605
3.4616
3.63256
3.60207
3.52644
3.69435
3.29086
3.45265
3.48483
3.39703
3.3917
3.50125
3.25996
3.63942
3.38346
3.7532
3.17103
3.36206
3.69408
3.56464
3.36386
3.48038
3.27831
3.65607
3.49207
3.46301
3.75082
3.336
3.39522
3.40634
3.47724
3.50677
3.39564
3.377
3.49492
3.72426
3.43608
3.59428
3.48527
3.73347
3.57982
3.52435
3.46967
3.75175
3.59517
3.40804
3.40064
3.42173
3.49641
3.64421
3.5703
3.60553
3.66272
3.60047
3.65794
3.34247
3.60733
3.3232
3.33859
3.54186
3.26847
3.51866
3.2744
3.23295
3.34419
3.5272
3.31079
3.44379
3.3928
3.8123
3.54924
3.13095
3.67092
3.18637
3.4185
3.6319
3.48092
3.64523
3.31621
3.41204
3.44963
3.53311
3.54277
3.52811
3.31028
3.46
3.44924
3.52998
3.65946
3.49332
3.62132
3.32266
3.56099
3.44568
3.52116
3.56029
3.46866
3.2807
3.55885
3.69422
3.4395
3.35869
3.61563
3.44683
3.25978
3.44414
3.64049
3.73308
3.40527
3.5968
3.39217
3.60165
3.55793
3.56833
3.3484
3.36752
3.80066
3.5263
3.50424
3.55787
3.46221
3.67745
3.38142
3.24325
3.53392
3.36218
3.52054
3.47571
3.33029
3.64194
3.67796
3.25603
3.61527
3.60158
3.49941
3.45163
3.46602
3.48846
3.49193
3.53735
3.14617
3.56021
3.26633
3.63065
3.46029
3.51297
3.52178
3.34334
3.56163
3.71205
3.34456
3.4217
3.73488
3.49688
3.39276
3.34666
3.47576
3.48204
3.6889
3.5662
3.63958
3.62638
3.59221
3.48163
3.53032
3.44197
3.22259
3.3597
3.15232
3.66488
3.55802
3.69246
3.34646
3.55952
3.67733
3.57665
3.58247
3.52858
3.57023
3.38458
3.42961
3.60031
3.5864
3.49831
3.42725
3.61512
3.49567
3.17908
3.32744
3.78323
3.53093
3.49378
3.3313
3.23543
3.43587
3.37037
3.59099
3.78873
3.7393
3.50416
3.49935
3.54866
3.62796
3.63681
3.58887
3.32039
3.53966
3.57984
3.562
3.50021
3.49874
3.30465
3.47463
3.56951
3.46554
3.52087
3.44463
3.31295
3.47193
3.5649
3.55727
3.28286
3.26465
3.37052
3.68948
3.48154
3.57844
3.34349
3.4748
3.43357
3.41073
3.61194
3.58081
3.56981
3.36986
3.52449
3.52104
3.2951
3.31862
3.51793
3.57317
3.7114
3.48504
3.42639
3.4254
3.4184
3.76234
3.60382
3.57286
3.36338
3.46977
3.48164
3.68593
3.66214
3.7464
3.58355
3.62243
3.36309
3.5996
3.36919
3.20539
3.32607
3.38015
3.47877
3.38841
3.38808
3.50583
3.55025
3.48048
3.38755
3.40534
3.4312
3.55205
3.66917
3.60455
3.40709
3.34426
3.54114
3.37673
3.76792
3.30327
3.45663
3.42888
3.23504
3.61153
3.6914
3.64585
3.77003
3.53771
3.38948
3.46425
3.53757
3.37752
3.39869
3.44791
3.49418
3.30688
3.61795
3.53689
3.62453
3.21962
3.32823
3.5918
3.49746
3.42146
3.27904
3.40539
3.66343
3.55217
3.70223
3.50324
3.31523
3.75775
3.67518
3.50541
3.23399
3.33454
3.75506
3.42103
3.29218
3.46717
3.45608
3.5475
3.28567
3.63214
3.74172
3.54645
3.46649
3.33897
3.35363
3.46806
3.59842
3.38075
3.19927
3.84579
3.50709
3.36601
3.51999
3.4334
3.54653
3.65378
3.26151
3.40595
3.50409
3.56366
3.46875
3.49696
3.81554
3.53285
3.37667
3.59325
3.56228
3.49191
3.31926
3.60966
3.52242
3.43132
3.32833
3.31528
3.49782
3.43045
3.39408
3.48327
3.38872
3.42106
3.50939
3.43594
3.888
3.40705
3.81951
3.5071
3.56693
3.31234
3.79922
3.49356
3.27415
3.52892
3.52927
3.66759
3.36996
3.28672
3.49389
3.6222
3.56764
3.6673
3.52138
3.32123
3.70373
3.53325
3.63955
3.42599
3.45911
3.2951
3.71799
3.37045
3.45287
3.58767
3.46892
3.7067
3.68067
3.72771
3.52856
3.44273
3.6696
3.82475
3.74094
3.34432
3.67135
3.51693
3.76594
3.6228
3.51564
3.35381
3.43349
3.78086
3.59563
3.54798
3.36575
3.68794
3.60737
3.3673
3.38927
3.60726
3.26507
3.33972
3.60879
3.39645
3.414
3.49254
3.41482
3.70336
3.5131
3.59791
3.49661
3.32926
3.40892
3.49658
3.33262
3.08106
3.62296
3.52163
3.58018
3.63456
3.37418
3.49419
3.38634
3.33057
3.60866
3.46287
3.44172
3.4257
3.75809
3.65896
3.54924
3.21985
3.24922
3.43914
3.52964
3.3821
3.53591
3.48755
3.43564
3.34704
3.52587
3.7493
3.79659
3.50332
3.57371
3.317
3.26555
3.3462
3.5625
3.24248
3.49063
3.3663
3.44535
3.49529
3.48243
3.54598
3.7192
3.69013
3.39958
3.38566
3.50254
3.70488
3.57407
3.58157
3.38888
3.71118
3.39844
3.47715
3.44808
3.53947
3.54655
3.60969
3.44707
3.55031
3.44992
3.57426
3.61221
3.48387
3.55141
3.52675
3.50483
3.45945
3.45819
3.54788
3.48207
3.44696
3.61588
3.59008
3.46476
3.43222
3.47564
3.32913
3.28427
3.44783
3.17624
3.29235
3.28018
3.4417
3.46282
3.33536
3.37065
3.50496
3.56434
3.48909
3.56739
3.38116
3.80153
3.59916
3.45708
3.52865
3.39723
3.37928
3.62109
3.70802
3.461
3.45064
3.41546
3.46644
3.36988
3.53919
3.5829
3.29084
3.36717
3.40266
3.4688
3.45174
3.45107
3.55919
3.71303
3.60958
3.32515
3.43939
3.38945
3.55559
3.3824
3.48383
3.71503
3.65882
3.69481
3.40778
3.6004
3.69147
3.38039
3.45495
3.46372
3.40419
3.41941
3.61236
3.5798
3.72333
3.39176
3.50795
3.43624
3.44197
3.55744
3.363
3.56855
3.82667
3.75177
3.62115
3.29614
3.4117
3.41755
3.62588
3.58096
3.65278
3.19573
3.51837
3.58074
3.61201
3.44665
3.62759
3.36867
3.54609
3.47366
3.12451
3.44146
3.4195
3.62103
3.61229
3.73756
3.26467
3.61797
3.77434
3.73742
3.41087
3.4907
3.50208
3.56785
3.60384
3.36439
3.92439
3.48204
3.58798
3.32686
3.71043
3.48737
3.47288
3.47596
3.41796
3.64284
3.50624
3.52242
3.40876
3.64784
3.52491
3.57013
3.55326
3.44436
3.35599
3.49569
3.39612
3.65435
3.58986
3.54904
3.60467
3.47417
3.54703
3.5472
3.42208
3.54799
3.3106
3.38285
3.39714
3.54203
3.39633
3.41966
3.7126
3.34152
3.68213
3.59631
3.53371
3.39218
3.31879
3.36098
3.69917
3.30825
3.64399
3.50829
3.22611
3.81874
3.4712
3.69047
3.65101
3.52399
3.42571
3.57463
3.22858
3.28423
3.59925
3.41817
3.41033
3.56214
3.49543
3.68394
3.47473
3.39123
3.4377
3.36727
3.48087
3.29192
3.46164
3.60661
3.46754
3.30718
3.4637
3.44967
3.31942
3.57969
3.42801
3.39697
3.42254
3.44226
3.55323
3.44468
3.78055
3.34346
3.60141
3.19852
3.41403
3.33042
3.49057
3.38081
3.36441
3.56043
3.15299
3.10228
3.42453
3.46356
3.38104
3.42073
3.66772
3.47776
3.53243
3.35832
3.59721
3.42878
3.36678
3.49933
3.5878
3.62636
3.38531
3.24037
3.4416
3.44883
3.44565
3.46486
3.57982
3.43791
3.37354
3.76358
3.29233
3.52558
3.69331
3.47333
3.51709
3.46491
3.39904
3.35539
3.42103
3.58671
3.48834
3.58585
3.75454
3.20391
3.48042
3.2295
3.50131
3.7355
3.54059
3.56927
3.69529
3.62189
3.58286
3.46305
3.52694
3.30371
3.57259
3.59981
3.46032
3.38567
3.4511
3.47682
3.5331
3.50762
3.45405
3.41991
3.51134
3.84452
3.44552
3.26862
3.37078
3.7072
3.43959
3.44814
3.32673
3.31591
3.4814
3.54982
3.68425
3.31837
3.55949
3.64229
3.5806
3.62433
3.62129
3.43492
3.54177
3.22841
3.46367
3.46553
3.62503
3.39323
3.57044
3.68432
3.2193
3.4645
3.56865
3.45572
3.72534
3.34017
3.72548
3.30021
3.58741
3.41535
3.3078
3.69787
3.54859
3.72498
3.42607
3.57557
3.90129
3.55602
3.43459
3.4997
3.50515
3.35115
3.60985
3.44626
3.5439
3.52579
3.47903
3.47028
3.49337
3.42028
3.52035
3.7463
3.52222
3.45921
3.55722
3.75192
3.59747
3.48965
3.41813
3.86624
3.41664
3.47025
3.584
3.45504
3.48841
3.73299
3.64502
3.46464
3.63351
3.73958
3.58875
3.44626
3.67803
3.55425
3.59145
3.78273
3.3607
3.30496
3.53435
3.38957
3.52624
3.55466
3.51697
3.4121
3.17647
3.7548
3.53916
3.59067
3.55132
3.60272
3.62383
3.26566
3.26127
3.62481
3.55224
3.39438
3.54341
3.55751
3.78372
3.60154
3.6128
3.69775
3.53164
3.48523
3.38107
3.69496
3.36763
3.45031
3.61414
3.35636
3.4258
3.4911
3.40095
3.48739
3.17886
3.64515
3.55501
3.43938
3.30811
3.39008
3.52069
3.58603
3.33906
3.30527
3.30617
3.65074
3.46459
3.32037
3.3148
3.20677
3.67754
3.57239
3.89692
3.47179
3.48465
3.24337
3.54379
3.51903
3.37359
3.30038
3.54575
3.62671
3.50508
3.50986
3.48632
3.38767
3.15195
3.648
3.59411
3.60109
3.457
3.67927
3.17458
3.61815
3.43146
3.42475
3.39329
3.56354
3.16612
3.59221
3.43272
3.65468
3.42676
3.58992
3.79442
3.49048
3.40598
3.49592
3.51841
3.38161
3.25315
3.60467
3.74165
3.24405
3.4044
3.62303
3.41757
3.27788
3.5346
3.4373
3.41838
3.40313
3.35302
3.62336
3.59219
3.32461
3.51482
3.52163
3.24666
3.64752
3.51994
3.59884
3.43125
3.51583
3.47153
3.36846
3.48971
3.39519
3.36557
3.44158
3.65487
3.77231
3.53379
3.78026
3.50755
3.6927
3.46151
3.57506
3.62142
3.60854
3.60251
3.56884
3.31576
3.50874
3.41262
3.39843
3.33793
3.55282
3.57404
3.4763
3.34741
3.58077
3.38217
3.28395
3.47347
3.57046
3.71689
3.24898
3.46802
3.41479
3.27014
3.52758
3.5758
3.64015
3.55163
3.66459
3.39372
3.53829
3.54466
3.40262
3.49102
3.53339
3.38383
3.61249
3.36253
3.40622
3.62654
3.71655
3.68641
3.34715
3.49019
3.52701
3.45873
3.26019
3.37693
3.37096
3.57638
3.58951
3.35779
3.32402
3.2404
3.44074
3.63816
3.47461
3.60156
3.36856
3.72642
3.39048
3.22002
3.50274
3.5276
3.55962
3.36099
3.48432
3.33405
3.52724
3.34826
3.7839
3.58475
3.15079
3.49746
3.47388
3.41549
3.44489
3.25089
3.47649
3.5714
3.33801
3.18594
3.15959
3.65408
3.56278
3.41874
3.80203
3.5249
3.50184
3.62517
3.20041
3.48656
3.56111
3.65089
3.43927
3.76464
3.44221
3.38239
3.44638
3.31108
3.58621
3.30091
3.50519
3.45153
3.2102
3.54109
3.3462
3.29826
3.55891
3.57625
3.33915
3.50072
3.543
3.50207
3.60796
3.55546
3.43603
3.29077
3.39019
3.24737
3.55195
3.48741
3.513
3.34411
3.62499
3.37036
3.50741
3.56557
3.46377
3.59774
3.33282
3.45024
3.85161
3.76172
3.38352
3.5404
3.76482
3.32255
3.49924
3.40802
3.53091
3.44424
3.45149
3.3431
3.44855
3.50365
3.82759
3.57657
3.19117
3.19502
3.38432
3.20936
3.61609
3.50171
3.44303
3.61975
3.40104
3.80702
3.59798
3.42072
3.72992
3.36602
3.61005
3.43919
3.59976
3.71028
3.25738
3.48916
3.67065
3.60726
3.56506
3.31039
3.53058
3.39638
3.73559
3.34474
3.34702
3.42351
3.60209
3.47191
3.62721
3.49589
3.52606
3.52641
3.6589
3.47925
3.61164
3.4178
3.4035
3.75905
3.65809
3.72592
3.56351
3.48766
3.37266
3.39304
3.54611
3.38952
3.51531
3.68486
3.74473
3.24587
3.44762
3.64214
3.61049
3.63126
3.40734
3.49486
3.53552
3.17343
3.58076
3.4109
3.31978
3.20857
3.4446
3.40086
3.4435
3.4039
3.49939
3.40125
3.46698
3.41922
3.46618
3.65754
3.37964
3.52956
3.3684
3.47925
3.72021
3.58068
3.6709
3.68885
3.64003
3.69921
3.54783
3.3862
3.78106
3.07956
3.45145
3.40071
3.69087
3.26915
3.60358
3.65282
3.3961
3.37412
3.53166
3.29679
3.35651
3.35722
3.47127
3.4167
3.52148
3.34986
3.25694
3.49744
3.46063
3.70005
3.22322
3.5927
3.49073
3.52834
3.53778
3.7117
3.42054
3.76335
3.3385
3.44662
3.48558
3.22904
3.49639
3.36254
3.39465
3.65537
3.57619
3.57187
3.46001
3.63439
3.46655
3.51506
3.18303
3.7435
3.25169
3.16941
3.41732
3.60789
3.84641
3.35802
3.48104
3.47393
3.71622
3.43065
3.64042
3.51541
3.55464
3.73831
3.68622
3.44453
3.68939
3.37361
3.77519
3.59952
3.53948
3.49862
3.45817
3.53074
3.59491
3.48214
3.51697
3.30708
3.69108
3.71829
3.53164
3.56471
3.54948
3.54828
3.20021
3.46982
3.55689
3.2072
3.43269
3.46746
3.25469
3.46774
3.74118
3.43813
3.51021
3.55278
3.69804
3.73421
3.39216
3.83851
3.33389
3.51794
3.47178
3.52026
3.74747
3.72286
3.32175
3.8126
3.24905
3.26074
3.23464
3.50588
3.55941
3.24555
3.63289
3.05086
3.68621
3.65673
3.69201
3.54339
3.2496
3.41334
3.44907
3.43104
3.32901
3.38107
3.46827
3.51353
3.60292
3.53407
3.4354
3.55883
3.45356
3.39327
3.55319
3.60675
3.45833
3.3633
3.35935
3.33211
3.58992
3.58971
3.58918
3.48898
3.6469
3.4584
3.50461
3.35833
3.43674
3.60927
3.56166
3.57054
3.38305
3.63573
3.688
3.57497
3.32901
3.54213
3.34266
3.47823
3.3588
3.68096
3.27963
3.67317
3.50892
3.5416
3.43741
3.43045
3.39126
3.46257
3.52608
3.22443
3.69987
3.53918
3.93416
3.41552
3.57316
3.49837
3.52674
3.66051
3.48359
3.5627
3.40707
3.52312
3.67654
3.22525
3.31329
3.45638
3.6804
3.90754
3.62225
3.3788
3.70959
3.42197
3.5323
3.46633
3.58256
3.51108
3.3969
3.43167
3.42652
3.23514
3.48094
3.41323
3.6908
3.48018
3.41161
3.4452
3.64072
3.60826
3.5958
3.38088
3.45391
3.52182
3.67574
3.44111
3.79084
3.46399
3.3949
3.65947
3.61151
3.27686
3.54597
3.64646
3.41018
3.43938
3.57276
3.59421
3.53994
3.40696
3.54797
3.49381
3.4491
3.27443
3.79861
3.48705
3.50122
3.38456
3.55112
3.52447
3.35058
3.90358
3.26775
3.55155
3.34519
3.53604
3.34648
3.345
3.6789
3.45045
3.606
3.52088
3.46478
3.53797
3.42781
3.48667
3.65146
3.42568
3.32731
3.35887
3.55437
3.56653
3.37568
3.71822
3.42373
3.67783
3.39448
3.12432
3.47125
3.49998
3.69481
3.46157
3.37727
3.44754
3.38297
3.58828
3.25032
3.42434
3.40441
3.4608
3.51096
3.72464
3.54791
3.35461
3.22177
3.34211
3.63179
3.60418
3.38531
3.55854
3.49416
3.48353
3.48202
3.58421
3.25894
3.69932
3.21986
3.42168
3.79956
3.41837
3.66763
3.77498
3.52235
3.4015
3.59376
3.32605
3.54125
3.46546
3.48251
3.65028
3.56593
3.54506
3.59947
3.49298
3.52512
3.47706
3.37814
3.37881
3.44698
3.27798
3.49958
3.37588
3.66844
3.63751
3.43692
3.28647
3.29541
3.69952
3.58669
3.33625
3.58558
3.45244
3.5087
3.38387
3.62598
3.60101
3.54653
3.57275
3.57681
3.39114
3.65037
3.397
3.60374
3.45982
3.67413
3.45337
3.42031
3.33203
3.51867
3.75096
3.5125
3.43636
3.24311
3.60078
3.46722
3.56131
3.41598
3.65686
3.47657
3.62425
3.57816
3.43081
3.48992
3.57463
3.58941
3.45184
3.63546
3.80365
3.48054
3.39396
3.63331
3.48199
3.23284
3.54223
3.52184
3.49765
3.55685
3.62016
3.26932
3.41571
3.49223
3.74977
3.59254
3.48184
3.35074
3.56657
3.45447
3.24156
3.47396
3.31102
3.56271
3.74696
3.52793
3.56854
3.59063
3.37295
3.45634
3.42989
3.44313
3.51471
3.36425
3.79371
3.53881
3.33834
3.45424
3.58327
3.58055
3.30664
3.3868
3.54914
3.33618
3.40168
3.13684
3.32977
3.35131
3.41626
3.51828
3.44174
3.61611
3.53603
3.19847
3.87166
3.40791
3.23414
3.62443
3.54162
3.58145
3.45032
3.48267
3.61984
3.42884
3.42625
3.51459
3.59874
3.58081
3.46917
3.60925
3.91199
3.42147
3.56539
3.39538
3.46259
3.33808
3.5159
3.60459
3.53385
3.42808
3.46567
3.72753
3.60501
3.48497
3.54863
3.63499
3.39359
3.43503
3.67025
3.38578
3.69614
3.49679
3.54951
3.24317
3.29936
3.63502
3.49213
3.47197
3.1335
3.48123
3.61707
3.43789
3.43986
3.39249
3.65801
3.38124
3.37422
3.82039
3.21174
3.48672
3.71819
3.31218
3.45542
3.47129
3.47031
3.3658
3.70442
3.56187
3.68868
3.51076
3.43281
3.53487
3.35717
3.28672
3.17821
3.33926
3.59693
3.39163
3.60293
3.67531
3.34514
3.32141
3.63331
3.45058
3.62292
3.27281
3.39916
3.73523
3.31418
3.33164
3.44497
3.28854
3.22734
3.66796
3.58512
3.62832
3.56176
3.51028
3.5246
3.51531
3.50089
3.72057
3.56735
3.32431
3.55374
3.442
3.43402
3.77395
3.46687
3.34121
3.56103
3.287
3.2285
3.81711
3.10279
3.45306
3.3868
3.19794
3.80898
3.31548
3.60412
3.54857
3.54873
3.55452
3.61914
3.70986
3.75366
3.3884
3.58869
3.59202
3.45152
3.66438
3.53125
3.39374
3.51239
3.66146
3.34382
3.31905
3.62938
3.32686
3.36435
3.36381
3.35556
3.46792
3.60115
3.34353
3.66903
3.22145
3.50168
3.38467
3.38814
3.32232
3.6821
3.60104
3.35857
3.49319
3.48979
3.47733
3.58419
3.47727
3.62065
3.43153
3.42365
3.786
3.56287
3.32832
3.47449
3.33341
3.63935
3.61498
3.56669
3.52923
3.57032
3.45204
3.58744
3.60244
3.52836
3.41027
3.55922
3.67725
3.40737
3.4061
3.39285
3.52334
3.52765
3.79714
3.43741
3.45223
3.44882
3.40988
3.6491
3.43167
3.41236
3.27128
3.45062
3.43995
3.43597
3.21621
3.40324
3.48197
3.4312
3.79257
3.46317
3.5889
3.56662
3.53608
3.44433
3.82341
3.54808
3.68639
3.40919
3.5623
3.58821
3.51662
3.4098
3.47836
3.58678
3.59809
3.7506
3.34341
3.59406
3.77209
3.44509
3.57431
3.57878
3.45064
3.38822
3.5439
3.27281
3.66805
3.41623
3.52872
3.51423
3.60526
3.576
3.41533
3.26088
3.65863
3.42567
3.68716
3.89601
3.17532
3.1884
3.46379
3.54815
3.37693
3.33123
3.46443
3.39692
3.29331
3.54084
3.51762
3.23671
3.57857
3.36811
3.4389
3.52006
3.5809
3.41334
3.29834
3.50275
3.43834
3.62405
3.49995
3.21223
3.57217
3.67721
3.39459
3.61156
3.59996
3.46768
3.59853
3.6305
3.38998
3.62496
3.28929
3.28571
3.62902
3.62988
3.70084
3.21198
3.47538
3.55326
3.48987
3.57627
3.46897
3.63837
3.54514
3.59656
3.77029
3.39904
3.66166
3.63722
3.55032
3.50535
3.70169
3.30294
3.65311
3.57873
3.66437
3.70297
3.60288
3.41833
3.33583
3.55765
3.67765
3.38062
3.59174
3.469
3.52118
3.38401
3.32412
3.32729
3.41507
3.36036
3.76426
3.62558
3.78301
3.47535
3.5737
3.50383
3.39895
3.53952
3.72507
3.49475
3.37107
3.68177
3.44472
3.49308
3.32354
3.40739
3.53895
3.67025
3.44774
3.56236
3.42584
3.55626
3.44508
3.52578
3.29441
3.66069
3.583
3.40239
3.61303
3.40469
3.58629
3.53703
3.95902
3.63582
3.58544
3.47282
3.54126
3.39765
3.64395
3.62512
3.28769
3.67594
3.13645
3.84296
3.26953
3.19331
3.4996
3.57991
3.28423
3.52435
3.62746
3.49628
3.36887
3.4528
3.58342
3.51446
3.61597
3.44305
3.50037
3.59933
3.31357
3.14743
3.84117
3.48557
3.33148
3.47149
3.69108
3.57379
3.42547
3.36899
3.55429
3.41733
3.63146
3.63845
3.62613
3.52162
3.52138
3.54325
3.41312
3.57791
3.54274
3.77706
3.4225
3.65338
3.41368
3.79649
3.59325
3.90936
3.34542
3.34292
3.39049
3.41964
3.66399
3.47522
3.73497
3.61066
3.60308
3.63542
3.38978
3.39554
3.53996
3.31902
3.67588
3.72377
3.64619
3.62205
3.33857
3.46843
3.27524
3.28647
3.38659
3.72288
3.7586
3.416
3.42585
3.57869
3.38252
3.53422
3.45958
3.60679
3.46713
3.70673
3.67683
3.61365
3.51974
3.49925
3.50116
3.24438
3.33439
3.59376
3.57144
3.65464
3.40936
3.43413
3.32657
3.7232
3.45458
3.52358
3.66602
3.32712
3.81083
3.59549
3.55817
3.75123
3.60254
3.57963
3.51808
3.55404
3.34615
3.58562
3.37683
3.66172
3.43584
3.42547
3.51418
3.46222
3.42854
3.54715
3.27636
3.4712
3.45007
3.50101
3.35102
3.44189
3.39428
3.3109
3.37111
3.74054
3.28715
3.67194
3.66956
3.75941
3.6376
3.4468
3.6567
3.53924
3.59691
3.68223
3.54228
3.473
3.54878
3.51798
3.57386
3.61276
3.40164
3.45973
3.51363
3.5517
3.55534
3.288
3.37537
3.65297
3.56389
3.32499
3.39353
3.59741
3.41632
3.68113
3.59621
3.22185
3.40732
3.55315
3.35403
3.77006
3.16973
3.49583
3.47671
3.47811
3.19068
3.6389
3.62911
3.41592
3.38314
3.57133
3.48894
3.25714
3.535
3.56467
3.36756
3.69898
3.60731
3.20733
3.66618
3.60396
3.40376
3.57186
3.48901
3.23553
3.43306
3.43681
3.58546
3.4093
3.28633
3.23528
3.29311
3.48184
3.35116
3.70198
3.50336
3.54889
3.38442
3.4406
3.67178
3.47492
3.26543
3.63341
3.54477
3.52578
3.70172
3.76503
3.52465
3.62646
3.65888
3.33215
3.69492
3.4658
3.48667
3.66109
3.52756
3.7199
3.41308
3.30514
3.49442
3.46626
3.52832
3.49348
3.80423
3.71053
3.78055
3.6036
3.63753
3.44757
3.6053
3.42908
3.30103
3.57888
3.31033
3.76462
3.17348
3.30819
3.58799
3.63014
3.61489
3.28707
3.3267
3.30591
3.41092
3.48255
3.59374
3.3505
3.27434
3.68839
3.56093
3.62354
3.47553
3.60219
3.54527
3.63499
3.32367
3.38994
3.43629
3.54298
3.42075
3.31
3.58212
3.82196
3.61016
3.41846
3.40603
3.27312
3.39161
3.57756
3.32534
3.4489
3.57455
3.93925
3.34465
3.4635
3.34168
3.57562
3.29519
3.21123
3.74455
3.42817
3.24216
3.56462
3.50319
3.14772
3.73202
3.37414
3.58146
3.59688
3.60151
3.59139
3.46024
3.48694
3.47029
3.38767
3.23001
3.77107
3.48918
3.63974
3.57513
3.66571
3.66569
3.4548
3.47122
3.52193
3.38887
3.50629
3.36787
3.36884
3.42535
3.25274
3.62842
3.65067
3.20829
3.51119
3.64869
3.42962
3.49129
3.35731
3.47648
3.37619
3.33908
3.77404
3.35386
3.46902
3.52683
3.37046
3.404
3.5759
3.36994
3.59303
3.73445
3.5881
3.75629
3.55089
3.32876
3.42961
3.60272
3.5771
3.54833
3.61344
3.35768
3.44785
3.36627
3.66659
3.37184
3.63127
3.40528
3.64579
3.45864
3.53799
3.40136
3.51574
3.11662
3.49509
3.36518
3.41179
3.58536
3.56543
3.46305
3.70891
3.50692
3.48424
3.53936
3.41883
3.51476
3.33482
3.55236
3.63726
3.5218
3.5852
3.59508
3.36301
3.42973
3.40768
3.27342
3.31088
3.33131
3.4531
3.41311
3.64029
3.4775
3.50174
3.86757
3.3714
3.33146
3.46267
3.59843
3.56068
3.83112
3.3435
3.55067
3.55781
3.38227
3.36232
3.29413
3.46565
3.5041
3.32381
3.3035
3.3754
3.44894
3.4313
3.44832
3.59856
3.51818
3.50669
3.46528
3.56778
3.69619
3.54011
3.53425
3.4283
3.47417
3.3412
3.88034
3.34204
3.38568
3.51386
3.62352
3.47602
3.37596
3.17642
3.49789
3.4471
3.57657
3.49893
3.51242
3.29496
3.60765
3.52967
3.32494
3.50505
3.62922
3.4826
3.40142
3.45349
3.4138
3.35769
3.33229
3.44578
3.51196
3.46593
3.57772
3.57118
3.63279
3.38107
3.46373
3.2446
3.66111
3.68969
3.35102
3.20801
3.53334
3.51178
3.64832
3.56303
3.39394
3.46344
3.19231
3.45678
3.45412
3.38378
3.46576
3.74276
3.72494
3.29773
3.4759
3.38859
3.49648
3.58678
3.51493
3.75266
3.48508
3.68942
3.47443
3.75138
3.62039
3.65317
3.13559
3.43898
3.79428
3.61015
3.45718
3.67176
3.29334
3.44799
3.58309
3.52863
3.73694
3.44792
3.54133
3.3598
3.44257
3.4121
3.35633
3.48558
3.59065
3.60177
3.34648
3.66702
3.76024
3.45842
3.42876
3.52045
3.35799
3.62961
3.45225
3.59755
3.41183
3.42136
3.63256
3.45315
3.30148
3.49918
3.50893
3.37229
3.59765
3.60928
3.39589
3.27869
3.53163
3.29215
3.6014
3.29632
3.56745
3.56017
3.53332
3.58609
3.79812
3.61127
3.56606
3.72937
3.23818
3.3004
3.48935
3.53044
3.58413
3.59076
3.46093
3.35943
3.56485
3.40662
3.38508
3.40805
3.45375
3.55968
3.38886
3.57947
3.51455
3.52074
3.61795
3.73476
3.75259
3.4086
3.62389
3.46731
3.24354
3.41813
3.5147
3.82739
3.36139
3.40925
3.59069
3.36861
3.72753
3.32883
3.53736
3.3882
3.30292
3.78732
3.64719
3.48295
3.39506
3.61197
3.4924
3.34266
3.25185
3.4485
3.42026
3.6031
3.26396
3.33326
3.49308
3.63019
3.64783
3.65747
3.39459
3.55738
3.281
3.14567
3.57474
3.39808
3.4117
3.62014
3.60462
3.50507
3.36464
3.72314
3.61345
3.59858
3.41476
3.46897
3.37965
3.63514
3.45091
3.59753
3.29757
3.58899
3.65126
3.60146
3.69207
3.26786
3.49239
3.44858
3.40259
3.48506
3.61389
3.52164
3.3087
3.40976
3.46033
3.44708
3.61901
3.56731
3.57254
3.53486
3.24523
3.41153
3.49994
3.45112
3.38337
3.74067
3.50606
3.44558
3.47384
3.7792
3.48872
3.60551
3.36242
3.34705
3.58722
3.6583
3.48391
3.28832
3.59797
3.59426
3.19039
3.73123
3.47077
3.4817
3.84587
3.50134
3.40743
3.69622
3.55937
3.70972
3.58463
3.38578
3.47813
3.38811
3.57301
3.44386
3.41291
3.59284
3.62418
3.7622
3.21725
3.49946
3.24768
3.33519
3.5926
3.55987
3.4997
3.23777
3.59108
3.39393
3.60545
3.49869
3.48789
3.28734
3.88699
3.64097
3.29514
3.36766
3.46852
3.36153
3.43899
3.28048
3.43095
3.57172
3.47207
3.48736
3.73751
3.3208
3.39289
3.55775
3.60249
3.42413
3.39427
3.5264
3.37482
3.71791
3.66254
3.33849
3.30842
3.26252
3.49954
3.40406
3.39118
3.26609
3.63909
3.38378
3.5045
3.35045
3.17999
3.4279
3.73521
3.43104
3.45733
3.69026
3.51168
3.53295
3.32398
3.5892
3.53622
3.4647
3.71421
3.18728
3.53535
3.47184
3.36121
3.51164
3.70006
3.59213
3.59048
3.037
3.4378
3.68418
3.66093
3.35296
3.50812
3.60152
3.77551
3.48771
3.3638
3.63384
3.48334
3.50986
3.41945
3.38736
3.44515
3.48027
3.46927
3.52621
3.58396
3.32596
3.67604
3.54665
3.39278
3.30762
3.50309
3.65603
3.47131
3.30295
3.41115
3.32836
3.41346
3.67746
3.64203
3.40835
3.61758
3.36477
3.46084
3.68587
3.34124
3.27808
3.52883
3.51257
3.5225
3.475
3.52857
3.53266
3.23951
3.64723
3.71339
3.34968
3.38029
3.50734
3.35298
3.35108
3.49459
3.29421
3.59704
3.26259
3.39974
3.61922
3.42873
3.6542
3.26232
3.42499
3.73002
3.41955
3.62747
3.77851
3.43054
3.55083
3.5179
3.52058
3.51204
3.53075
3.42424
3.64343
3.34025
3.76372
3.55878
3.56838
3.34594
3.56801
3.44442
3.59545
3.42715
3.45074
3.36066
3.39675
3.5445
3.43762
3.3186
3.2255
3.33129
3.42932
3.43668
3.5127
3.39043
3.50629
3.58927
3.67313
3.55001
3.60397
3.39968
3.54268
3.34936
3.53022
3.24973
3.26888
3.37754
3.34687
3.72762
3.37646
3.58607
3.58729
3.33598
3.42979
3.79779
3.78171
3.13209
3.46423
3.28379
3.41242
3.42188
3.45799
3.33018
3.4705
3.37999
3.31674
3.56664
3.48601
3.56731
3.54243
3.42866
3.40364
3.3683
3.50861
3.3252
3.2755
3.46957
3.56375
3.43384
3.49305
3.80197
3.28475
3.39515
3.68007
3.26778
3.40225
3.57822
3.3184
3.62498
3.31988
3.53917
3.52851
3.35054
3.54902
3.4946
3.37656
3.55447
3.43125
3.48178
3.73012
3.36661
3.57014
3.72751
3.53406
3.76803
3.49438
3.64746
3.92883
3.53877
3.67407
3.49791
3.53275
3.4941
3.31204
3.75182
3.36036
3.43077
3.43212
3.42091
3.44857
3.75552
3.58623
3.24592
3.66259
3.46743
3.45206
3.57662
3.70343
3.31615
3.39341
3.6137
3.53897
3.50785
3.70485
3.58419
3.38025
3.5807
3.56276
3.72253
3.62515
3.6218
3.7045
3.3789
3.64106
3.74756
3.50763
3.52691
3.05862
3.36911
3.39106
3.34242
3.34827
3.36493
3.21004
3.6253
3.20158
3.28233
3.66673
3.5862
3.53911
3.43987
3.4584
3.42
3.51688
3.3024
3.53506
3.48795
3.60309
3.55068
3.43829
3.33028
3.49711
3.46752
3.14336
3.53128
3.51264
3.26221
3.32635
3.60853
3.29676
3.35513
3.32815
3.09841
3.45692
3.24448
3.73737
3.50954
3.41761
3.22696
3.56378
3.31611
3.62868
3.34426
3.42445
3.61302
3.39713
3.22727
3.26416
3.55464
3.71425
3.85989
3.58227
3.49909
3.45006
3.53423
3.33761
3.4299
3.38674
3.4692
3.45354
3.72698
3.46317
3.61431
3.64485
3.50868
3.30225
3.66049
3.48853
3.51688
3.44301
3.07994
3.51013
3.41702
3.44929
3.31673
3.60776
3.73482
3.56692
3.50019
3.63543
3.20173
3.45128
3.45281
3.51777
3.43078
3.33706
3.71464
3.61784
3.69499
3.42219
3.40598
3.38005
3.47985
3.53767
3.60032
3.57001
3.63212
3.47533
3.57934
3.5331
3.52653
3.19532
3.44183
3.54382
3.77244
3.38519
3.53852
3.41759
3.48222
3.39245
3.60453
3.45706
3.52329
3.65251
3.31146
3.70464
3.27571
3.48387
3.4109
3.47329
3.26711
3.57239
3.3913
3.47728
3.60692
3.36653
3.32002
3.48488
3.69174
3.65553
3.59244
3.56494
3.5537
3.65227
3.76012
3.49904
3.62376
3.6527
3.30965
3.4812
3.88174
3.54385
3.46435
3.5271
3.31501
3.43214
3.3804
3.41449
3.55768
3.46396
3.40958
3.57686
3.5322
3.71032
3.50022
3.4221
3.36523
3.6875
3.65841
3.54809
3.54966
3.5856
3.44127
3.37716
3.37457
3.52681
3.6042
3.43111
3.14521
3.47521
3.67395
3.46886
3.26468
3.1702
3.51937
3.45851
3.6992
3.55518
3.69175
3.30569
3.499
3.2735
3.65667
3.56007
3.64655
3.45355
3.58908
3.52193
3.50406
3.55476
3.45368
3.47069
3.3821
3.24659
3.84233
3.68715
3.60131
3.24208
3.64041
3.49151
3.4189
3.55821
3.59404
3.86886
3.44204
3.42456
3.3
3.65415
3.74975
3.86247
3.39018
3.59839
3.44547
3.50637
3.53257
3.48808
3.61183
3.73922
3.37052
3.38971
3.53991
3.36397
3.3222
3.59108
3.65442
3.33287
3.56219
3.46155
3.20708
3.60645
3.65699
3.55285
3.40979
3.61425
3.47634
3.61253
3.47957
3.58891
3.60231
3.28177
3.46721
3.49568
3.4079
3.54949
3.54135
3.42914
3.62714
3.53472
3.45005
3.59906
3.28849
3.61887
3.73152
3.37723
3.63351
3.40009
3.59606
3.52716
3.29247
3.69129
3.70104
3.68847
3.33912
3.4839
3.5407
3.53798
3.29607
3.5492
3.27277
3.64923
3.61306
3.64899
3.65369
3.07233
3.63968
3.62768
3.35443
3.50611
3.66462
3.40742
3.5786
3.53438
3.84325
3.40839
3.55487
3.3981
3.83531
3.41593
3.52559
3.5255
3.62484
3.41655
3.45332
3.2919
3.5439
3.52455
3.46733
3.23112
3.62225
3.6212
3.27185
3.77041
3.43466
3.62836
3.63795
3.46074
3.46782
3.2884
3.75095
3.52427
3.67872
3.6223
3.5852
3.49106
3.31632
3.58774
3.57818
3.34658
3.6285
3.4592
3.52568
3.61228
3.37599
3.3518
3.37002
3.18073
3.47535
3.31086
3.65321
3.67747
3.6927
3.78891
3.60678
3.72133
3.66022
3.38229
3.60034
3.60507
3.5872
3.44887
3.72064
3.31832
3.48753
3.47909
3.35298
3.63456
3.59556
3.44192
3.33691
3.43415
3.34214
3.77789
3.36813
3.48519
3.66271
3.56076
3.41827
3.50412
3.50942
3.49999
3.54476
3.56791
3.48903
3.35571
3.51224
3.6498
3.3485
3.6381
3.54783
3.45033
3.53021
3.56307
3.65174
3.44566
3.61859
3.63617
3.18539
3.47494
3.55011
3.43646
3.60875
3.48873
3.50845
3.47239
3.73882
3.43027
3.77678
3.6314
3.45116
3.27145
3.46898
3.39529
3.54625
3.72539
3.46166
3.39301
3.40269
3.4076
3.54896
3.663
3.639
3.46734
3.59183
3.49675
3.30594
3.56139
3.48386
3.48557
3.33125
3.49181
3.5554
3.44238
3.53861
3.47969
3.48784
3.52047
3.71277
3.74689
3.36008
3.551
3.23275
3.47731
3.59882
3.52122
3.5448
3.52997
3.60481
3.41522
3.54727
3.42545
3.4267
3.18908
3.45903
3.52775
3.50455
3.40242
3.49346
3.79334
3.60472
3.47795
3.80976
3.60938
3.36817
3.61124
3.51366
3.54288
3.6939
3.60232
3.42911
3.57273
3.52951
3.43108
3.51312
3.37648
3.49067
3.5484
3.58542
3.74375
3.53149
3.45477
3.4449
3.38805
3.38753
3.43835
3.44474
3.47904
3.36344
3.64437
3.39796
3.56701
3.48698
3.74763
3.68546
3.52144
3.70147
3.40012
3.6383
3.70557
3.51838
3.77549
3.51606
3.55882
3.35202
3.33243
3.50332
3.40897
3.50816
3.26859
3.39595
3.53595
3.64851
3.48712
3.59923
3.65903
3.60291
3.44768
3.25953
3.66954
3.9011
3.42365
3.20162
3.53064
3.49586
3.63756
3.39327
3.31636
3.64963
3.24658
3.45916
3.76151
3.30621
3.34995
3.46596
3.44452
3.41963
3.54012
3.30038
3.47498
3.51185
3.61967
3.61211
3.65783
3.58148
3.30575
3.24362
3.40599
3.48498
3.29386
3.41843
3.72337
3.51268
3.35308
3.4601
3.33014
3.38101
3.52433
3.51345
3.90207
3.31328
3.69376
3.34012
3.39589
3.4805
3.56303
3.76028
3.4825
3.47438
3.73846
3.26232
3.25991
3.48425
3.6607
3.40248
3.71777
3.49981
3.19713
3.26619
3.52549
3.41156
3.51856
3.51307
3.31553
3.28089
3.48225
3.62754
3.53416
3.90152
3.94318
3.54663
3.43111
3.37436
3.81525
3.23728
3.41038
3.4675
3.45449
3.54458
3.5638
3.63338
3.43606
3.48317
3.65937
3.55476
3.64686
3.5435
3.50621
3.64171
3.51579
3.38479
3.61802
3.55113
3.50333
3.43671
3.64682
3.55098
3.52252
3.43156
3.65903
3.30088
3.513
3.73882
3.42559
3.4711
3.69021
3.72398
3.49808
3.47169
3.49146
3.60353
3.39275
3.36377
3.34078
3.46791
3.75417
3.47472
3.50448
3.49446
3.52066
3.48919
3.50924
3.52201
3.41304
3.68785
3.49464
3.45919
3.41886
3.45575
3.47199
3.59828
3.54379
3.58202
3.56129
3.55636
3.30218
3.37303
3.5783
3.36581
3.51856
3.20068
3.44347
3.33593
3.41202
3.40777
3.53475
3.50753
3.68534
3.34239
3.45602
3.42253
3.49072
3.49305
3.59302
3.48017
3.64398
3.44657
3.37884
3.602
3.55913
3.39055
3.39058
3.42731
3.5752
3.78229
3.29924
3.26098
3.59715
3.40599
3.49468
3.54558
3.42282
3.39026
3.55743
3.22967
3.47762
3.75762
3.49938
3.604
3.77911
3.32796
3.74509
3.47772
3.45309
3.3479
3.22569
3.46633
3.6732
3.66779
3.25716
3.4132
3.54591
3.68828
3.57492
3.41672
3.4627
3.34845
3.44665
3.33474
3.54136
3.3271
3.68505
3.48835
3.62835
3.47942
3.38266
3.63677
3.63389
3.58061
3.54031
3.39526
3.4719
3.49853
3.51146
3.56793
3.57651
3.56715
3.83384
3.51728
3.46703
4.03269
3.47074
3.7425
3.63334
3.44439
3.43345
3.38809
3.31345
3.26171
3.35696
3.60509
3.48522
3.5498
3.55063
3.2864
3.74407
3.4353
3.39586
3.44836
3.63848
3.2941
3.5125
3.63027
3.48535
3.64315
3.26601
3.53389
3.33683
3.60799
3.33704
3.42457
3.67076
3.43813
3.5256
3.31619
3.27637
3.39188
3.61137
3.46148
3.35733
3.21268
3.34228
3.41983
3.62375
3.5688
3.47314
3.52425
3.34537
3.57821
3.52613
3.56965
3.53741
3.54048
3.44514
3.44396
3.4013
3.49775
3.56579
3.57421
3.59198
3.39643
3.62293
3.50945
3.53361
3.52165
3.36767
3.5622
3.80579
3.67628
3.26562
3.63045
3.47189
3.3764
3.29833
3.87211
3.67153
3.78514
3.38983
3.40368
3.59908
3.50665
3.57996
3.64501
3.33998
3.56219
3.66671
3.48222
3.43681
3.27023
3.53898
3.32036
3.35694
3.40227
3.72212
3.34793
3.58378
3.33644
3.80776
3.68504
3.6532
3.48069
3.63994
3.33701
3.45741
3.68735
3.5795
3.42548
3.43772
3.33114
3.41845
3.56867
3.88851
3.57228
3.31624
3.73289
3.54387
3.52673
3.97992
3.52698
3.31911
3.61539
3.2599
3.36167
3.42882
3.8141
3.38327
3.44576
3.55341
3.52639
3.49656
3.59086
3.47607
3.40076
3.68982
3.34669
3.46187
3.46442
3.37381
3.5388
3.40108
3.44543
3.5323
3.78047
3.58839
3.40495
3.27124
3.68086
3.56004
3.35164
3.4868
3.6211
3.41067
3.70995
3.52402
3.67033
3.46175
3.41433
3.34803
3.56341
3.40361
3.45105
3.49968
3.2124
3.28265
3.51967
3.55753
3.4735
3.20595
3.38591
3.77792
3.54132
3.43493
3.59792
3.58516
3.49253
3.68994
3.28768
3.38362
3.45059
3.53782
3.62951
3.51362
3.64348
3.43414
3.42758
3.32296
3.62638
3.442
3.50416
3.57609
3.44108
3.64943
3.71065
3.37261
3.53403
3.40706
3.58317
3.4471
3.60492
3.25805
3.61457
3.62214
3.50765
3.63217
3.31484
3.58637
3.42558
3.6758
3.53164
3.61946
3.34288
3.48986
3.55298
3.6859
3.33396
3.4474
3.51383
3.61946
3.54275
3.41288
3.32857
3.32016
3.82375
3.73489
3.32108
3.68573
3.61672
3.43423
3.57455
3.69932
3.77694
3.35926
3.52257
3.39541
3.68276
3.1303
3.35371
3.62574
3.54254
3.69511
3.3512
3.39719
3.52262
3.51713
3.28974
3.40347
3.46839
3.61851
3.21123
3.47242
3.3402
3.69979
3.70136
3.50094
3.58608
3.55795
3.63893
3.4993
3.42305
3.57493
3.63964
3.61676
3.69901
3.69837
3.51648
3.22033
3.60698
3.53638
3.62834
3.44863
3.42361
3.38842
3.5889
3.41267
3.59385
3.58393
3.45752
3.66538
3.38361
3.35076
3.53417
3.66187
3.47238
3.48522
3.53014
3.33217
3.5075
3.54553
3.58643
3.43851
3.59221
3.64076
3.56183
3.68876
3.3791
3.63689
3.46232
3.52812
3.341
3.55206
3.38386
3.63091
3.5412
3.51275
3.49045
3.61414
3.67467
3.4429
3.49912
3.445
3.60243
3.55762
3.49403
3.464
3.80077
3.48372
3.49128
3.64562
3.39718
3.32851
3.52651
3.71841
3.71502
3.61913
3.68706
3.46641
3.49862
3.68403
3.56052
3.58368
3.44087
3.44856
3.27169
3.60397
3.33495
3.6666
3.62973
3.57722
3.42232
3.61
3.50737
3.36492
3.35866
3.53779
3.32405
3.52613
3.51974
3.01694
3.55497
3.56603
3.419
3.46672
3.33777
3.71895
3.75888
3.49831
3.64881
3.48758
3.33752
3.3217
3.42093
3.31051
3.58301
3.49169
3.57453
3.42971
3.48677
3.21489
3.4838
3.27994
3.55816
3.18954
3.20015
3.52202
3.27209
3.40014
3.50445
3.54172
3.4315
3.4886
3.46022
3.28622
3.4166
3.42395
3.58948
3.45997
3.59282
3.59238
3.44312
3.65191
3.44919
3.47953
3.38785
3.41578
3.33918
3.61685
3.3314
3.47555
3.54576
3.76401
3.75789
3.27771
3.74264
3.74914
3.64539
3.61245
3.4235
3.63879
3.43733
3.47538
3.52114
3.65951
3.33981
3.59197
3.43835
3.54294
3.61657
3.32622
3.66249
3.76626
3.55356
3.59581
3.43554
3.70983
