4.18033
4.03848
4.76917
1.39114
4.10888
2.56367
4.50153
4.52373
3.09126
4.64894
4.04208
3.96249
2.93588
1.41185
4.88216
5.38038
3.87435
3.76159
4.48478
3.30708
4.25182
2.36779
3.20837
1.8066
3.99631
3.4285
3.41142
3.85039
3.9683
5.35123
3.0442
3.37693
4.17119
3.43407
5.35082
1.93919
4.05661
3.48113
2.49564
4.1263
2.78792
3.5096
3.99505
2.60592
3.82893
5.30301
3.27655
2.16914
1.60373
2.0383
2.5038
2.56971
3.2276
4.56153
4.49753
2.23464
5.4378
2.11023
3.64874
1.58335
3.35675
3.37756
5.16192
3.22771
3.59954
3.28642
3.78242
1.73553
4.49081
2.18921
4.35362
2.92494
3.28588
4.93156
4.61593
1.81784
4.29413
2.31608
3.10081
4.41491
5.18191
4.47475
4.28988
3.86579
3.98626
2.00629
4.40012
3.89229
3.99925
3.95755
4.22287
1.48332
2.68706
1.82543
5.3856
1.91507
1.68656
3.22876
3.22196
2.0601
2.67616
2.74699
3.12679
2.73433
3.54657
3.14532
5.33949
2.49102
3.30111
5.30359
5.54031
3.80581
4.99391
4.63869
5.4606
3.00732
1.26855
3.15833
3.89946
2.59282
1.68825
4.50607
4.10581
1.22857
2.55289
1.95575
3.42591
2.76977
3.27701
3.78582
5.43316
1.04505
3.65666
4.31161
3.44823
1.93568
3.48212
2.0766
2.42402
3.43978
4.95722
4.30105
3.6113
2.94708
4.26509
3.65931
3.23731
3.85967
1.37386
2.30438
5.12121
3.47973
4.30487
3.78154
2.71615
3.24504
3.08992
3.56988
3.50989
3.42837
2.02276
3.46369
5.53154
2.32705
4.06422
3.8531
4.40394
4.75408
3.38895
3.68614
4.9474
3.80229
3.56613
2.99185
1.28189
3.38844
2.24477
4.81702
3.69126
1.9939
3.46875
4.77645
4.20446
2.80406
3.37528
4.63969
3.41509
2.10871
1.53443
1.47442
3.50206
1.36058
3.56645
3.3396
4.23057
3.69966
3.42722
3.86919
2.40391
3.03586
3.38138
3.8096
3.3032
2.94293
3.68639
5.17204
2.59325
3.65144
2.38978
3.13336
3.98963
3.33913
3.3956
2.16672
4.17287
2.20176
3.08532
3.60606
4.50258
4.44795
2.28191
1.94608
4.02548
4.3966
3.72503
4.15185
2.58769
3.26563
2.97916
2.6002
4.05321
3.02594
2.82518
2.99737
2.69676
2.85464
5.19005
3.71521
3.28064
4.75676
3.04809
2.46083
4.64167
2.83486
2.48117
2.54235
2.80569
2.97103
2.21413
1.71585
2.71339
3.84586
4.44561
1.69654
2.58287
3.75446
4.17338
3.38958
4.25047
3.08931
4.46723
1.74385
4.02308
4.64514
2.27122
2.35442
4.14132
3.06125
3.32123
4.53731
4.89451
3.2516
3.1424
2.5727
4.24478
3.08335
3.84521
3.16034
5.50893
5.34966
3.5677
5.35375
4.21324
3.24261
1.91518
4.33725
2.67771
4.56738
3.1279
4.88266
2.70266
2.84893
3.96088
1.67012
2.92203
3.26755
5.38904
1.88013
2.95407
3.01986
1.25475
3.06152
3.92163
4.23702
2.8537
3.75288
4.23061
3.0019
3.70904
3.18237
5.6864
2.79236
3.4125
4.59382
3.09483
4.83777
3.41525
1.84432
5.43531
3.91107
3.53011
3.39151
3.51033
3.48898
3.16044
4.1361
2.66696
1.49785
3.40041
3.80817
2.25227
2.02313
5.15469
5.68309
3.40613
4.39527
4.30493
3.88576
3.61113
3.97527
2.70416
3.88963
2.61082
3.74815
3.40903
4.03929
2.374
4.99269
2.56401
3.52334
1.22392
3.83113
3.73022
1.69694
4.06789
3.37253
3.20573
5.0008
4.35419
3.44869
4.513
3.44632
3.94934
4.10165
1.73301
3.73415
4.57065
2.5171
4.74451
3.04606
3.72475
3.50796
2.18082
3.89769
4.29491
3.43763
2.54548
3.66242
2.48577
1.6328
2.93182
4.97421
3.77581
1.87036
3.17076
2.69004
3.34427
4.43363
3.4846
4.44005
3.63062
4.01801
3.35389
5.0163
4.75096
2.9263
3.30811
4.94859
3.43737
5.0292
2.22994
3.08865
2.98241
3.87659
3.01665
4.37132
2.86252
3.13041
4.07125
4.64437
4.78049
4.15001
3.09979
4.55602
4.30839
4.09611
3.07015
3.96195
4.12895
3.32955
2.94158
4.66129
3.56479
3.16637
2.90322
2.49363
2.15115
1.71057
2.86346
4.9269
2.44919
4.02142
1.31145
4.73843
1.61366
3.28223
4.42522
1.73935
2.41966
1.92236
2.43062
5.21501
2.51988
3.30498
1.71839
4.85187
3.14526
5.62762
4.60628
2.39376
2.77807
2.59325
3.88645
2.61843
2.51799
2.69435
3.92776
2.9475
2.92835
3.1129
4.10618
3.60101
4.59072
2.77423
3.71552
4.68015
3.91278
2.00276
2.76465
2.9095
4.42563
3.51305
2.69626
3.99278
4.37313
3.62952
2.56603
4.13371
3.83736
3.66338
2.10014
3.74634
3.96054
4.28561
3.30281
2.72672
4.51531
3.0198
4.41453
4.88056
1.64155
4.13907
4.02562
1.6991
5.00946
3.78598
4.02853
2.64824
5.48484
3.54518
2.84619
2.98324
3.06414
2.98302
5.00289
5.8245
2.91306
3.32893
4.60766
2.82719
2.28402
3.00847
3.6994
2.25016
2.90414
3.64784
4.15671
2.07756
2.1168
2.45529
4.00434
1.56879
4.12637
3.54446
2.95198
4.71052
2.63685
1.80028
2.88033
3.51669
2.9918
5.798
1.74285
5.47061
3.11433
3.57115
3.98086
5.12529
3.11212
4.18432
4.55335
2.47653
5.85407
4.10186
4.56197
2.69518
2.64156
2.75382
4.20525
3.15335
4.28852
3.98538
3.42544
1.90137
3.49115
1.73649
4.61487
4.35053
4.30938
1.83334
2.62782
1.88888
3.89865
2.18353
2.59794
2.50509
5.32195
3.45202
3.18971
4.21833
3.33853
3.95495
1.91693
4.7093
5.00691
3.54383
2.53966
5.02065
3.75656
4.16241
2.30513
1.54236
4.27365
2.04397
3.9271
3.72047
3.61304
3.17688
3.70193
2.52526
3.88968
2.20132
3.03858
4.18739
3.71942
5.31029
3.4337
5.05844
4.27039
2.51321
4.5518
4.17475
3.8524
3.78061
1.57451
5.20134
2.41367
2.12325
3.86171
3.90498
4.13002
4.56982
4.72127
3.65353
2.46357
4.29168
4.21317
4.66113
2.63409
3.78406
3.41744
2.79645
3.88759
5.04766
1.97444
3.24391
3.26337
3.12527
3.45989
3.15551
3.75179
4.13272
5.2859
3.15348
2.80177
3.08393
3.82314
2.64155
4.57821
2.84496
3.81842
3.35556
3.68605
3.46196
1.43541
1.93136
4.26897
3.39319
2.37571
5.49112
3.95736
3.33545
3.04085
1.84637
2.08131
4.37042
3.57506
2.88902
3.381
2.56636
1.88238
3.58914
2.13815
1.95621
4.84076
4.74105
4.71873
4.47275
4.43937
2.69675
3.4583
3.9571
2.44473
3.79863
4.13809
4.26676
4.9547
5.07071
2.99092
3.79452
2.82858
3.45071
2.24301
2.86987
2.98546
3.44261
5.63844
4.04964
3.94156
2.54207
2.21019
3.21463
4.21174
2.63495
2.75242
4.17444
4.32873
3.79147
4.01552
3.64243
4.73785
1.97652
3.08667
4.47845
2.70383
4.16912
3.73498
5.50654
4.12027
3.23169
2.69201
3.50047
5.74102
3.09262
4.40437
4.58984
2.35692
4.90295
2.73709
3.37469
1.82008
1.80101
4.92229
3.44672
3.57184
1.26622
4.23957
5.30055
3.45935
4.76609
3.48062
1.77823
4.12992
1.99807
3.69208
2.22577
3.67073
4.00046
2.00709
4.4503
2.91588
3.25446
3.56738
3.35188
3.97124
4.62176
3.10409
4.26394
1.5119
3.56022
4.18698
5.07158
1.78541
5.03225
3.46818
4.08712
2.00842
2.86871
3.4377
5.44743
4.97292
2.57338
2.77482
5.45764
2.68222
3.15103
3.32048
4.34118
3.71587
3.01449
4.51238
3.26616
1.77643
1.37409
4.81588
3.80303
5.00005
2.23514
2.75015
3.62912
2.11667
3.22709
2.55055
3.33033
2.42454
3.46048
3.82443
4.56061
1.79774
3.45553
3.24916
2.10508
4.07411
3.40884
1.92736
1.55269
3.67526
3.66234
4.45606
2.81945
3.6887
3.21122
2.58251
5.1736
3.89664
3.43543
5.0111
4.19895
2.8644
2.46171
2.99203
2.79312
4.70564
5.66098
3.764
1.83233
2.02029
2.25852
3.23933
4.0445
4.2551
4.38195
3.01159
4.41791
2.86558
3.09481
4.83197
4.63236
3.66204
3.56109
3.14233
5.03539
2.6013
3.45875
3.06893
3.09588
1.53958
5.1079
4.97251
4.55277
5.09101
2.50215
2.21677
2.63673
3.74002
4.52885
3.75844
1.77763
1.73488
5.13719
2.479
2.62106
3.5435
5.06028
3.86905
4.96211
4.78152
2.92032
5.24301
4.36487
5.02663
3.64335
3.10326
4.27115
5.81195
1.58305
3.08896
3.31233
4.84531
4.6004
3.13655
4.8231
2.12997
3.56879
3.54506
2.21619
2.66638
4.37208
5.08097
2.41233
1.29354
3.93511
3.07351
4.92979
2.9822
3.17468
4.14311
4.02301
1.52129
5.48091
2.77154
2.92005
3.54273
4.437
4.86434
2.74361
3.20871
3.95788
4.77193
4.11075
5.63943
2.87607
3.42769
1.69131
4.28829
1.7254
3.32736
3.6655
1.47525
4.57127
3.51574
4.05591
4.66809
3.20857
4.56295
3.81983
1.3553
2.39603
4.70394
3.87239
4.98298
3.01855
3.88142
2.37167
3.43235
2.6666
2.37368
4.63169
2.39307
5.09454
2.50522
4.43968
3.74171
3.86722
3.12956
2.83893
3.66356
3.72704
2.13995
2.09879
4.25972
3.31116
2.20509
3.62858
3.26056
2.3214
4.24351
4.00227
4.22037
5.09676
4.34139
3.04585
1.69704
3.26137
5.3854
2.0998
4.92431
2.71823
2.12312
4.10371
1.86347
2.23179
2.68038
5.06083
3.27466
4.69013
3.25603
3.72495
3.57747
2.85992
3.28106
3.01264
1.77402
4.04538
3.27062
5.1786
1.58674
5.03474
1.91362
3.20247
2.71704
2.5657
2.63612
5.62013
2.25983
2.76362
2.94121
3.69312
1.8129
3.10432
2.26928
5.84473
4.19898
2.42567
3.43922
4.70134
3.97215
3.35989
1.42229
1.86321
3.00946
2.28125
3.76696
2.18845
1.49212
1.96136
4.43428
2.90966
2.95981
4.09697
2.12
3.31247
4.87554
2.72292
2.83065
5.49047
3.26725
2.74542
4.54767
3.35132
4.01644
2.92851
1.75471
3.08388
4.24279
4.63931
4.4199
3.7062
4.98797
1.50525
2.21598
3.59969
3.5303
3.35906
2.82803
3.09475
5.16634
2.94516
3.13948
4.20819
2.67393
3.33347
1.40378
1.54327
1.92537
2.83456
2.20048
3.14795
1.74833
2.43266
4.04076
4.28739
2.63586
5.85048
4.42896
3.12174
2.2859
1.83283
4.00302
2.69052
3.70444
4.58347
5.06824
3.38992
3.73565
4.01205
2.9049
4.28958
3.88592
2.5463
3.17217
2.67072
3.68781
2.23653
3.04658
4.07721
4.60384
2.22772
4.92519
4.95685
4.59879
4.89683
4.58975
4.12998
5.01336
4.05079
5.66965
2.85764
2.25066
3.05316
4.05775
3.69194
4.54102
4.59516
2.12483
3.07624
1.17971
2.04944
3.14448
4.32282
3.13562
4.94261
3.78193
3.63123
2.30834
3.05518
4.31659
4.72029
4.46469
5.00524
4.95949
2.43197
5.51468
2.89484
4.69325
2.32577
2.29093
4.69576
4.0036
4.31703
4.87436
5.52387
4.68786
3.82293
5.26288
2.79914
3.61723
3.66522
4.30877
3.51082
2.8961
4.1385
2.85431
4.40507
3.80308
4.68848
3.87414
2.88499
3.71471
3.55454
2.68667
2.76059
3.90438
4.01596
4.42594
4.70891
1.67534
2.54177
1.96898
3.90226
2.72792
2.67881
3.39288
4.23501
3.97787
1.42316
3.2895
4.92724
5.73371
4.60498
1.89482
3.50597
2.70761
4.4772
4.99359
1.76267
3.27578
3.73336
3.43919
3.25798
3.2206
3.09033
3.88215
2.2927
3.8782
1.85671
4.43002
4.98636
2.68162
2.56769
2.96493
3.20259
4.03106
4.3027
1.7242
4.033
5.23912
2.2118
4.50327
3.89919
3.49045
3.0625
4.96915
4.55475
5.32143
3.27838
3.57636
3.36723
5.06708
4.47624
1.45641
2.2324
3.03879
4.41877
4.90567
3.3208
2.88772
3.58466
3.72544
3.07952
3.17537
1.7183
3.1718
3.50932
3.11396
4.75655
2.65207
4.21042
4.25584
5.43994
4.55808
5.03744
3.60259
3.20102
1.25593
4.92687
1.67067
3.08267
2.25541
5.05828
3.99206
4.47428
4.46126
3.98263
3.84477
3.36399
3.66262
3.69928
5.19926
1.59016
5.04541
1.38548
5.43359
3.23573
2.0168
4.08011
4.81112
1.8437
3.50955
3.09589
4.03131
2.54285
2.6879
3.782
2.3554
2.95732
2.10582
4.48181
1.87525
3.43429
1.87201
3.62784
3.43492
3.15885
3.25532
3.38899
4.03109
4.1355
2.91773
4.6325
4.20976
2.30081
5.09142
3.68604
2.04309
4.19185
3.01994
3.9826
2.71169
3.63034
4.36265
2.64388
4.53388
3.2924
5.51541
3.40532
3.47528
3.31914
4.42953
3.00863
3.73794
3.28335
3.01455
3.28535
4.47003
4.86278
3.58989
5.62757
1.95345
2.98058
4.10374
3.38966
2.81789
2.95877
3.96684
3.48748
1.89665
5.39059
3.8526
3.55921
3.28056
3.9728
3.69386
3.0246
4.94311
4.44933
3.36056
2.72707
3.50093
2.60245
2.63146
3.56579
3.74048
3.3882
3.57707
4.62243
4.98308
4.34776
1.8496
3.26014
3.1768
4.33656
3.62996
3.51966
3.79515
3.39817
4.61049
2.36043
3.68901
3.7703
3.89615
3.39199
4.97947
3.04498
4.08583
2.21379
3.39586
3.41567
1.54916
3.82905
2.15441
3.22883
3.04326
3.32104
5.53969
3.71777
1.31789
3.57778
3.79214
2.33169
3.23599
3.32391
5.22141
1.9832
4.19088
2.56589
2.65693
2.82241
4.73024
3.2797
1.91306
4.8061
4.30051
3.26748
4.88811
2.86559
5.40489
3.08261
4.23236
4.387
4.22151
2.26999
2.71223
3.50284
3.35745
4.39123
3.46355
3.35393
3.91821
2.90199
2.26875
3.51598
2.45107
4.42142
4.809
2.69504
3.57475
2.28112
5.53363
4.08149
1.23664
1.46414
2.85589
4.91219
3.04278
3.64156
2.82516
2.82558
5.48467
2.98746
2.74232
4.50487
3.14097
2.30041
2.37646
4.38929
4.56099
4.68218
3.50726
2.89383
1.54067
3.62243
3.45905
4.61294
1.88099
3.81039
2.60881
2.39371
3.47217
3.84235
4.54177
2.94941
4.67647
2.71649
5.59489
3.84423
4.98582
4.60426
2.96945
2.71546
3.30969
3.35983
2.41102
2.50911
4.00254
4.57746
5.14582
3.79065
5.36887
3.72849
4.32941
1.85222
4.38798
1.50802
3.70484
2.37309
4.77957
4.49354
2.98368
2.30031
3.2847
5.56559
5.65504
2.40144
3.66635
4.26321
2.99381
4.60168
1.93682
2.34464
2.98103
3.25261
4.69898
4.29614
2.16543
2.39016
2.74149
3.87977
2.18675
3.32439
1.65772
3.53342
3.24799
3.56383
2.76149
3.53415
1.76467
4.11253
3.45191
4.80846
3.7362
2.58772
1.43346
5.62078
1.57542
4.39154
4.32632
3.09429
2.69893
3.3301
5.20595
3.11561
5.62226
4.10865
5.48963
4.14758
3.62024
4.54144
1.84192
4.32228
2.20456
2.60026
3.39943
4.40871
4.73655
2.58567
4.6198
4.34748
2.93495
3.24025
2.43801
3.01741
3.35472
3.53298
4.16768
4.74659
4.60428
1.62965
4.71347
1.80318
5.63509
4.22357
3.16488
4.69878
2.87887
1.93681
4.72042
4.10996
3.32402
1.91168
1.64536
4.5711
4.31445
3.49771
4.09468
3.31443
3.92025
2.09944
3.13733
5.23078
3.17107
2.28551
4.19632
1.89721
3.25954
4.16961
4.37335
3.96528
2.01346
4.35904
4.2555
4.42654
4.5018
1.92695
3.80543
2.86932
2.58113
3.39922
5.31539
5.31358
2.50528
3.65727
1.65939
3.05835
3.41266
4.44319
2.70658
2.19882
2.57198
3.81379
4.26294
3.0678
3.20842
3.42518
4.78737
3.32907
2.54891
3.43994
5.38178
4.79754
3.91636
4.63368
3.18433
4.78416
2.26935
3.93829
4.79816
2.86077
5.02489
3.19429
4.76745
3.413
4.31857
3.7946
4.36621
3.19699
3.04753
4.68753
3.09424
1.33815
2.60843
2.86672
1.77852
4.30811
5.18357
1.51104
4.55734
2.88841
2.7452
3.8475
2.27821
4.47731
3.63906
3.09556
1.96968
2.31874
5.67487
5.51115
3.55093
3.32991
2.09267
4.58404
3.32195
3.17698
3.59057
4.8524
4.03123
3.59569
3.29064
1.08322
3.44641
2.67655
4.58623
2.72793
4.85757
3.93192
4.25529
4.59718
3.82167
1.93474
5.04093
2.60932
3.21037
3.66668
5.59137
3.25206
3.25268
5.43579
3.71846
4.55692
2.26751
2.82161
3.87478
2.42145
4.66031
3.07824
1.56621
1.52408
3.01167
3.27363
3.60785
2.36183
3.21499
3.16584
3.69796
5.10113
3.12379
4.41493
5.22569
1.96732
3.54864
4.70148
5.04493
2.8083
3.19712
4.17067
3.13798
3.25324
3.77944
4.84343
3.65927
4.04721
5.5062
3.73363
2.7904
3.6778
1.58358
2.38335
3.1547
4.32011
3.06517
4.3754
3.2304
3.41129
2.5487
3.10541
3.26835
4.82639
1.7097
2.19322
4.16131
4.66213
1.04299
2.88581
2.52836
2.04552
2.93702
4.15212
3.96949
5.16925
3.83467
4.39225
4.51158
4.41615
2.73839
3.78153
2.70869
2.97003
4.19607
3.24257
4.17571
5.72032
1.65836
4.8858
1.52605
2.05328
4.22666
4.48203
3.25029
2.28249
3.81521
1.62801
5.01418
3.50663
3.12947
5.23852
3.67089
3.59265
2.61692
3.34652
5.47357
4.26763
4.17528
4.41517
5.54093
3.46278
3.40716
4.96346
3.06985
5.58804
3.0889
2.77968
3.6054
3.82624
3.27547
1.3447
3.37014
3.32054
3.09194
4.30971
1.22094
3.28929
3.26622
3.97058
3.74295
4.63747
4.33647
4.65384
3.3067
5.0442
5.72057
3.27683
2.60599
3.29067
2.96393
2.56726
2.26016
3.75333
4.48587
2.52501
3.00624
3.02208
2.52361
2.68181
5.82252
3.51349
3.2269
1.56189
2.01666
3.73425
2.9852
2.96954
3.37788
4.01002
4.57323
3.82708
2.43397
5.03033
2.57961
2.75929
2.17065
4.46996
2.8372
4.96837
3.26176
1.73275
2.70267
4.66559
2.42555
5.02364
3.0368
3.92409
2.96347
3.49008
1.11579
3.78934
5.35453
2.58409
1.45785
4.83191
1.96941
3.08132
3.67826
2.54954
5.53511
3.35367
2.9899
3.12336
3.42238
3.02721
2.34531
4.50554
1.64433
1.56727
5.47011
4.16361
3.64622
2.61768
2.16649
3.02909
2.03289
4.08143
3.76966
5.29574
1.3215
4.96498
2.51861
3.18569
4.1237
5.4188
1.35689
2.1489
4.35302
3.6918
5.30771
2.6845
4.11923
2.87732
2.07167
2.56986
3.41323
3.86384
2.87442
5.25622
3.50217
3.81341
4.84528
4.03708
3.64609
4.27606
3.33697
2.31835
3.8136
2.20871
4.10026
2.91697
3.5157
3.20209
3.60646
3.78717
3.69314
4.1295
3.56456
3.92145
4.7841
2.21617
5.3085
1.3958
4.66548
4.18846
3.73436
3.1264
5.10251
2.69695
3.84576
2.8778
2.15753
2.61792
3.21996
2.91014
2.20062
2.12259
3.33582
2.87553
3.23077
2.56406
1.70906
4.67163
3.65801
2.26643
5.15854
3.93285
2.51299
2.21147
4.78195
2.68744
1.2423
3.9027
2.84751
3.43131
2.81386
3.84737
3.31273
2.46705
3.79832
2.63167
3.55979
4.8294
1.90881
4.47493
2.69124
4.46588
5.17265
2.93346
3.85851
1.56415
4.47533
5.08503
4.59979
4.01525
3.65795
2.56006
2.54244
1.97438
3.16641
3.1958
4.07931
3.32886
4.44144
4.37482
3.25717
3.60516
5.30522
3.26945
4.61911
3.945
1.54193
2.74885
2.12213
5.25267
4.1855
4.61557
4.00468
2.96393
3.21972
1.62366
3.10783
2.60894
3.96206
3.89045
3.65802
3.93985
2.34377
1.34945
3.89771
3.36585
2.11577
1.80171
4.20466
3.28669
3.20054
3.90842
4.96906
5.13766
3.47734
3.62755
5.00196
3.05733
3.72885
3.63239
2.1272
2.0616
4.79432
5.66022
2.86288
3.45533
2.16516
3.02432
5.22752
3.43573
3.82575
2.1828
2.70976
3.43882
4.58355
3.2928
3.31952
2.75363
4.44866
2.58886
2.89234
2.77575
4.81499
4.20921
3.94747
2.99509
4.26102
3.25433
2.9045
3.90995
3.22997
2.89663
1.84179
4.03237
3.66531
3.77093
3.73409
4.49736
3.36915
3.66008
2.23584
3.01121
2.91728
2.1505
3.58008
1.47176
5.40626
3.4674
1.54221
3.56618
3.62407
3.60975
4.17162
2.49948
2.92759
2.6901
5.62302
4.72956
3.67621
2.54461
5.42329
3.18236
4.51261
3.21364
3.38866
2.89322
2.09789
2.30372
3.66078
3.36837
4.09989
3.52642
3.45918
2.68286
2.79968
4.87032
3.65166
3.4293
4.12285
2.89695
4.12286
2.60396
3.71839
2.56202
2.17534
3.86486
2.89966
1.74848
1.82626
3.81886
2.82808
3.85768
3.36679
4.09253
5.26165
2.84061
3.43015
2.91428
2.50697
5.46095
3.56825
3.78265
2.90461
5.36701
2.46562
4.51875
3.74426
5.2097
3.42341
5.09798
3.44739
4.07893
4.62494
2.12923
4.17157
2.94083
2.44842
1.69721
4.68215
5.54361
2.72124
3.00628
3.9031
3.91969
1.31401
2.86176
3.00061
3.64714
1.35174
2.99738
3.16906
4.44364
4.57323
3.60527
4.98072
3.95103
3.99859
2.14739
3.22669
4.22907
1.56909
4.12505
3.61812
4.01194
5.30187
1.95587
2.03321
2.69117
5.75653
1.95503
3.18669
1.77395
3.73912
5.14051
3.66515
3.72595
2.67307
2.67949
4.21272
1.64265
4.94569
3.76595
2.96835
3.60384
4.29245
5.0669
5.04689
2.85054
3.41038
4.09755
4.42308
4.08421
2.49582
1.48334
4.01856
4.72303
2.78062
4.03929
4.20861
5.36021
1.89464
1.94489
3.65675
3.4545
2.51174
4.0154
4.45161
3.44331
2.23979
5.16816
3.46207
5.00368
3.59459
4.65483
3.6428
1.59696
3.15127
2.47867
2.71412
3.71783
3.59579
4.63816
4.70611
2.92862
3.90278
5.43613
4.79861
3.79506
3.74529
4.56624
4.70491
3.74967
3.49562
3.0362
4.53866
5.69415
3.30527
2.70989
2.66948
2.31248
3.75632
4.34805
5.01464
4.60122
3.95496
3.5001
2.03024
5.0341
3.19225
4.94702
2.85687
3.06273
4.42573
2.1181
4.1411
4.81581
1.83971
3.00192
3.49562
4.89403
3.12076
3.54462
1.87716
3.56814
4.83885
3.37613
2.85276
4.97302
3.95373
1.92778
4.79141
3.55039
2.46967
3.10213
4.45944
4.52811
3.14088
3.62898
4.81448
2.13441
4.38372
1.58855
3.48413
4.02997
4.68076
4.80608
3.98209
2.1017
3.26558
3.91934
4.15553
5.79642
2.25619
4.39338
3.17443
4.58342
3.1588
3.10441
2.06448
5.91981
2.79264
3.33763
3.35186
4.25251
2.69038
2.14091
5.32958
2.62634
4.40754
3.44961
3.27134
3.87744
3.42842
4.24482
3.61053
3.17655
3.98473
4.23046
5.16796
2.84692
3.60712
4.61199
3.95389
3.91654
4.60869
3.53233
2.38587
4.27489
4.95362
4.56817
2.45541
3.08912
5.59259
5.41257
2.94316
2.79521
5.35105
3.96726
3.22336
3.51438
2.83486
3.54093
5.51485
5.15547
2.57209
2.69725
3.62741
4.74905
4.73838
3.5191
1.81851
3.21917
4.31745
4.65323
4.81705
4.33391
3.9269
2.47201
4.38685
3.98582
2.29375
5.03681
3.99441
2.73884
4.99284
1.77016
3.71161
3.73813
3.06497
1.84126
2.42541
4.11459
3.51108
3.74252
3.74324
3.42586
3.41201
2.38192
3.17392
2.46096
4.05289
5.73922
2.23057
2.39558
2.93468
5.73109
5.04316
2.82054
4.93454
4.9035
2.38501
2.57574
1.63051
4.41683
4.20872
4.60744
4.9349
4.51222
2.35357
5.22647
2.6847
3.74508
5.02771
4.18049
2.21634
2.74443
3.98509
4.8634
3.20566
2.10446
4.00816
3.77009
3.1835
4.73721
4.87406
2.46503
3.14048
3.11306
3.42331
1.3683
4.01408
3.78828
5.16639
2.57278
5.10468
5.46665
3.55504
3.69136
5.09614
2.56469
3.11156
3.89335
5.36067
1.34777
5.05074
4.32415
3.60629
2.67705
3.34542
3.01263
3.67929
4.25484
5.37819
4.15584
1.96312
3.47851
4.38812
3.33049
2.31868
2.11096
3.36265
3.71629
2.39026
3.44809
4.34152
3.82599
4.35509
4.01152
3.2906
4.52233
2.82339
2.51747
3.77036
2.26221
4.09977
3.97013
5.06456
4.04351
4.39567
3.70091
2.25176
4.94021
4.83648
5.02224
4.39321
3.89659
3.23588
4.88744
2.57718
2.6114
4.11387
2.0458
4.50142
5.87814
4.31371
4.15474
4.09146
2.15771
4.32724
4.15829
3.3443
2.9447
2.56651
4.46424
4.15308
3.64906
3.82394
2.54956
5.30988
2.24975
1.54192
3.59658
4.20027
4.88725
3.76678
2.10991
1.39458
2.34702
2.29078
5.18702
1.90708
5.54596
3.48999
2.71259
1.83608
4.1694
2.74458
1.71999
3.41397
3.01592
4.58189
3.51029
2.68777
2.89282
2.81201
2.84234
4.61728
4.56489
3.92876
3.6049
2.81919
2.7946
2.92877
2.35445
5.50182
2.92167
3.45429
2.44999
5.32696
2.21548
3.79522
2.23885
4.00111
2.39354
1.78894
3.34519
2.34042
3.23483
5.03606
2.08537
3.36957
2.62655
3.10363
3.38217
4.70647
3.16836
3.0166
4.77259
2.05106
2.11801
3.34208
3.20127
5.53784
2.4977
3.04981
4.26465
5.02809
3.59051
4.08625
4.91834
1.60939
3.84129
3.72865
3.88294
3.13618
3.33695
4.28913
4.08118
4.08662
4.07579
3.61805
3.41201
4.32762
1.64585
2.60948
1.51476
5.07078
4.21765
3.04086
3.39915
5.86912
3.91635
3.08256
3.41489
3.94511
4.17397
3.69211
5.00681
3.95765
4.57231
4.36162
5.54945
2.5064
1.97213
3.81613
3.77755
4.73884
3.38485
2.76414
4.92666
2.86636
4.57756
1.68071
3.17055
3.21242
3.81273
4.3575
4.78987
2.10713
4.90905
2.58274
3.72934
4.00891
5.46985
3.8183
3.79798
2.67536
4.6609
2.11981
3.73998
3.02206
5.32943
2.7997
5.25119
2.49905
2.54136
3.46195
4.73904
3.88143
4.77405
3.04123
4.72116
3.8119
5.0367
3.85804
5.23088
3.24933
4.6011
4.45538
4.44518
4.66905
4.31026
3.11124
3.47351
3.92667
2.59279
3.42542
2.84355
4.63904
2.84593
4.25772
2.69241
4.752
3.26041
4.04872
5.01973
3.65611
4.44538
4.18319
2.0817
3.77815
4.37188
5.06002
2.6024
3.0172
3.68838
1.91154
1.95209
3.71084
2.3722
2.66902
3.78905
2.50825
3.46568
2.29994
3.88487
3.59356
3.80612
2.04666
4.45028
2.64388
2.69379
5.37488
4.25144
3.22328
4.85231
2.6944
3.65436
3.50506
1.32093
4.04334
1.95761
1.78114
3.57849
2.93102
4.47121
4.15901
2.23371
2.91371
3.77223
2.16265
4.52699
3.73113
3.41538
4.1458
2.17377
3.46063
3.09933
2.49175
2.73983
4.64995
1.88733
3.51591
3.77384
3.26818
3.05332
3.80304
4.33303
4.56859
2.97231
2.90325
3.3225
4.58588
2.19648
2.8766
3.22927
4.99426
1.95631
5.11792
1.36713
4.93174
3.79821
4.20981
3.65842
3.64984
3.91847
4.74311
3.26436
2.47689
4.47535
2.6105
3.03525
3.58707
4.25922
2.22058
4.28741
3.94598
3.07308
5.39574
2.3237
3.05784
3.02362
3.90898
3.89961
5.26789
3.1455
3.18086
3.49712
3.87787
1.37921
4.5995
1.3037
2.71103
2.39561
3.24277
3.70386
3.51726
3.60782
3.97311
1.87602
4.73769
2.43379
1.94223
3.24745
3.65215
2.97064
3.48385
1.59514
4.81164
2.21431
2.68934
4.49097
5.41198
4.80598
2.65258
4.0742
2.89362
3.50914
3.4365
1.29484
1.55667
5.21901
3.75541
2.30649
3.35883
4.27854
2.68348
3.59736
3.31811
3.72301
1.39131
4.73339
2.07097
3.29775
5.4787
4.24753
4.64034
3.19133
3.41331
2.74434
5.34718
4.3991
3.40133
2.69942
4.05275
2.97958
2.20751
4.21797
3.54812
3.68907
2.50843
2.67745
4.41077
3.57728
2.80441
5.21389
4.52778
3.09949
5.73151
3.42206
3.23829
3.64853
4.3069
4.42454
2.17725
3.63238
3.70699
4.12502
3.90637
2.82089
3.61923
4.99634
5.2968
1.65779
3.02487
3.66381
2.88238
3.58192
2.96145
3.32967
4.53077
4.12394
3.37998
5.24453
3.28416
3.14287
2.65355
4.46697
2.59959
3.53915
5.11012
5.56249
2.47348
3.62864
3.15382
3.67827
3.06323
3.58481
3.60568
5.59016
3.92314
3.95363
5.33567
3.85378
2.85056
3.71888
2.07485
2.60154
3.59214
4.24271
2.9874
3.31253
1.28897
3.62926
4.14898
3.04259
3.54331
3.65678
4.01921
3.63681
3.36855
3.39626
5.31236
3.35695
3.03774
2.48218
1.86191
4.64153
4.97535
5.22388
2.14091
3.3763
4.84033
1.84344
3.5416
3.58802
5.32791
2.59885
3.334
1.88488
1.97101
4.39866
3.41477
3.25152
1.85162
5.23721
4.02389
3.9674
5.13577
4.37699
4.04819
3.45187
2.72516
3.17749
4.84717
2.24981
3.57209
2.81745
3.22794
5.6567
2.33341
3.38007
4.76249
4.1422
2.043
3.8686
3.58196
2.76645
2.36129
4.69197
4.09898
4.69339
1.71422
3.00834
1.30049
3.69075
1.26282
4.53651
4.31988
4.66632
5.14873
3.04329
5.43884
4.82531
4.83972
3.18723
3.48547
3.44389
3.15311
3.74702
4.28674
3.03894
3.16417
3.98533
3.89994
3.87443
1.21014
3.49665
2.78875
4.77985
1.57978
2.86022
3.42649
3.66625
3.23186
3.76706
2.50007
3.4108
3.51538
3.01229
4.45491
2.94066
2.86765
4.84217
3.06213
4.38235
2.84594
3.11746
2.00623
5.0528
2.60156
3.60261
1.6823
2.85356
3.53492
4.91289
2.45868
2.78963
3.37332
4.24921
4.60218
3.36969
1.79259
3.52307
1.87933
4.55457
2.45748
2.82165
4.53873
3.70605
3.48447
3.88584
5.44582
2.64803
4.83486
3.87161
3.08273
4.98758
2.02449
4.1376
1.94261
3.25326
3.29092
2.6499
4.53882
2.69336
4.48711
4.31711
2.31603
5.23694
2.47526
3.66685
2.69168
3.15554
3.67278
3.74734
3.77251
2.37378
2.15665
3.98535
4.48246
5.16204
3.8612
2.95458
3.40445
3.60466
4.90809
4.60596
2.08013
3.77237
5.48666
3.48435
2.82803
3.43748
3.45602
3.30341
2.33187
5.95596
1.46988
3.97337
5.31736
4.60028
2.92839
4.77392
5.07706
5.16237
5.44073
3.33706
1.91937
2.55594
3.23562
3.95266
4.30914
4.43279
2.08618
4.43179
3.03372
3.98776
4.31915
3.36077
3.66973
5.16212
2.35787
1.55152
4.44223
1.36545
4.50165
2.8413
2.75941
3.62113
3.77373
5.11786
1.77216
3.20074
4.67351
2.54337
3.24958
2.3479
3.54783
4.42328
2.37763
2.10208
3.54985
5.01413
3.77963
3.51818
2.28316
4.28653
3.62372
2.73787
1.73247
2.25764
5.12392
1.40371
3.46136
3.97988
1.55745
1.81736
4.8111
3.62024
2.11296
3.52817
3.96406
1.78745
3.95014
2.19888
3.23834
2.86164
3.79305
2.62996
3.36003
3.55396
4.19552
3.23459
4.21263
2.77126
3.30884
4.04127
4.6926
3.58344
5.04781
4.46118
3.3037
3.18905
3.99318
3.09275
4.50168
3.74702
3.68442
2.24586
3.55481
3.29026
3.14862
2.15324
4.81478
1.65952
2.07733
3.99712
2.29611
3.99347
2.50489
1.91381
4.84142
3.78379
4.15783
4.54952
3.40366
3.85131
4.33685
1.52564
2.60527
1.82261
3.75871
1.8319
5.23831
1.78322
2.22719
4.70099
4.24837
3.25719
2.31853
3.92846
4.49891
5.00959
2.95821
3.88669
3.74192
1.89182
2.83217
2.14204
3.72418
5.54678
3.51728
2.11949
3.23788
1.764
1.53206
4.66892
5.17769
3.62218
2.20001
2.17275
1.79584
2.77941
3.78459
2.99458
3.8502
1.36893
2.79588
2.60362
2.71951
3.93109
5.68591
3.11988
4.81387
5.15948
3.34037
5.31041
2.23719
4.96231
5.34158
3.72677
2.66262
2.43745
3.41822
1.7092
4.76059
4.83228
2.81446
3.39321
3.27304
1.4072
4.00201
2.13926
4.95648
2.84434
5.22517
3.96649
3.12025
4.44041
3.81059
5.60664
4.36534
3.29581
3.48947
4.70434
3.88306
3.55906
3.67162
4.4752
2.80161
4.50899
2.1771
4.29327
5.0728
1.35422
2.87262
3.71458
4.76972
3.10254
1.47618
5.35354
2.42026
3.20002
3.98496
4.31442
3.63044
1.86287
5.24781
3.53992
2.25496
4.12214
5.1451
2.97419
3.75182
4.5746
4.15508
3.34794
2.11133
3.68021
3.77747
5.17805
3.37907
3.66975
2.85096
5.23475
2.79599
4.72353
3.24342
1.2641
3.45793
4.05483
5.20931
1.16406
2.15069
4.37944
1.40055
5.09735
2.64566
1.47528
1.58362
3.18453
3.24503
3.1337
2.55675
2.45591
3.74423
3.77673
4.5776
2.15102
2.23364
2.86235
4.3035
3.73957
4.28996
3.42224
4.81214
3.69795
3.61195
4.67433
3.21266
3.11039
4.03405
4.62512
3.17299
3.57435
5.60504
2.42423
3.38106
3.67444
2.04836
3.45652
3.52353
4.44975
3.42393
5.25462
4.30754
3.31426
3.69081
4.28735
2.36699
3.80046
3.12365
5.02734
4.58651
3.28126
5.16472
3.42366
4.44254
4.98551
3.79753
2.00295
2.90256
4.15759
3.40659
3.29519
3.23953
3.6217
3.34204
4.62801
2.81052
3.79666
4.03663
3.05604
2.91438
3.86704
3.02652
1.78925
2.78523
4.35188
5.10629
3.95731
3.09442
4.22206
3.60226
3.39427
3.02552
3.0029
4.37747
2.85066
3.05301
2.45834
5.68525
5.13795
2.99667
3.48868
2.86742
2.18244
1.74048
4.2835
4.64697
3.31409
3.69577
5.5569
2.39401
4.83763
2.65506
5.35229
2.74765
3.03156
3.62441
1.93893
4.85554
2.19305
5.03832
3.73288
3.7463
3.19434
2.45296
2.45985
3.4796
3.73915
2.87945
4.93789
2.72191
4.10492
3.8609
4.89284
3.77529
4.12976
3.21271
4.12955
1.34029
3.55028
4.03755
4.66737
1.92311
3.51926
5.19254
5.10815
3.80073
2.23
4.82759
3.04044
3.3371
2.04636
3.93055
3.19354
1.19702
4.38571
5.50568
3.34044
4.13335
4.32413
3.07894
4.10859
4.52719
4.49138
2.16466
2.39277
3.23945
4.79537
5.14454
3.47441
1.58623
3.36376
3.70164
4.23685
2.8792
4.81296
3.518
4.02638
2.97631
2.05235
3.38634
3.24365
2.66684
4.80433
5.20241
2.66064
2.46875
1.8683
2.4961
3.7433
2.54538
4.87959
3.22581
4.42011
4.45219
3.9116
2.50192
3.27208
4.80328
4.74264
2.72181
3.02976
3.70137
3.95594
4.78988
4.04813
2.90378
3.76462
4.66293
2.59017
2.70075
3.55058
1.90233
4.78533
2.36151
2.07909
3.7308
5.03903
4.25748
3.19869
4.2833
2.45468
3.90045
3.5583
4.30772
2.98975
4.63812
3.47144
4.01234
3.60256
4.12781
4.02995
3.57398
5.05674
2.46325
4.91725
2.01132
2.33527
3.95821
3.09386
3.19522
3.2765
3.5947
5.12564
2.70846
2.07916
5.02237
2.89774
3.58425
4.73419
4.74945
3.80491
5.14408
3.22582
4.2949
4.73167
4.72177
4.50477
3.57478
4.23318
4.50233
3.77161
2.17538
4.30056
5.02021
4.51827
2.91895
4.44205
3.05329
5.06103
4.25725
4.03386
4.71521
2.9585
4.53181
3.99237
1.98992
4.74307
4.51872
3.29213
5.26909
3.8046
2.42974
4.70133
3.14408
4.05028
2.67033
4.82962
3.77062
3.62474
3.65927
3.68039
2.06615
4.00952
3.39322
3.37239
3.81548
5.23142
1.6937
4.54342
3.95252
2.69411
2.70272
4.6712
4.35185
2.80776
2.69723
5.14429
3.90532
3.12656
4.17158
3.38874
2.97549
3.11401
2.39087
5.20346
3.00886
3.9413
2.74717
3.18038
2.65853
4.88386
3.75447
2.18277
4.20703
4.91683
1.39699
4.82792
3.39667
3.51976
3.29945
3.76803
4.4662
1.9866
3.31704
3.28573
2.75877
3.1967
3.64626
2.81848
4.70778
3.83805
4.93721
4.49852
1.82354
3.48386
5.14137
3.14283
1.49501
2.20911
4.95824
5.35035
5.48749
2.59335
4.24774
4.46099
1.95823
2.99168
4.65445
2.60404
3.62865
4.36566
3.94349
2.41097
3.44308
5.25124
2.17685
4.19038
4.61034
3.60091
3.86293
1.96039
1.86599
5.27223
3.59075
3.70671
2.6094
4.34557
2.91443
2.58183
2.76123
2.73833
3.38239
3.98397
2.75329
3.24376
4.60942
3.55151
1.50414
3.65717
4.66902
3.08182
5.55037
2.56267
2.83703
2.73063
4.19458
4.63883
4.34662
3.57104
4.5978
5.00147
3.31858
2.18873
3.18532
3.13743
3.40977
3.46272
4.05136
2.39291
5.97643
4.02853
3.73945
3.26524
2.67808
4.64352
2.34165
2.9073
3.45149
4.77147
3.30141
4.28866
4.16336
2.17644
3.62098
3.86789
3.50379
1.66348
2.36589
3.91551
3.31218
2.82636
3.42536
4.78732
5.53046
4.26027
3.42894
3.48291
2.35793
3.66994
2.53594
2.73434
1.43558
4.65154
4.50586
4.65519
5.01695
4.14901
5.52428
4.64022
3.58615
2.18349
3.7
4.74115
2.76298
2.42698
2.96589
3.65422
5.0886
3.53897
3.80702
5.24015
2.91439
4.40764
3.80626
1.65762
2.62034
4.03469
3.43888
3.22625
3.7685
3.77561
1.86396
2.54536
4.55049
3.49485
3.65209
5.17992
4.51745
3.91796
2.95499
3.38514
2.08437
5.06054
4.06428
2.87663
2.67983
2.58629
1.62288
5.56282
3.666
2.79436
2.44394
3.44168
1.78268
2.65864
1.4589
5.52402
5.37309
3.93946
1.75715
3.18064
2.02801
2.36065
2.99669
2.22084
2.53877
1.69268
3.65622
4.79488
4.17841
3.30533
3.16576
3.37338
5.33455
4.35079
4.89416
2.59139
4.3959
4.71082
2.78819
2.65537
3.54881
4.18953
3.14966
2.79644
2.76867
4.65543
3.60289
4.91311
3.29526
1.93464
3.7468
3.58231
3.25981
4.22949
3.80188
4.02735
3.38561
2.68431
3.75395
4.41661
5.31264
2.94329
3.56289
3.02734
4.10106
4.1424
2.44612
1.84337
4.84682
3.75046
4.56263
3.56644
1.09677
5.52188
2.11531
1.30549
4.87977
3.54624
2.45519
1.86866
4.6737
2.97775
3.21304
4.61779
3.50768
2.49995
1.2999
5.75555
4.6524
4.92895
2.80963
2.70007
4.48052
3.08109
3.92303
4.86279
3.58289
3.12845
2.85437
3.17954
3.1054
2.13841
4.69765
3.65584
3.52506
2.84113
2.22125
4.97201
2.71273
4.39132
3.72618
4.35403
4.13414
2.98861
4.02435
4.4513
4.41941
3.19306
3.90981
4.37249
2.28532
2.12055
2.18739
5.31598
2.9236
1.92491
2.38929
2.89125
3.47216
3.5717
1.25191
1.76319
3.56533
4.38098
2.84144
3.66096
2.71299
3.16417
3.40817
2.07861
3.3873
2.50275
2.61576
3.65451
5.1998
5.31415
4.23351
4.75205
1.43042
4.82289
3.69546
2.17399
4.42391
3.40266
3.62224
4.22815
3.4982
3.97771
3.96737
5.02234
3.0128
2.76951
3.39161
3.40134
1.62464
4.14749
2.78504
3.34912
4.01249
2.18994
3.04814
2.46466
3.47976
4.2843
2.30944
4.27963
5.34995
2.19333
2.69877
3.72167
4.44732
2.98644
3.6116
2.93694
2.70969
1.0833
4.59113
4.47086
5.10899
3.37903
4.02163
2.9661
3.55909
4.51861
4.76735
2.572
4.36942
3.86005
4.70841
5.16988
2.55679
2.01421
3.81577
4.30366
3.45656
3.07128
2.47442
3.86551
3.57853
3.72189
5.7049
1.62144
3.53153
2.45344
2.24992
3.07169
1.09472
3.34974
3.68407
3.42619
4.64257
4.7449
4.27115
2.13534
3.63428
3.07998
2.23507
2.9516
3.75734
4.28346
2.42655
2.90745
2.06898
1.3445
4.05925
3.38058
4.60789
2.47038
5.25571
3.07725
2.95274
4.31728
3.58428
1.29972
2.08286
4.25619
3.58523
2.77435
2.15024
1.9834
3.4752
5.10132
1.40112
4.00764
3.78588
4.048
3.98917
4.64373
3.13388
2.94227
4.80123
1.61503
3.13554
5.33295
3.67057
3.21484
5.67146
4.86921
3.48126
2.19949
3.77222
5.5112
5.67163
1.68343
2.33803
3.71928
2.52312
2.77945
4.22147
4.67917
3.37523
2.57468
3.39393
4.40596
1.53592
1.75569
4.9827
3.72948
5.1607
3.79386
1.90715
3.69922
3.75276
4.5744
2.15873
2.35683
2.19015
2.70069
4.46109
5.10946
3.81516
3.9276
3.11284
5.09739
3.12469
3.27566
2.75705
3.48459
4.47967
2.85025
3.13785
5.01088
3.50501
2.23779
2.59597
3.9296
2.481
4.07352
4.62154
4.61496
5.03057
4.97318
4.22361
2.15805
3.78593
3.99345
2.69273
3.68118
2.47194
2.13374
3.02367
3.38477
3.47255
2.11458
3.83253
3.50179
3.45047
2.76547
4.54317
1.86923
2.96909
4.32774
1.43494
2.23699
3.81985
2.32561
5.3345
5.71894
4.88671
3.38138
2.30142
3.45181
3.88381
3.9481
3.59846
4.06214
3.18074
2.40605
3.05357
2.45204
3.18439
3.81676
3.61275
3.6994
3.87456
2.35107
5.44843
2.52869
4.09511
4.00541
2.93021
2.34321
4.08069
4.19301
4.58075
3.2202
1.95353
3.64452
3.83117
3.05515
4.55333
4.27524
3.95663
2.70186
4.46736
4.27353
3.0144
4.48996
3.50675
3.638
3.92278
3.91182
3.12877
2.73845
3.51092
4.05581
4.43401
4.69829
2.43595
4.02308
4.37102
2.49393
2.80507
3.60029
3.16017
3.63898
2.15684
4.37069
3.20197
4.16925
3.64728
2.23129
4.36461
1.86656
5.35273
2.94379
4.54871
3.75766
4.04282
3.3824
2.80667
2.39681
3.09345
4.05159
5.0478
1.78829
2.90093
3.23197
1.98902
2.02792
2.72487
2.27292
3.01541
4.34019
5.32886
2.58535
2.99316
5.16024
2.60439
5.2985
4.33181
1.75774
4.05484
1.8296
3.72146
2.62217
3.08271
2.77546
4.47444
3.42685
3.4648
3.57018
3.77998
3.86156
2.71638
3.26343
4.43418
4.47136
2.73681
5.05874
2.73663
3.3619
3.69541
3.91155
3.24891
2.72895
2.05794
2.52174
4.48887
4.64283
2.97031
4.96584
2.389
1.86593
3.40764
4.49888
2.97545
2.70411
3.06305
3.71625
2.22888
3.99046
4.89227
3.8011
4.4665
3.27275
4.04613
2.49277
3.33924
2.62323
2.61491
2.69718
4.16638
2.21233
3.17433
2.81998
2.83414
4.38537
4.06506
3.43859
2.36364
3.45415
3.65335
5.33947
3.50738
2.76269
2.01238
3.7318
2.86246
3.80946
4.02985
5.10943
3.49261
2.30568
2.88907
4.26747
3.92998
3.02214
4.68715
1.89077
4.18152
4.12473
3.64504
2.91592
4.49388
2.42124
2.93106
2.52928
4.13435
3.53991
3.56043
5.19821
5.82454
3.0328
3.15015
2.54301
4.21731
3.24458
2.49975
3.14228
3.93624
4.01021
3.53486
4.02443
4.20116
5.3424
4.59206
4.63341
2.94172
2.2426
3.33981
4.46662
3.55533
3.11687
3.82154
2.86848
4.59443
4.0005
2.17374
3.6229
4.17195
3.39309
3.01282
5.52336
4.25298
1.97837
2.80138
3.00931
2.75423
5.35075
2.69552
3.24279
3.50205
3.59307
1.44164
2.65929
3.10353
4.14803
3.8322
2.06218
2.16414
3.89794
4.54657
4.7399
3.5394
5.21565
3.39439
4.37064
2.43661
1.47165
3.54536
3.639
4.68717
5.08042
4.27067
3.02465
2.8883
3.14135
4.0378
2.13278
5.36729
2.07773
3.49163
3.22174
5.0502
3.39934
3.42163
3.24293
4.32078
2.81236
2.75566
4.24357
2.83439
4.37277
3.43804
2.39294
3.00541
5.22688
2.74028
3.17777
2.51587
4.70572
1.61981
4.47285
4.69662
1.63718
5.18315
2.72787
3.51135
3.21293
3.12637
2.92173
2.62789
5.09435
4.21732
2.72079
2.68966
3.16473
1.95022
2.93749
2.40471
2.4324
3.4449
2.42121
2.44793
3.06232
2.97906
3.42314
3.92665
4.86107
2.73373
3.26217
2.78813
4.76306
3.89803
4.77909
3.05186
4.46331
3.72127
4.10132
2.62811
4.81486
3.41635
4.65074
3.23831
2.45652
3.01015
3.61222
3.08168
4.85923
2.30288
1.24073
2.39633
5.07721
4.53975
1.91991
2.94213
4.46232
3.71482
1.2953
2.68657
2.94825
2.61816
3.59041
4.10336
4.73326
4.30404
4.87415
3.49804
4.78822
2.09899
4.08319
2.15323
3.58929
5.08538
4.01296
2.84033
3.82208
2.18718
4.27624
2.37337
3.52696
3.55123
2.38832
2.38455
5.25276
2.85855
2.67304
3.87987
5.25881
3.51692
3.09404
1.38738
5.65281
5.37702
2.4007
2.13918
3.0749
4.18108
4.13854
2.23248
5.13565
3.39427
2.60883
2.5937
5.28861
4.88556
3.7725
5.32375
3.16568
3.61601
3.87837
3.13127
3.12596
4.55915
2.75621
3.56474
3.86678
5.01921
2.24982
3.13311
1.41799
2.32951
3.17603
4.15865
4.18835
3.10482
3.98019
4.33447
4.45548
3.28768
3.41923
2.96324
3.28851
3.17024
3.13819
3.73239
5.36531
3.38959
3.91672
4.13506
3.99359
4.08586
4.14677
3.77497
2.36809
2.47886
3.26297
2.79732
2.19357
4.06029
3.88271
2.56653
5.2761
1.91534
4.32243
3.46591
5.03253
4.8783
2.94237
4.32293
3.09117
3.29378
4.93197
4.46774
1.25372
3.5962
3.18308
2.81165
3.5618
2.23682
2.80866
3.58597
4.55857
3.17874
3.64956
3.0107
3.05885
3.74701
4.27214
5.16635
3.33889
3.56214
1.99475
3.72106
5.12919
3.1019
3.89119
3.91923
2.64189
2.12747
3.50436
3.86671
3.58675
3.77678
2.16366
5.65135
4.22708
2.56878
2.33457
5.21692
3.50028
3.87935
3.33927
5.16205
3.07466
3.64044
4.5722
4.26492
3.43723
2.58079
5.49454
4.03815
3.70477
4.26795
5.22687
3.49754
4.82304
5.52744
4.9694
3.58182
2.16674
4.00672
3.76429
4.78997
4.27538
3.21768
4.77467
3.10596
2.05805
2.83302
2.7903
2.66031
4.77256
3.82817
1.57984
3.83132
5.43212
1.75171
4.49482
2.61791
4.01554
4.47403
5.89066
3.61986
1.95434
3.20487
1.96525
4.84026
3.34297
2.38716
2.52564
5.27864
2.16594
5.26591
2.47862
3.41252
3.05849
2.49714
3.50117
3.66861
3.21469
3.60346
2.38185
3.8642
2.52991
5.39917
5.43433
4.3528
5.41216
5.19932
3.16955
4.23736
3.41928
2.19327
3.57297
4.01805
2.97675
5.30508
5.86869
4.92058
1.90366
2.67922
4.5623
2.90494
4.82181
4.12148
3.33949
2.48334
3.24561
3.39161
2.55753
4.48007
3.74839
4.6852
5.10206
2.74485
2.07291
4.45932
3.29169
5.08516
2.40188
3.44715
1.7979
3.31198
4.22695
4.27385
3.20829
3.79732
1.85191
5.02691
3.89592
3.32054
3.53906
3.45087
3.26797
2.73494
3.65491
2.62753
4.25209
3.11426
4.39418
2.06937
4.53859
3.04342
3.75882
5.59506
4.13238
1.59595
3.4413
4.17269
5.17819
4.29527
4.10907
3.10727
2.30806
3.9851
3.80993
3.51603
3.42012
2.53888
5.31541
2.97593
1.83295
5.21641
2.69216
2.04457
3.66974
2.23033
1.23895
2.04691
1.61196
4.2135
3.14946
5.08667
2.82208
4.78264
3.85871
4.68263
2.37023
4.27226
3.5038
4.7466
3.90983
1.46683
4.27702
3.31109
4.13226
2.28823
2.67229
2.98109
4.19097
3.39916
5.72333
2.52602
2.32043
4.56232
2.30487
3.34402
4.78556
3.84895
1.91559
3.22232
4.58237
4.41925
1.58432
2.88381
3.97091
3.10124
4.13871
3.25136
2.95633
4.37316
5.54799
3.1777
3.74461
3.60893
2.89946
3.58039
3.48412
5.57467
2.79066
1.98737
4.26472
3.16839
5.01711
3.94048
2.88099
2.27383
3.40788
4.52031
3.27658
3.8533
4.50926
4.4474
4.37164
4.03334
5.53909
3.28124
2.63552
1.94084
3.13222
4.67968
4.80203
3.42631
1.37011
5.49803
1.53492
4.06467
3.93529
4.19844
2.63602
1.95311
3.45407
2.10642
3.54898
2.32919
3.68835
3.49314
3.94655
4.41154
4.71046
4.77798
4.59951
3.61922
5.04208
4.33783
3.5105
1.95472
2.96144
2.47563
1.45624
3.33971
1.78028
3.54208
3.11668
4.07115
3.36493
4.02116
2.87986
3.81975
3.02352
4.0811
1.69637
4.72124
2.10376
3.15908
3.01739
2.61519
2.2437
2.58942
4.38572
2.86469
2.19035
5.10113
4.15895
3.44441
1.94865
2.20243
2.62941
2.61318
2.24619
3.53598
3.46563
2.49146
2.39635
4.73019
2.43496
3.24259
4.11561
4.58825
3.27762
2.81103
2.69805
3.6479
2.88703
4.29929
5.17308
1.71154
4.61201
2.06958
5.16968
4.38745
4.53109
3.53472
3.68356
2.99953
3.45971
3.85706
3.79089
3.41423
2.23595
2.90284
3.07515
4.89972
1.99082
5.30355
2.63121
2.5739
2.14424
2.85454
3.48349
1.31416
4.27775
3.73517
2.60255
2.69317
2.3206
2.66368
3.92729
2.07149
3.64563
2.60375
4.89751
2.91914
4.20663
2.01891
3.47425
2.25465
3.75923
4.42445
1.97291
2.28158
4.4921
4.11579
2.25699
3.8688
3.05586
3.45592
1.93777
2.46245
2.01189
2.98351
3.198
3.83355
4.63359
3.35722
4.70527
3.25706
4.27782
5.28058
5.30341
4.78416
1.20413
5.05586
3.268
2.21131
3.25496
4.29392
1.88457
5.16585
4.71981
5.06151
3.45584
2.41925
4.99165
3.8757
4.56706
5.10578
2.78405
1.9596
3.03591
4.96549
2.71265
5.05225
3.94645
4.54696
3.95456
3.81916
3.51392
4.99672
2.98484
3.03954
2.75009
2.62845
4.04882
1.74942
5.49634
2.90675
2.06477
2.39945
2.36445
2.29637
3.06107
2.33947
3.47268
2.11951
4.53749
3.07136
3.58726
4.12992
2.3003
4.21527
3.37736
2.45422
3.85597
5.01327
2.4639
5.86689
3.85853
3.94857
3.79051
3.05731
1.89063
1.68702
4.56744
4.11302
4.51879
4.05194
1.63698
3.88533
4.59812
2.62177
3.58154
4.71952
3.7122
3.29437
3.24312
2.22323
3.41898
2.79033
2.54585
5.81329
2.63345
2.07185
1.6105
3.22245
4.51336
4.03251
3.623
2.46395
4.12412
3.06715
3.26615
3.44318
2.94428
1.26005
4.74683
4.47235
5.43324
4.93343
3.04847
3.88508
3.91778
3.67735
4.01096
3.7647
3.46437
4.23575
5.18843
1.49097
3.18929
3.7525
2.65731
2.87682
4.61864
3.38514
4.04525
3.10772
3.7457
4.17288
2.52384
3.51287
3.84311
4.79939
5.35594
5.88889
3.37238
3.01979
3.81083
4.16288
2.49384
4.02509
3.85827
3.12331
2.71461
2.39645
4.02521
3.26353
4.62304
2.05517
3.14627
4.47408
3.44276
3.24369
3.96222
4.38647
3.79966
4.57637
3.61785
4.61237
1.13065
4.07787
4.08377
4.93868
2.57273
3.38109
4.37381
4.23035
4.95633
3.88513
2.15294
4.85909
4.18705
2.67786
2.42765
2.41767
3.83485
4.40669
2.98397
1.79593
3.66031
3.03483
5.08553
4.38579
3.59219
4.54927
3.66701
4.24925
5.33124
3.19081
3.85578
3.52464
4.7899
2.15515
2.62726
4.16274
3.98803
2.46801
3.24734
4.27588
5.80971
3.36628
3.37754
2.94955
4.18649
4.02098
2.81649
4.80727
3.30754
2.31669
3.82397
2.43625
4.86726
4.15618
3.32119
3.47231
4.64626
3.88769
4.48392
2.20935
3.88147
2.95637
5.34254
3.03978
4.41662
2.26016
3.97576
4.84886
4.53422
3.94441
3.73263
4.17735
4.6556
2.99837
5.13965
5.53309
3.75528
5.52066
3.74813
2.17376
3.37177
3.89961
5.14882
4.99929
4.00631
4.40848
4.72916
3.38391
3.48681
4.84415
2.97075
2.34424
1.03408
1.34218
4.68253
2.88112
1.8027
1.87971
2.53753
4.14939
4.57901
4.23171
4.1291
2.3012
2.60394
3.27504
4.98483
3.91484
4.14836
4.0386
2.57424
1.86244
3.0041
2.77679
3.31888
3.28647
4.46353
3.59743
3.46112
3.04601
4.64621
2.80414
2.87075
4.06072
2.69082
2.11718
3.46588
3.42118
3.86618
5.31555
3.39745
4.95132
4.56495
3.09703
1.99439
2.59962
2.42887
3.08205
3.68898
2.10232
4.01486
3.39066
4.23963
3.30333
3.44587
4.10131
2.04104
2.33187
3.40104
3.65372
3.65937
4.03033
2.0847
4.38705
3.45247
3.09109
3.97377
2.90875
4.73331
2.30277
3.17856
4.36799
4.40692
3.12238
3.66177
4.96181
4.35918
4.98159
2.84608
4.13083
3.59823
5.30158
1.80044
4.40535
2.74711
2.13227
3.73055
2.74161
4.45866
3.14836
2.9093
2.44168
2.17166
3.42588
3.46775
1.87979
2.84955
2.48915
4.12775
5.26125
1.94093
3.56005
3.4921
4.01948
3.27368
4.75709
3.41874
5.21038
2.94201
5.68399
2.79015
2.89212
1.96874
3.41326
3.14961
2.48255
5.12233
1.81203
3.71108
1.46505
2.74132
4.97368
3.65946
5.06782
3.76606
1.71015
1.94339
2.67033
3.90063
3.62639
1.42257
4.69466
2.92514
1.73966
5.26725
3.11823
2.15163
3.42291
3.91702
3.99859
4.36418
5.14266
5.69187
2.52955
4.30658
4.52866
3.3081
2.65198
2.87865
5.2534
4.58721
4.12154
2.67471
5.01652
3.55576
2.68945
3.84578
5.62016
2.91952
3.68135
4.98917
4.68799
3.05546
5.76314
3.86745
3.52181
1.19993
2.56174
4.73072
2.4063
2.42197
2.56237
5.36451
3.36356
3.75563
4.83323
5.20754
3.4259
4.52521
4.6319
3.48192
3.93627
4.43288
1.32712
3.25049
3.20264
3.88778
1.32327
3.66401
3.52357
3.34133
3.30377
3.38328
1.66899
5.05336
4.61365
5.7593
4.34134
4.24889
3.48046
3.32677
4.45883
2.03552
2.02634
3.01428
2.79382
4.73671
4.65333
1.697
2.56596
3.45612
2.88761
4.3154
4.53072
3.7235
3.64755
3.75609
4.42093
2.98287
3.15399
3.03878
3.28973
3.46856
3.33042
3.57555
1.87034
2.17528
4.04453
3.36694
2.50886
5.66306
5.42138
3.47129
4.04326
5.3485
2.21241
4.932
3.69283
3.71869
1.83369
4.06977
3.08879
3.56425
4.19013
1.64454
3.01814
3.36335
4.78191
3.36459
3.26954
2.35844
2.84285
3.0678
2.66085
3.65293
3.38957
5.62295
4.89502
2.81466
3.5641
1.69627
3.3318
5.50889
4.53155
3.50137
4.57964
3.093
2.94835
4.49828
2.00336
4.89073
3.14544
4.22991
5.8094
5.02363
2.67473
4.58188
3.81231
2.71288
4.74617
3.22453
3.80196
5.37435
3.83629
3.84331
2.12303
3.61539
2.87855
3.48663
3.64411
3.90168
1.94923
2.45764
3.23554
3.1977
4.24178
4.14948
3.19141
5.29471
2.87641
3.57069
4.72261
3.32493
1.72052
4.03061
4.71398
4.6212
2.39956
4.05183
3.88047
2.6161
3.05683
3.54978
4.2731
3.38519
2.17453
4.66692
2.77738
4.22355
2.89737
3.37177
2.8129
3.30562
2.30398
3.03077
3.88449
5.51301
3.45015
3.13336
2.9515
2.42523
3.26189
2.69858
2.77336
4.25372
3.98535
3.61401
5.45594
3.15917
4.90421
1.75558
4.36445
3.4279
4.41447
3.2094
1.8854
1.89268
2.80011
1.76441
4.21109
1.76896
3.18224
4.56742
4.88697
4.73724
4.61816
2.92951
3.80318
2.13789
4.70564
4.74582
2.62838
4.05448
4.30176
3.83792
3.87503
4.84714
4.09438
4.75104
1.35205
5.35739
4.26835
1.63589
2.20176
3.04137
4.38737
1.81743
2.53492
4.198
3.36656
3.50067
2.36859
4.74449
4.03925
2.78636
3.6383
2.65104
3.32591
2.76675
2.49735
3.68231
2.39172
1.94461
3.93221
5.00298
3.93323
3.06617
5.41478
3.49021
3.36372
4.18129
4.37853
4.75566
2.17027
3.84198
4.24667
2.41518
5.09509
4.32277
3.05744
5.05411
3.04693
3.09444
2.42254
3.12166
3.2779
3.50494
2.62136
2.1477
4.86435
3.21923
4.57506
4.71048
3.40994
3.44226
3.7609
3.99422
1.64236
3.2971
2.3186
1.56028
2.20466
4.45283
3.66711
3.61608
2.94553
3.69432
3.89128
3.60091
3.39206
3.09903
3.47453
1.81812
3.84243
3.83322
1.64502
2.628
3.14472
2.80291
3.66919
3.87634
2.73212
1.49238
3.86777
1.76819
2.86353
3.29589
3.94621
2.30701
4.77263
4.49566
4.9224
5.20438
2.05737
4.76205
1.50117
2.8254
3.64552
5.64953
5.18667
2.77041
4.05121
2.53436
4.23966
3.10362
4.39098
1.78811
2.27858
4.02436
2.25687
3.20328
2.8895
3.93693
5.04798
5.28521
5.05143
3.91015
4.74098
5.49714
3.49987
2.42783
4.83358
3.89278
4.34312
2.11655
2.3244
4.29354
4.3118
4.29737
4.09603
2.26518
4.46396
3.2431
2.9475
3.62128
3.48431
4.93304
3.77586
3.52861
1.90732
4.88228
2.53571
4.51215
4.16079
1.28258
4.60944
1.75508
5.26758
3.22735
5.09965
3.5619
3.35963
4.20313
3.80936
3.70025
5.34983
5.81516
4.80432
5.55987
3.67389
3.37507
1.95591
3.16466
4.45541
3.51335
2.74158
1.04656
4.26405
4.38998
2.83424
3.83751
3.82801
3.86134
3.64042
4.65856
2.62839
2.62192
3.95132
1.4826
3.24448
5.3744
2.74937
5.12024
3.63537
3.49172
2.96732
3.82557
4.23478
2.42031
3.12532
5.2415
4.80226
3.73327
2.77561
4.00201
3.41548
5.27784
3.56334
2.78102
4.3046
3.27154
2.96582
3.42571
2.42118
2.48647
4.90159
5.53434
3.20061
4.82145
5.40435
4.93647
3.41811
5.09685
2.43599
4.00623
3.3552
3.31711
4.16666
4.58676
4.18453
4.93114
4.67878
2.52661
5.04773
2.28075
2.5558
2.92677
4.24201
3.96285
3.69551
2.16942
3.24798
4.2407
4.94142
4.14707
3.52221
1.92534
2.25478
3.83394
4.0448
4.80783
3.65376
3.93828
2.55338
4.25855
3.02502
4.84776
2.71158
5.01983
3.66695
1.92722
3.15106
2.50315
2.55285
2.45088
4.89319
4.06267
2.80593
2.04884
3.59722
4.25164
2.75728
2.52026
4.89859
4.47863
2.71154
4.21325
4.79242
2.26567
2.67416
4.39429
2.58344
1.97028
3.29792
3.12741
3.86514
4.86902
3.18521
5.15642
5.30734
1.90978
3.43678
5.13059
4.2228
4.72561
2.4661
4.23742
3.94976
2.1629
3.10288
3.90327
3.52885
3.1118
4.88786
4.19566
4.46926
4.33706
4.71499
3.40857
3.59016
4.29256
3.60608
3.53462
3.99027
3.06291
3.90684
3.92584
3.63928
2.11075
4.57214
2.4173
2.90186
5.41859
2.46233
4.53557
3.4958
3.39883
4.70106
2.13659
4.4528
2.60635
3.6495
2.91517
3.09126
2.82256
1.9301
4.20118
3.32739
3.4906
2.68747
5.80482
2.34193
3.7659
2.40266
2.39634
2.18634
4.60704
5.08085
3.503
2.85389
2.36657
5.01182
3.67889
5.1571
3.75194
3.05596
4.25077
5.44477
1.81157
3.53785
3.76578
4.75808
4.26134
5.33324
1.86451
2.4665
4.00219
1.61405
3.27567
3.74105
2.08911
2.97016
2.47615
1.41342
5.69764
5.75539
2.78285
3.33613
5.29357
4.00917
3.74061
3.80027
1.24697
1.68428
5.14288
4.38372
3.04194
4.66483
2.36957
3.29419
1.51833
4.18775
3.44935
2.83782
3.74195
4.78471
3.35098
4.58541
3.63526
3.2406
2.98112
3.62503
4.41
2.81832
4.21386
4.48068
3.62917
4.12874
2.99939
4.34364
3.38532
3.02848
2.69755
1.70407
1.61748
1.80713
4.25401
2.78718
3.49943
2.67944
3.68492
4.38941
4.11671
2.22678
3.05841
4.77681
2.81032
4.43631
3.75883
4.24874
3.10006
3.36504
2.7925
3.78696
5.01063
4.20988
1.74129
3.90114
3.90866
3.69372
3.6929
3.84848
1.61935
4.68152
3.57466
3.84639
4.12599
3.31924
1.78993
4.71381
3.06635
4.7423
4.90425
3.06774
3.02479
3.02935
5.35069
3.26851
3.27903
2.5808
4.72172
4.7482
3.69593
3.98067
2.1876
5.17341
4.88061
2.65404
3.42865
3.58475
4.96841
3.2615
3.69186
3.22195
4.60935
4.27573
3.67962
3.68485
2.73009
3.06424
3.95104
3.89694
3.56808
4.55645
4.86426
3.52953
5.25843
3.7018
2.31035
3.6111
4.41344
3.42991
2.08756
4.48757
2.17056
3.20238
5.23688
1.11596
2.59418
3.49985
3.00784
1.86505
1.60216
3.717
3.34611
5.06318
3.74794
2.44177
5.89176
4.97469
5.22442
2.47418
1.95032
3.20294
4.36578
3.1941
4.74578
2.7093
3.2086
5.01601
3.4879
2.20365
2.83401
4.67292
2.38335
3.60384
3.74737
3.45024
2.69329
4.57734
2.96251
3.24482
2.28734
4.37029
4.24248
2.45248
5.36673
4.19516
4.60901
2.69217
5.12697
3.38985
3.76804
3.25307
4.10318
4.37738
3.50873
5.4052
5.78862
5.64678
3.9188
3.34302
1.83993
2.54213
2.41869
2.53523
1.78001
3.08821
2.65287
4.63314
4.08217
2.89745
3.18609
3.3435
3.86701
4.39448
3.2381
5.30111
3.16584
3.66089
4.35013
1.47991
2.30244
3.14413
2.91171
5.56054
2.9173
2.79107
3.8867
3.42607
4.5064
5.85805
3.36231
5.08656
4.56908
3.71556
4.20521
1.83703
2.55727
3.90728
5.14394
4.83231
4.79104
5.03953
4.00702
4.01609
3.85294
5.76854
3.13123
3.47062
4.1965
3.21943
4.1148
3.25698
3.30161
3.61217
2.6253
3.69535
4.68251
4.68617
1.88225
3.28793
2.90142
3.20663
3.21961
3.61672
1.46376
3.90209
3.79346
3.55182
4.56845
3.62408
5.03526
3.48497
5.65944
3.83621
3.36142
3.05702
4.57233
3.23135
4.43493
2.97684
3.2925
5.34203
3.93487
3.03305
2.93894
3.45066
3.8251
1.77907
1.56058
4.4223
3.5231
3.62555
3.67948
1.77453
2.65568
3.70348
3.23811
3.86507
3.74782
4.86502
4.20537
3.01918
4.22657
4.56791
2.56884
3.2356
2.53172
2.14355
2.28829
2.80084
5.41043
4.07732
3.50823
3.7082
5.13285
3.93396
1.42478
4.71936
3.90116
4.4396
3.67507
4.2226
3.13449
4.48582
5.46472
2.73341
2.59735
3.45037
4.87175
2.9492
3.49951
4.23259
3.36314
2.71181
3.23007
2.28108
3.5324
3.04743
2.29901
3.14435
4.91472
2.14514
3.8445
3.20492
1.95853
4.20181
2.72425
2.26042
3.33022
4.5022
2.24467
4.99482
3.70124
3.91988
4.49147
3.63637
3.01447
4.71561
5.01066
3.72797
3.94968
5.07655
4.24893
3.93961
3.40504
2.28091
4.19775
4.23116
5.78488
3.68907
4.09544
1.92811
4.73111
3.45361
3.82679
2.40139
3.15851
5.90717
2.81994
2.54652
4.05193
4.02842
3.27525
3.63616
3.95579
3.20265
4.47133
2.87411
2.43413
4.18528
2.17819
5.10761
4.00209
4.74272
3.86799
2.65885
4.12732
1.88626
1.44872
2.11521
2.87244
3.43169
3.65647
4.67214
3.59743
3.80795
2.52716
3.75101
2.36342
2.10518
5.02848
2.61838
3.777
2.79362
4.46833
3.11217
3.4868
3.86123
1.70583
4.33386
1.39195
5.80948
3.4764
4.79489
2.84425
3.01288
4.3025
3.0094
2.72411
1.38955
4.49657
2.40421
4.2425
3.14634
4.67329
4.17095
3.16895
3.05334
4.473
3.81411
3.90848
3.76934
2.35847
3.6527
1.44777
5.18085
1.88249
4.41217
5.16352
2.0339
5.23365
1.79697
4.33391
5.32925
2.153
3.56329
3.41628
3.51791
3.97444
4.11524
5.25221
4.47549
3.57669
4.52668
2.3336
3.55
2.44514
3.64483
5.11107
1.66946
3.32665
3.06071
2.04871
5.56191
3.6209
5.2354
3.72669
2.08175
3.1868
2.44979
2.76621
5.45291
3.15267
4.49985
2.69857
2.4307
4.60426
2.68778
4.62307
3.45047
2.68438
4.16386
3.09593
2.7729
5.17366
4.05228
2.1652
4.95173
2.53164
3.04848
3.81422
3.64164
3.66267
2.80414
1.79881
4.32997
3.33149
2.92016
3.96119
5.01759
3.18815
4.24659
3.07602
3.19063
3.77235
3.44261
2.6319
3.61613
4.65237
3.3784
4.67409
4.56109
4.01377
5.46481
4.43199
4.97578
2.54855
3.37537
3.42759
1.99873
4.40514
2.87956
1.60862
1.83193
2.74521
2.13455
2.27297
2.60152
1.61301
3.28706
3.64846
5.26039
4.35862
4.61565
2.96481
5.40562
1.76604
2.69764
5.20212
5.07513
2.82277
3.71387
4.42321
1.65427
5.22731
2.00833
3.1943
3.46446
3.76626
2.39864
5.07166
3.42245
2.6031
2.98735
3.97919
3.35019
2.30536
2.3526
2.52472
2.08159
1.59767
4.00116
3.90036
5.45403
4.8628
1.84517
3.98498
3.08873
4.32334
3.21821
4.11455
3.05562
3.12155
3.07515
3.20859
3.58457
2.17528
4.52393
3.03885
3.42662
2.22291
1.7167
2.3988
1.78468
5.38035
3.88126
2.28038
2.42521
2.81848
3.90298
4.8868
2.14831
1.82942
3.87108
4.4082
3.7353
4.08516
3.38204
1.95936
2.80921
4.80246
1.64706
3.42647
4.23499
2.31269
1.57907
2.1925
4.25273
4.19591
3.03901
1.30851
1.97845
4.67315
3.29963
1.65071
3.22362
3.36154
3.03947
3.95099
5.77576
5.28158
3.30805
3.31097
3.34902
3.66632
2.90761
2.40764
2.85505
3.15735
4.01547
4.071
3.96078
3.88253
4.12497
5.26192
3.59121
1.69552
4.51191
2.70115
3.60171
4.01767
4.4374
2.99792
2.2857
1.7575
3.67665
2.09927
2.20003
3.1934
3.71755
5.22903
5.48174
5.49059
2.6014
1.70786
3.39636
3.68288
2.38229
1.64351
4.29922
2.98561
4.06055
3.45304
3.50771
3.21597
2.59939
2.52659
4.77385
3.88196
4.26298
2.06457
3.61284
2.66169
2.51799
2.21832
5.18481
3.5297
4.61964
3.13636
1.24326
3.69712
3.75699
3.86658
1.85521
3.31779
3.76146
2.28685
3.16435
3.57239
2.38601
1.33464
4.90998
2.27803
5.04187
3.77858
3.23097
4.08083
3.63304
4.12265
2.97526
4.57394
2.25823
4.45642
4.30188
1.84402
3.05333
3.66236
5.80395
2.48407
3.82677
3.86372
3.19738
4.52069
1.89385
4.3446
3.81154
4.48909
3.14511
3.89585
2.68451
2.54928
1.88763
5.13874
3.50681
3.07198
5.37708
3.85047
1.97427
3.53313
4.71245
2.66357
5.3016
4.3407
3.39386
1.73385
2.21513
3.87803
3.84821
4.06898
5.18418
1.58284
3.10609
2.68278
3.46727
2.29124
4.0673
3.0878
1.74048
2.36141
3.42125
2.86121
2.14193
4.75145
3.79251
2.6172
5.0076
3.76139
3.56053
2.19117
2.89017
5.55919
3.05661
2.18901
3.64396
2.89617
2.96986
4.27734
3.92549
4.07677
2.29824
3.68825
4.40049
4.78348
4.05914
4.38452
4.76472
1.76737
4.72828
3.67946
2.87725
4.69999
3.00439
3.8275
2.8714
4.14264
5.00116
3.19997
4.54974
4.62411
3.84683
4.13264
5.68619
2.22801
4.42552
3.3796
2.54946
5.87627
3.62366
4.33055
4.52862
3.15522
2.94848
2.7462
3.68293
5.06608
3.76451
4.73931
4.35448
1.99154
3.14803
2.07631
1.67362
2.95578
5.48825
3.09742
3.35342
4.41474
1.46784
2.65037
4.11119
3.34928
4.43445
3.90611
3.87088
4.84355
4.42883
3.77185
4.59233
4.11627
4.76371
1.84015
3.63896
4.63277
5.052
2.90969
1.53766
2.46065
2.96143
2.58673
3.80043
4.94236
2.22673
1.82335
2.66905
4.04273
4.0794
1.97159
2.71042
1.39013
3.25909
4.52999
1.63161
3.06465
3.14932
1.73198
1.99994
5.09717
2.33439
5.47296
3.245
5.42818
2.00303
2.79568
1.38588
4.73542
2.62849
3.7512
3.86812
2.0745
1.73343
4.42544
3.71161
4.18695
4.80206
4.26867
3.36173
2.1152
3.53075
5.08841
4.20273
2.92409
4.61238
4.16345
2.63345
2.86392
3.12842
3.40965
5.42228
3.71987
4.87687
2.87566
3.24923
3.87801
4.09288
2.56937
4.40974
2.29824
4.52285
4.21374
3.09602
2.11957
2.69185
4.00304
3.48832
3.53332
2.45782
3.77835
2.07973
5.34522
2.07526
3.76393
3.72476
1.30704
3.9947
2.60333
4.34301
3.33408
3.50337
2.40735
2.52613
4.1347
5.06634
2.87306
3.48714
1.56317
4.85628
4.25602
4.358
3.66766
4.46379
1.57565
2.28254
1.93976
1.65948
1.90585
3.56826
3.18266
1.83251
2.95126
3.35204
2.69992
3.35945
4.33164
3.30104
5.66698
4.16112
5.59495
4.81157
2.0828
5.08402
4.45199
4.48516
3.60909
3.49688
2.57349
2.35237
2.88982
2.62166
4.51282
3.88132
5.10381
3.62241
5.41545
1.74934
5.0383
3.35416
5.14883
2.67257
3.3817
3.42793
2.83391
3.27969
3.2188
3.37703
3.98238
4.58236
1.87179
2.21342
5.04125
4.53647
4.26571
3.54209
2.11901
2.50452
4.40719
4.65515
4.51538
3.12112
3.85018
4.65642
1.89918
2.62961
5.18289
3.17081
4.07671
3.19969
4.60507
4.57233
1.76537
2.55196
3.07509
2.91776
5.63531
2.40684
2.79114
2.40249
4.10411
4.84182
4.93155
2.15867
2.96761
5.58219
3.11378
2.59467
1.92222
5.06699
2.4422
3.22901
1.88203
4.32328
3.79987
4.10052
5.21661
3.24819
2.19947
4.34066
3.63285
3.83958
1.54398
4.87268
2.89716
5.23277
3.55769
4.95617
4.94181
1.09188
3.43328
4.42469
3.62184
5.47096
3.90094
2.46781
2.98673
3.20148
2.96065
4.68792
3.90363
5.17902
5.92875
2.91608
3.71652
5.11351
4.73531
4.40011
4.34853
2.37383
4.0689
3.48184
4.35201
2.99878
2.50025
2.2597
2.38401
2.76312
2.12695
4.4864
3.43193
2.37852
5.066
1.58044
4.83738
2.97582
4.28154
3.63425
4.26342
2.45643
2.27
4.18057
3.72334
2.61688
4.03518
5.23239
5.13654
3.14234
3.071
3.74109
3.60013
4.13088
3.2296
2.12096
2.16192
3.75195
2.88782
3.8673
3.85372
4.45893
3.23524
3.04939
3.0912
2.36686
2.29188
3.58813
4.26925
2.47306
2.9242
3.23251
5.4795
2.33953
4.16286
3.02759
2.24931
3.6727
3.03598
3.3209
2.5492
2.42725
3.9169
4.48273
2.53823
3.62734
4.04541
2.02003
2.61468
4.53973
2.41666
4.14238
2.81192
4.15006
2.14219
5.09231
2.92705
3.08454
3.67259
4.68129
3.49252
3.68605
2.93135
3.47672
3.79858
2.39484
1.94496
1.46374
2.64728
3.40059
2.46403
3.26017
3.86591
3.72377
2.85576
2.59122
4.33108
5.45095
2.70796
2.73501
4.85165
5.78985
3.1201
3.02845
3.73189
2.42642
3.56706
1.7772
1.68359
2.85777
3.50629
5.54221
2.4786
4.44094
3.55939
3.77931
1.33098
1.83903
2.13409
3.68717
2.47055
2.86275
3.76301
2.87287
3.71722
4.89659
5.22047
2.07331
1.58825
2.16532
4.639
4.17442
3.0683
1.53818
2.38223
1.64921
2.14444
3.88401
2.84104
4.78957
3.05649
4.18248
3.60495
2.73549
2.93515
4.16279
2.62099
3.30954
4.09852
3.68247
4.98744
3.543
3.24988
1.37554
3.93973
3.03446
1.16763
3.79062
2.87139
1.9099
2.20044
2.80598
4.39271
4.15791
5.479
3.54989
3.46518
5.49213
4.22772
4.37105
2.05963
5.14695
3.40783
4.09535
5.07166
5.6417
1.6459
4.87165
3.88748
3.55211
3.49936
3.85037
5.02894
2.70698
2.58329
3.75556
4.21647
3.98173
4.93048
3.60212
3.47372
2.98959
2.67934
3.8765
3.05813
3.4749
3.28194
2.94049
3.53649
2.59208
1.39708
3.23407
3.73497
4.50753
1.9809
4.54498
5.07805
3.3909
3.81046
2.17863
1.99114
3.36578
5.27289
5.30382
1.57659
3.86899
3.72592
2.56578
3.68331
4.1214
3.58277
3.24977
2.27482
2.54233
1.49747
5.34458
3.16139
3.44313
4.62391
4.29692
1.69647
4.21488
2.3949
5.564
4.44818
3.97872
3.61512
2.76291
3.64157
1.7963
3.88422
3.78203
2.32757
4.04193
3.46454
4.66091
4.26983
3.9167
2.67986
2.86162
5.4505
3.83873
3.28
2.74578
3.88157
3.57297
4.92804
4.13812
3.56816
3.46725
3.56516
2.2987
4.50552
5.54094
2.88048
1.94227
3.50172
2.92578
3.96079
1.63477
2.90284
2.78781
3.91815
5.4634
3.45807
4.36317
4.3906
1.31784
3.59685
2.11913
2.78405
4.43704
2.80079
4.30611
2.97103
3.56696
4.03771
4.29488
2.88475
5.14136
4.38591
3.59748
4.04428
3.33897
4.01148
3.84882
2.51982
3.18688
1.57171
2.78036
2.19402
2.57136
1.40304
3.84566
4.39866
4.58367
4.5119
5.66192
3.10313
4.06996
3.92198
3.31028
1.80403
4.07061
2.84176
3.79162
4.61291
1.52584
3.90114
5.06354
2.26168
4.69094
4.36633
2.0881
1.343
4.6456
3.27698
1.69882
4.5755
5.09853
4.36029
3.34915
3.73152
3.3797
3.3612
4.93396
5.08746
3.57922
2.58872
4.37902
4.85475
5.23295
4.01299
3.57268
4.02187
2.77166
2.65819
3.96768
3.38571
2.14175
4.32137
5.31011
2.77312
4.072
5.80759
2.95616
3.55102
3.4023
1.90678
2.6166
5.49651
3.20668
3.74796
1.62243
5.44545
3.63419
2.95156
2.93433
3.36137
3.45796
2.66084
2.12232
4.06351
2.26381
2.56846
3.421
4.82596
3.02634
2.9644
3.71962
5.40742
3.51192
2.61674
2.97507
2.79339
3.01426
4.45676
3.53997
5.53094
3.36968
4.07511
4.27677
2.00811
2.51566
3.94593
3.08271
3.3783
2.54766
3.58094
3.57949
2.5522
2.29548
4.97565
3.22527
3.2777
1.88204
3.7451
3.48568
2.80089
3.54368
4.25656
2.95424
2.94871
1.68255
1.85185
3.94175
2.69673
3.18816
1.91211
2.05774
2.883
4.00638
4.05301
4.18645
3.20167
4.75079
5.14845
3.01327
2.95768
1.84248
2.16604
3.38683
2.78654
3.73106
4.95789
4.80552
2.14074
4.19069
2.68514
5.19644
4.31725
4.00176
2.96509
1.40846
2.14785
1.01996
5.11486
3.97001
5.69709
4.2009
3.02546
2.66621
3.40999
2.09014
4.2357
5.36891
5.12449
3.1044
2.18516
5.3068
4.21121
3.62166
3.41084
1.59201
4.32568
2.96385
3.11206
4.32349
1.35601
1.79746
3.5436
3.96598
3.12153
2.29375
5.10695
2.45788
3.22552
4.5816
4.79486
3.12973
3.68802
2.09256
3.30454
3.01917
3.58206
5.83889
3.16988
2.04714
2.86968
4.482
3.17345
3.77394
1.98133
3.23991
4.08387
2.08258
3.40539
2.74889
2.4247
2.141
4.15166
3.9358
5.01572
2.37348
2.4259
1.774
4.93802
4.42537
3.19964
4.48724
4.35921
2.73449
3.08248
5.3322
1.31532
4.32609
2.5016
1.53188
3.58113
5.32744
2.66596
1.74835
5.67076
3.45196
3.64017
4.67479
4.79562
2.83154
3.07579
4.39327
3.26678
4.07985
5.24549
3.08602
3.36423
5.84825
4.49813
3.50418
3.60542
4.3897
3.60025
4.78998
2.63085
2.27514
3.15271
3.31393
3.58435
3.91073
3.36804
2.63073
2.90118
3.88301
3.96757
3.47352
2.82699
4.41326
4.30437
3.39774
4.27586
2.83095
4.04119
3.75217
3.29604
3.9804
4.8098
1.59632
2.94673
3.35331
5.25134
3.49932
2.79988
4.49407
3.18432
1.84739
3.06569
3.85334
1.87005
4.85303
2.00112
5.2697
2.44272
3.90055
3.79535
4.63758
4.04402
3.67904
4.53677
3.07401
4.54996
1.74522
3.65096
4.02552
2.99993
2.22498
2.35929
3.76016
4.93618
3.30399
1.74304
3.06897
3.83394
4.97394
3.40804
3.25477
3.15061
4.6926
3.02993
4.11525
1.74482
4.18202
1.22039
3.1311
3.01373
5.53101
2.18978
3.44895
2.57004
4.08395
3.59186
3.50277
3.12714
1.7898
3.22127
3.24623
3.48424
2.75138
4.89481
3.47243
3.60043
5.15638
4.38252
5.57643
4.7194
3.08814
4.16486
1.86975
4.85452
5.40538
5.5774
3.68505
3.1661
4.44678
3.56452
3.51305
4.36077
4.75747
2.79887
3.29262
3.71533
3.8509
1.83347
3.72901
4.6752
5.71122
1.73846
4.14386
4.20007
3.30745
4.83467
3.86484
3.62733
3.83211
5.17142
4.5414
2.29614
4.69366
2.80589
5.52719
2.52292
1.98322
3.72692
4.09855
2.74166
3.70262
3.92587
3.78233
3.21994
2.48205
4.65259
2.44539
3.23447
4.33227
3.80462
2.05178
4.9373
1.16753
3.18283
1.62265
2.36691
5.40177
3.00707
3.93796
4.15555
2.36207
3.62024
2.39765
2.95734
3.08001
4.71967
2.21413
3.46899
3.71249
4.73963
4.7368
4.13771
3.41038
4.66908
2.71297
2.74865
2.3947
4.1238
2.66892
3.05672
3.81623
2.90244
3.34824
3.47538
1.66615
3.54069
3.77386
4.55769
5.07147
4.53868
3.50392
4.60243
4.25058
2.47107
3.53063
4.69081
2.72058
4.10006
4.02504
3.30708
4.03944
4.39634
2.25966
1.41883
4.43254
3.03343
3.04483
3.99042
2.59437
5.45563
4.89336
3.37589
4.77288
5.03057
2.88233
1.38491
4.43497
5.08169
3.80937
5.03858
3.87837
3.75699
3.24496
3.62889
5.09644
3.2249
2.46107
4.16882
1.51867
2.59855
3.47041
3.66755
3.44138
3.77488
2.53944
4.88774
3.02928
3.53521
4.04219
2.33975
2.21001
3.7888
2.40089
4.74017
3.60028
4.75147
2.61326
4.00983
3.29344
3.13615
4.49527
4.10884
4.90507
4.09267
2.27206
3.1042
4.21406
4.16902
4.52855
3.83795
3.05363
2.97665
4.78537
2.41162
2.29769
3.52741
5.09443
4.42522
4.3546
2.87004
4.05237
4.00692
3.02174
3.18897
4.0094
5.14199
2.87059
3.93878
2.50421
3.65734
1.5237
2.87245
2.58548
3.94069
3.751
2.98189
3.18351
2.0709
3.75452
3.40431
4.07511
4.00893
3.82696
2.7582
2.73827
3.84617
3.761
3.15783
2.52252
2.82987
3.45243
4.81524
3.0643
2.48291
3.58188
4.6741
4.75599
2.10785
3.57615
2.92965
4.33084
4.81276
4.74162
3.57432
3.25529
4.4191
2.02858
4.26867
4.62354
3.20958
2.82668
4.37262
5.12885
2.44649
3.00838
2.88176
3.93927
1.43866
4.12823
2.79904
2.43484
1.65801
3.75268
2.63211
2.76712
5.00416
3.3361
1.74176
4.08063
4.78816
4.87558
4.1771
2.98995
1.85435
1.26794
2.91819
2.035
3.9817
3.35924
3.10722
3.84084
4.30377
4.11828
3.8841
4.5875
3.95918
4.68192
3.85288
3.14891
3.03189
3.21169
2.49036
4.38927
4.56353
3.06735
3.96836
4.10877
4.01747
4.24449
3.39652
1.50973
3.54708
3.83987
3.40232
2.80802
1.76819
2.49932
3.75058
4.24351
2.95857
4.36959
3.3643
4.24725
4.70476
5.51702
2.64454
2.90204
4.98926
5.09203
4.39652
4.58678
3.55892
4.71018
3.95484
4.3241
5.63768
4.58664
3.2604
2.35459
3.64483
4.90264
4.67723
4.83972
2.05241
5.19847
3.2471
3.84983
1.86302
3.27946
3.36539
4.42188
4.41213
3.18745
2.52155
5.47627
1.79642
1.73167
3.28272
4.76027
3.20249
4.8897
5.10934
3.24001
2.75786
4.08009
4.87657
3.99159
5.24897
2.87504
4.13568
2.14591
3.64825
4.66275
2.18442
3.32069
4.36536
3.58537
1.92607
3.22706
4.98504
4.77022
2.78129
3.26698
4.97693
5.43798
1.57785
3.44171
2.46012
3.41314
3.37777
2.27043
4.57801
3.87847
2.11206
3.67196
2.88674
3.90647
3.17811
2.89158
3.38299
2.36741
1.81506
2.55866
3.39462
2.75473
2.10765
3.33992
4.53045
3.28524
4.37913
3.90687
4.7328
2.32265
3.51901
4.56502
3.19954
2.73976
2.45162
2.89625
2.03949
3.7756
3.48647
3.14476
5.49818
3.26062
3.20182
1.33074
1.43834
4.27418
3.79774
2.70506
2.98224
3.36507
5.51515
2.16193
3.32055
2.40728
3.25278
4.10551
3.66533
2.97946
3.42375
3.52049
5.67204
3.34813
1.87875
2.12518
2.87838
3.70089
2.88322
2.49005
3.30531
2.71756
5.17063
3.88313
2.33841
2.88321
4.00451
3.85785
1.35505
3.1389
2.96686
1.72782
3.28599
3.03191
3.35063
1.57659
3.89719
2.46898
5.0694
3.32999
4.55064
2.99229
3.40731
3.17183
3.55051
2.68946
3.21746
1.71322
3.90353
4.91509
3.83726
2.32935
2.92034
3.44295
4.02443
2.95661
3.557
3.48416
4.12711
4.89677
3.74369
4.19829
4.98733
4.30396
3.17014
3.89049
4.73662
3.53389
2.09512
1.52941
5.67812
2.91388
3.71983
5.03688
3.85948
3.74607
3.01281
2.99193
3.72621
2.98503
3.09664
4.45776
4.40496
4.03503
5.40418
4.08224
2.70175
1.49106
4.28503
3.93841
3.31003
5.40151
3.09039
2.26308
1.5088
2.75956
1.98704
2.31811
2.79103
5.43402
2.84917
2.0402
4.89792
2.12929
3.54902
1.96143
3.14451
4.71823
2.81529
2.57444
4.70756
3.92024
2.55073
2.88211
4.20648
3.30126
4.59808
1.81353
3.94353
3.95076
3.41614
3.50393
2.57947
4.94526
2.47538
3.6281
3.30604
1.83623
2.90531
4.54292
4.23686
1.90473
3.02323
1.93617
2.27352
5.80354
4.34684
4.99525
2.11363
2.9618
3.54081
5.80058
4.35286
2.75584
2.97002
4.21526
3.29326
2.45402
5.12982
1.98363
3.6051
3.82196
3.19639
4.06789
2.89977
3.02896
3.78789
3.94346
2.05631
3.12473
3.74976
2.64
1.80457
4.85993
2.87517
3.75641
5.10271
5.00272
1.44427
3.49486
2.75735
4.05731
2.81365
3.44973
2.01961
4.91975
4.50982
4.45429
2.05038
3.00977
3.87853
4.72915
3.68353
4.29649
3.81415
4.8927
3.8257
2.88988
2.94096
3.5856
2.11672
4.49851
2.84115
3.02746
4.13446
3.55826
5.0216
3.76534
3.96367
2.7153
4.78451
2.19009
4.35784
3.60093
3.01433
3.08814
5.00883
4.96441
5.11633
5.06238
3.59892
3.23401
3.93955
1.59763
2.84496
3.95536
2.98989
4.86213
4.65489
5.31023
5.0863
5.52836
4.80151
2.0474
4.83609
4.96257
3.17895
2.1617
3.40278
3.57385
3.24236
2.03572
3.51277
3.43017
4.64123
3.51307
3.99446
4.44005
5.34236
3.50038
3.86651
3.96487
3.69824
3.19983
3.58925
2.16858
4.45198
2.45236
5.56605
2.22738
3.0801
2.42577
4.82912
3.21413
2.65945
2.01112
1.56685
4.03778
1.60496
2.29415
2.24744
4.26037
4.15981
4.34801
5.56617
4.42983
3.43
3.34696
3.29156
2.25875
4.04023
4.12993
4.30793
4.04537
3.1484
4.8466
5.24991
3.17461
4.59094
3.69761
3.09687
4.35323
3.84159
4.03436
3.94297
3.4249
3.75117
2.71288
2.88124
3.17688
5.19624
3.10005
2.53759
2.99197
2.79951
5.00932
2.26354
4.51537
3.79529
4.09725
3.84394
4.19771
2.89799
2.88065
2.79858
4.14186
2.69244
4.53848
1.95453
5.12252
2.59929
1.54122
3.43825
2.46406
2.37947
3.90458
4.08462
4.15337
3.4265
3.99303
2.48241
1.13105
2.75573
1.30294
3.47343
2.14545
5.63475
1.53359
2.89531
2.37079
3.20926
4.50862
4.20551
3.68165
3.76408
5.13903
1.84674
5.04276
2.91877
3.12304
3.81168
3.91439
4.09295
2.95685
2.83757
3.88998
3.48603
3.58434
4.50885
2.47405
3.6018
4.14261
3.76873
3.47498
3.5079
3.76408
3.93813
3.42843
2.55591
4.27509
4.31328
3.28385
2.19744
2.38435
3.76065
5.27762
2.81713
2.58405
3.45082
2.98304
4.1635
3.48987
4.47037
2.46867
3.99365
3.72527
3.02357
1.81294
2.45812
3.70945
2.28334
2.41434
2.03733
4.33694
3.17361
3.60295
4.50107
2.54105
3.96273
4.50047
2.39788
4.61202
5.52057
1.3922
2.99104
3.3949
2.93905
5.06615
4.84336
2.62079
4.9392
3.14033
1.41277
3.12916
5.08486
4.84127
4.55626
4.11803
3.29616
5.01279
3.74943
2.81221
5.00349
2.82563
4.11457
3.06924
3.50535
3.72495
3.00978
2.44628
3.69094
3.09411
3.46734
3.13014
2.26135
1.92943
3.17935
2.38658
3.43053
3.51227
5.01387
2.81399
4.81008
3.13098
4.2051
4.19029
3.27953
2.84667
3.39612
4.58099
2.61627
5.1134
2.12289
3.63002
3.50727
2.75439
4.6136
5.5842
2.28701
3.36273
3.93713
3.60575
4.844
1.13603
4.07016
2.80632
4.11078
5.97119
4.36202
4.69003
3.3999
5.83666
3.16201
2.82169
3.5713
4.00617
1.53375
3.54044
4.61368
5.179
4.01642
3.91793
4.19571
1.32873
3.80299
4.41396
4.59006
1.81328
1.99038
3.31159
2.59621
5.34592
4.71711
4.01749
4.68553
3.8681
3.03868
4.69217
1.56477
2.68129
3.30145
4.92892
5.20184
2.38673
3.06073
3.82879
4.58023
3.74801
4.24903
2.82315
4.04646
1.53314
3.83554
4.97416
5.087
2.70896
2.62812
2.7374
3.71949
3.05222
2.65417
3.29985
3.90499
4.30813
2.71696
4.61021
2.48635
1.46847
5.25912
3.59759
3.12991
4.05778
3.07512
3.32847
3.09566
4.00769
4.1999
2.98067
4.88357
3.26562
4.96068
3.51696
4.90161
4.2258
2.21434
2.8201
3.27323
2.88653
3.70292
1.80459
5.2503
5.82949
2.74481
5.14968
2.91967
2.68302
5.13951
1.8019
3.48937
3.1727
2.19887
3.77441
4.91324
4.67905
4.22792
4.52409
3.46022
2.41366
3.56369
2.81674
3.55721
2.39125
5.44021
4.49397
5.33237
4.81665
3.48359
2.93489
2.25785
4.82228
4.55064
4.25924
2.63918
3.68284
2.4101
2.94762
4.42069
1.70043
3.92551
2.55843
2.87438
3.89481
4.93386
2.09995
5.21213
1.4499
3.42453
3.86994
5.00874
3.0588
4.90786
3.20409
2.54608
3.37632
1.52321
4.57843
4.78632
3.22935
2.47124
4.38994
3.15461
3.05155
3.76545
3.49311
3.6596
4.70058
5.08313
4.69968
2.10242
2.38242
3.15598
1.95211
4.72293
3.34842
4.67592
3.76065
4.10412
3.3477
2.10172
3.74755
4.00365
3.00833
3.03717
3.27103
2.50398
4.38758
3.01172
2.60538
2.97018
4.37273
2.52979
3.03257
4.27731
3.4302
4.66482
2.45463
5.61664
4.39264
4.25964
4.2649
4.41306
1.53942
3.95457
3.22032
3.48317
2.6678
3.30007
5.43562
3.03675
3.66839
2.62072
4.8744
4.47144
3.80967
3.08266
3.34074
3.63343
3.00317
3.57658
2.47918
3.81473
2.2618
3.56364
4.66961
3.2297
2.88081
3.94182
2.45749
3.0619
3.56172
2.77533
3.28896
2.89442
2.76629
4.3899
2.82407
2.93466
3.52899
3.87192
3.48026
4.41743
2.27265
4.41955
2.61251
3.41748
4.36355
2.27904
1.8648
4.02554
4.70868
3.15975
5.73215
1.93956
4.13889
2.55644
3.25093
3.99529
4.13868
2.81752
1.9892
5.50827
3.67432
2.08324
3.13778
3.02183
2.43843
4.37787
3.00662
2.65327
2.2709
3.67499
2.10985
3.70326
2.83195
2.66539
3.27705
3.54089
3.79507
1.74201
4.85685
2.99979
3.89333
2.87669
4.08315
4.11799
2.09473
4.09841
4.05311
4.02723
5.49799
3.19328
5.51972
2.6448
4.7319
4.03108
1.83109
2.54393
3.20787
3.08405
4.35208
4.47598
4.01636
2.23804
4.08315
1.49087
2.57469
4.40688
5.44492
3.44938
1.82478
3.24562
2.82611
1.94394
2.34598
2.41865
4.49616
3.24188
4.68958
3.41371
4.36297
1.33811
3.05785
3.80312
4.81004
4.55156
5.64192
2.63856
3.47603
4.82254
4.99933
3.82599
3.34397
3.96573
1.79327
1.86244
1.38596
3.10629
2.03224
2.22651
3.76334
5.37409
4.13983
3.49959
5.21106
5.15384
2.75126
4.95506
4.2389
2.28648
3.57424
4.38774
1.66123
1.58986
2.96841
3.86607
5.22078
4.41446
4.58897
3.37475
2.70078
4.67249
3.50637
3.97558
2.42384
4.37628
3.15567
3.1495
3.41476
3.19478
2.28505
5.39293
5.25847
2.88442
2.76502
3.42667
2.31296
3.17328
2.18569
2.03587
3.4414
3.27526
5.11123
5.09455
1.80603
5.18352
3.67697
4.2385
2.02076
3.74012
4.40582
2.43543
4.0881
4.20149
3.68747
4.8614
2.54986
3.11705
1.80481
3.02782
5.1603
2.81067
2.20877
3.51332
3.14396
3.60289
3.9339
4.94
4.72948
1.13383
3.1137
3.49387
5.15462
1.24479
4.49585
3.32413
4.71658
4.34916
3.17405
3.56647
4.19564
2.57067
5.44459
3.52041
1.60896
3.64995
3.26208
4.17103
3.2554
5.71794
4.21029
5.28062
2.89114
4.00719
3.22031
5.1857
3.1296
1.91998
3.45987
5.22041
2.78828
2.09468
1.8838
2.34704
2.909
3.20954
2.37724
2.10977
5.05672
2.73568
3.73948
4.43806
3.25646
2.19864
3.44775
2.11089
3.05611
4.73081
3.70677
3.35345
2.70765
2.29422
3.73112
3.57309
4.83731
4.42637
4.02397
1.6513
2.22985
4.20898
4.60729
3.49381
5.98062
2.88251
2.22464
4.7009
3.2731
2.12676
3.97954
2.7554
5.41856
2.50064
1.68852
2.03575
2.04826
2.88179
4.91928
4.74682
4.47771
3.96942
3.75129
2.52133
2.76619
4.01132
4.73681
1.97975
1.87386
4.3888
2.85749
5.44692
5.07249
4.04082
3.46253
2.8085
4.89492
4.93131
3.74108
2.15087
3.41218
3.36129
3.22295
2.86296
4.506
3.90015
4.61793
5.28871
3.5587
4.05795
4.99575
3.3042
2.11088
3.54338
2.87466
5.35339
1.54159
4.54972
4.22849
3.01179
3.20447
1.48355
4.73818
4.05722
2.70718
2.39893
1.80512
4.31252
3.15042
2.62222
2.91035
4.18459
3.64677
1.15044
4.34479
4.35971
2.81839
4.87869
3.6521
3.02519
2.22661
4.55983
5.3174
4.27245
4.31532
4.62234
4.8013
3.99678
3.45401
4.06976
3.46
5.64437
4.54505
5.15796
3.70899
3.56711
1.41407
2.89405
2.47878
4.03103
4.33069
4.12339
4.07808
3.08426
2.51131
5.06881
3.52067
4.02558
3.3341
3.15894
3.18907
5.12485
5.25059
5.32994
4.39923
3.03177
3.5069
3.2079
3.49708
3.96936
1.79178
3.1765
4.55896
3.34402
3.80732
3.80752
5.08462
2.31407
1.51238
4.47913
2.26258
2.1436
3.91728
4.7298
5.45441
3.82901
4.31268
1.49313
2.98551
4.02053
4.6941
3.33164
3.14671
3.6711
3.89763
2.13537
5.50213
5.63046
5.59125
3.47342
4.16545
4.06208
3.77001
1.88456
2.14789
2.09598
4.28241
4.36568
2.69761
2.04053
3.66901
4.16412
2.24198
4.76158
3.72329
2.70316
5.1101
3.99722
4.18885
5.06712
2.65469
2.41187
4.38557
3.94544
3.70876
1.60342
4.81169
3.28265
4.50392
3.06226
1.89735
3.60385
4.24352
3.74135
3.08919
3.58298
2.46527
3.43148
2.82446
4.39375
3.64442
4.04614
5.20712
4.73085
3.17996
3.20544
1.327
5.11166
4.47262
3.66886
3.16747
2.66633
4.24509
3.70164
4.4255
4.59673
2.57093
3.86977
3.82228
2.33261
2.7705
3.04371
3.61114
4.13564
4.39813
3.05132
2.49374
1.50003
2.48668
2.45518
3.03419
4.17066
3.03156
5.3402
3.91472
4.94785
3.38809
3.28212
2.00539
3.66992
1.82224
2.82787
3.22441
2.36298
2.89623
4.35392
2.04427
5.51948
2.18702
3.57885
2.25308
3.31519
2.52689
4.29149
3.70908
3.79651
4.52198
5.01627
3.83066
2.66807
4.04585
3.37242
3.44254
3.78289
3.72162
4.79395
4.3533
4.7852
4.09764
4.56238
3.16783
5.57874
3.28811
3.76447
4.84242
4.8908
3.79136
3.32218
5.36925
4.67511
4.51498
3.15252
3.2305
3.44433
2.22837
3.29975
3.8918
2.84532
2.22971
3.04294
3.10808
4.38842
2.9558
2.51663
3.1942
5.21425
3.57944
1.79292
4.16637
3.1294
2.33065
2.15812
3.78958
4.36501
3.84437
3.47751
4.56969
2.60987
3.77852
5.07663
4.10837
2.3423
3.26303
2.97808
2.99231
5.83278
1.93154
3.61749
4.01763
3.91193
3.85399
3.32289
3.0539
3.19616
3.12988
1.37666
5.23126
4.43576
2.71815
2.38929
2.88809
2.99816
3.77107
3.49974
3.84545
3.22151
3.30624
1.07682
2.57845
3.4715
2.99165
5.13157
2.73377
3.20686
3.63574
5.06067
4.69622
2.20694
3.66545
2.62584
4.03625
2.83703
5.44162
2.23481
3.17432
3.825
3.20291
2.12408
1.97679
3.49547
3.24527
2.95422
3.25186
4.25529
3.1358
2.61348
3.74336
3.3468
2.32612
2.68555
5.22354
2.48301
3.9717
3.07273
3.66534
3.45155
2.08013
4.17557
4.72845
3.12175
4.30263
3.31548
3.42223
4.51198
3.7496
3.74689
2.3125
3.17211
3.15223
3.1406
3.5184
2.60832
4.00883
3.83021
2.49889
3.82553
2.04582
4.39875
3.75797
2.285
3.38968
3.84251
5.10105
3.17264
3.28771
3.08459
5.45432
5.34596
3.53174
1.52056
1.51237
3.17545
3.43027
3.56392
5.60866
3.71865
4.74129
1.81916
3.7071
4.26298
5.91885
4.54534
3.29188
2.246
5.34344
2.98342
3.68683
3.4094
1.89725
3.90552
3.4642
4.76571
4.31192
4.40453
3.60689
1.55434
3.15791
4.47776
3.46694
4.33631
3.66077
3.36827
4.31705
3.72453
3.72124
2.91289
2.42076
3.46929
2.08241
2.80581
5.05091
2.71625
4.02849
3.72221
1.26477
2.72673
3.8164
4.65603
4.49834
2.19801
4.2325
3.11161
3.67092
3.54377
1.73334
3.44878
3.49537
2.59265
3.0708
4.7163
5.56796
3.63532
3.61814
2.21853
2.06588
5.59846
3.80522
4.34564
3.50941
3.34634
3.1372
5.35759
3.54942
3.20857
3.7127
3.34728
4.61996
3.80519
1.97378
3.01858
3.54968
4.58795
3.61131
2.70005
3.35447
2.73919
4.61596
4.17514
1.43782
4.16752
3.90625
2.44509
5.30427
3.81205
2.28159
2.95067
4.64515
4.31465
3.63979
3.56434
3.28482
2.84231
2.4645
2.8241
3.47944
3.43942
1.52995
4.41605
3.43926
1.76229
3.0865
3.32231
1.69932
2.89611
2.98186
3.83645
1.59229
3.67693
5.23945
1.30852
3.08117
3.53918
4.5566
5.51712
5.08854
2.38175
3.50178
3.97593
1.71266
2.79318
4.88152
3.26735
2.85005
4.69957
2.81384
3.15613
3.74766
3.09596
3.48673
4.27086
1.38705
3.99507
3.39647
3.05151
3.35654
2.57453
4.05188
2.4463
4.49649
3.22675
2.69721
3.5012
3.10653
3.81296
3.54775
4.02091
4.38272
3.39569
3.34837
3.38975
4.0063
4.07175
3.75705
2.42664
4.43467
3.25026
3.62152
3.80806
2.94928
2.8179
4.15863
2.12821
3.8938
3.60648
4.36265
3.07588
5.28998
2.42522
2.65971
3.49235
2.14747
2.14311
3.89248
3.23522
2.78781
2.90413
3.16027
3.30778
2.88173
4.53099
2.35613
2.62413
2.15264
1.52043
3.93421
3.06509
3.3283
5.25608
2.00672
4.14015
4.42657
3.16231
3.31145
4.60611
3.83974
3.99531
2.40714
1.30282
2.93629
2.31506
4.14543
2.75195
5.52749
3.40493
2.03441
4.22466
5.05031
5.00278
3.55045
4.51924
3.69699
4.18053
5.27103
2.6
2.97553
4.05658
4.39311
4.53382
4.81425
3.24816
3.76761
2.82091
3.82749
3.56848
5.02226
3.7514
4.73839
3.44594
3.66129
3.82983
4.20869
3.39057
3.72194
3.59436
3.45429
3.0555
2.63419
3.81804
2.02929
4.53861
4.37144
5.11432
4.04002
3.5427
3.29632
2.37951
5.8047
3.85963
4.7972
2.78959
3.60308
1.36691
1.8774
2.72943
4.16427
3.82277
4.30056
5.06713
3.92018
2.21826
3.71179
3.59683
3.30556
3.29283
4.34604
1.25814
4.51466
3.5423
4.50109
2.90061
2.6286
5.14583
3.89432
4.39691
3.40607
3.71132
3.83865
2.81842
3.78436
1.58597
3.3644
4.67209
3.2662
3.70183
4.98047
3.35774
3.372
5.52342
3.70928
3.03987
3.21606
2.13747
2.34675
4.03851
4.51906
3.87226
2.08954
4.62846
1.49804
4.55683
3.2386
3.29675
2.57923
3.62796
3.1292
1.54312
1.75767
2.76544
2.75413
2.71843
2.68177
1.58378
2.2382
2.1813
3.16948
2.63139
3.38844
3.21313
1.86724
3.54544
4.98598
4.16709
4.64107
3.68394
3.30183
2.73666
3.54371
3.90349
4.01036
3.01445
3.33011
3.87449
2.24052
5.17227
1.99794
3.9227
4.9463
3.62859
2.70828
2.8592
4.09445
2.47953
2.19583
4.60788
2.85871
4.25485
2.90682
2.16285
2.57629
2.22051
5.1066
2.50544
3.16384
4.98446
3.57794
3.08305
4.00627
5.07253
3.78497
4.30022
3.5236
5.42656
2.0064
5.69437
3.68703
4.43677
2.94585
3.56676
3.19709
3.65587
4.20579
4.81169
4.85298
5.2523
4.76572
3.03453
3.83379
3.54534
4.23377
1.27214
4.17844
4.12478
3.64534
3.22644
3.19284
2.59323
4.46068
4.39503
2.82906
5.37917
5.16786
3.33003
3.27265
2.3539
4.52587
3.97915
2.0408
2.64599
4.487
2.66071
1.83531
3.58175
4.21623
2.69675
2.21082
3.09034
4.37945
3.57635
3.81014
5.69771
5.50111
2.24363
4.48482
3.8931
3.19595
4.20276
4.0608
2.68757
3.95818
4.10482
3.82498
3.09376
2.94552
1.82925
3.00028
2.54155
4.82451
5.79492
5.04307
1.90415
2.747
2.83381
4.03813
4.84459
3.90727
3.43285
3.28295
3.10252
5.38245
4.99709
4.34437
1.12655
3.58842
4.01007
2.93701
5.11731
4.68679
3.06483
2.9145
5.08188
4.15781
3.21188
3.98071
3.90998
4.00786
3.4178
4.91974
2.26796
3.20892
2.15101
2.20976
4.76628
3.47157
3.70888
3.8272
3.89169
5.83185
1.37293
2.36429
1.1054
1.28622
3.32654
2.77414
4.29348
3.33773
2.99235
3.12431
2.41624
4.3206
3.04407
4.18075
4.23817
3.249
4.32008
2.96092
3.43032
3.19008
2.21401
4.08583
2.12225
3.28992
3.83984
3.32756
4.14057
4.58516
4.36713
5.18978
5.20662
4.6118
5.39424
3.17578
5.2755
3.57685
2.07531
2.5892
2.98445
4.48707
3.93939
3.77981
3.83805
3.63318
1.93768
3.68751
4.79341
3.70684
3.7275
2.85437
3.31847
2.08131
5.5495
3.76604
1.28156
3.91615
4.77679
4.45002
5.69075
3.74954
4.813
3.69981
1.83655
2.62137
3.48816
3.61052
4.80173
3.02366
2.44971
3.80251
2.58715
3.60405
5.76798
4.77654
3.26257
4.55194
3.57354
2.78497
4.58682
5.47567
3.51631
2.92001
4.95161
5.33322
1.68399
3.3116
4.28842
3.60764
2.84001
3.89364
2.73836
3.42241
4.93899
3.139
3.41961
3.1709
4.85009
2.97983
3.53766
3.48779
3.56661
3.32134
5.36828
3.51952
2.4026
3.12351
2.80367
4.45449
4.27501
2.46665
2.68729
4.15269
3.64258
4.33306
3.07279
4.46856
5.02018
3.52858
2.82807
2.48941
3.21029
3.23398
3.66516
3.41595
3.49055
2.11794
4.21226
3.69033
1.96925
4.25936
3.65391
3.23076
5.16823
2.81836
4.75093
5.2611
3.61529
3.96183
2.71159
1.22725
4.32582
2.49047
4.92064
4.17153
4.02614
2.43111
4.44327
1.6898
3.81855
2.049
5.00579
4.22508
4.21087
3.30172
4.31546
3.45547
4.53088
5.69718
3.61656
1.41288
5.21855
3.83515
1.79044
1.22313
5.33703
1.60272
2.09194
4.98679
3.36547
4.06079
3.77527
3.32403
4.43485
2.99989
4.39705
4.48586
4.14044
1.46019
3.99484
3.6877
5.41225
3.70194
4.62429
2.95046
5.64733
5.17881
2.89842
3.23794
3.90577
2.00834
4.2076
4.05857
2.44442
1.24978
2.70897
3.45303
5.71055
1.99117
3.45921
3.41859
5.63983
5.314
2.22471
4.82466
2.20104
3.64496
4.53833
1.75297
2.60237
4.32093
3.48221
2.94991
3.9219
3.38457
2.96102
5.20711
2.14739
3.69449
4.89046
4.99065
3.2085
1.37519
4.76077
3.01786
3.55668
3.94841
2.94527
4.23476
4.19622
4.6791
3.90907
2.77606
5.29209
3.23539
2.13331
2.99352
3.57818
5.20344
4.6053
