    5.0000   19.1565    0.0709
    5.0000   20.2292    0.0676
    5.0000   20.9775    0.0696
    3.5000   20.9775    0.0696
    3.5000   21.5426    0.0657
    3.5000   23.1715    0.0774
    3.5000   21.8442    0.0909
    3.5000   20.4712    0.0591
    3.5000   21.9889    0.0743
    2.4500   21.9889    0.0743
    2.4500   21.9889    0.0743
    2.4500   19.9145    0.0655
    2.4500   18.4853    0.0535
    2.4500   17.4199    0.0623
    2.4500   17.6045    0.0545
    2.4500   16.2048    0.0577
    2.4500   15.4497    0.0522
    2.4500   15.4497    0.0522
    1.7150   15.5285    0.0509
    1.7150   15.5285    0.0509
    1.7150   15.5285    0.0509
    1.7150   15.3018    0.0616
    1.7150   15.5611    0.0481
    1.7150   14.1075    0.0449
    1.7150   13.5147    0.0532
    1.7150   13.5147    0.0532
    1.7150   13.5147    0.0532
    1.7150   13.5114    0.0530
    1.7150   13.7865    0.0491
    1.7150   14.8561    0.0431
    1.2005   15.4457    0.0493
    1.2005   15.4457    0.0493
    1.2005   16.6402    0.0526
    1.2005   16.6402    0.0526
    1.2005   16.6402    0.0526
    1.2005   16.6402    0.0526
    1.2005   16.0311    0.0438
    1.2005   15.1069    0.0457
    1.2005   13.7281    0.0337
    1.2005   14.6276    0.0406
    1.2005   14.6276    0.0406
    1.2005   14.6276    0.0406
    1.2005   13.4784    0.0356
    1.2005   13.4834    0.0349
    1.2005   12.5710    0.0344
    0.8403   12.7842    0.0368
    0.8403   11.4853    0.0326
    0.8403   10.1373    0.0298
    0.8403    9.5911    0.0264
    0.8403    8.9237    0.0302
    0.8403    9.0078    0.0281
    0.8403    8.6393    0.0275
    0.8403    8.2649    0.0271
    0.8403    8.3651    0.0240
    0.8403    8.0370    0.0265
    0.8403    7.1554    0.0234
    0.8403    6.9768    0.0242
    0.8403    6.9768    0.0242
    0.8403    6.9768    0.0242
    0.8403    6.9556    0.0254
    0.8403    6.9556    0.0254
    0.8403    6.5921    0.0258
    0.8403    6.2143    0.0240
    0.5882    6.6439    0.0269
    0.5882    5.5487    0.0210
    0.5882    5.3415    0.0232
    0.5882    5.5914    0.0242
    0.5882    5.9556    0.0266
    0.5882    5.4058    0.0242
    0.5882    5.4058    0.0242
    0.5882    4.3912    0.0203
    0.5882    4.3893    0.0192
    0.5882    4.0754    0.0231
    0.5882    4.0754    0.0231
    0.5882    3.5395    0.0169
    0.5882    3.6092    0.0199
    0.5882    3.0916    0.0180
    0.5882    3.2731    0.0155
    0.5882    3.0271    0.0130
    0.5882    3.0271    0.0130
    0.5882    2.6485    0.0139
    0.5882    2.1037    0.0112
    0.5882    2.1037    0.0112
    0.5882    2.2762    0.0099
    0.4118    1.6935    0.0089
    0.4118    1.6592    0.0091
    0.4118    1.2382    0.0076
    0.4118    1.2382    0.0076
    0.4118    1.0225    0.0071
    0.4118    1.1431    0.0072
    0.4118    1.1118    0.0080
    0.4118    1.0183    0.0096
    0.4118    1.0662    0.0085
    0.4118    0.9102    0.0087
    0.4118    0.7716    0.0080
    0.4118    0.7716    0.0080
    0.4118    0.8002    0.0079
    0.4118    0.9757    0.0089
    0.4118    0.5514    0.0065
    0.4118    0.5514    0.0065
    0.4118    0.5030    0.0073
    0.4118    0.6300    0.0072
    0.4118    0.4591    0.0058
    0.4118    0.4138    0.0049
    0.4118    0.5177    0.0052
    0.4118    0.3778    0.0055
    0.4118    0.4793    0.0054
    0.4118    0.4920    0.0061
    0.2882    0.3831    0.0040
    0.2882    0.3551    0.0045
    0.2882    0.2836    0.0048
    0.2882    0.3662    0.0060
    0.2882    0.2238    0.0052
    0.2882    0.0910    0.0043
    0.2882    0.2822    0.0055
    0.2882    0.1701    0.0043
    0.2882    0.0464    0.0035
    0.2882    0.0338    0.0040
    0.2882    0.0243    0.0042
    0.2882   -0.0726    0.0044
    0.2882   -0.0440    0.0044
    0.2882   -0.0689    0.0035
    0.2882   -0.0295    0.0036
    0.2882   -0.0016    0.0028
    0.2882   -0.0016    0.0028
    0.2882   -0.0016    0.0028
    0.2882   -0.0227    0.0024
    0.2882    0.0638    0.0025
    0.2882    0.0379    0.0030
    0.2882    0.0083    0.0021
    0.2882   -0.1151    0.0023
    0.2882   -0.1151    0.0023
    0.2882   -0.1151    0.0023
    0.2882   -0.0818    0.0018
    0.2882   -0.1529    0.0015
    0.2018   -0.1720    0.0014
    0.2018   -0.1816    0.0016
    0.2018   -0.2349    0.0014
    0.2018   -0.2579    0.0018
    0.2018   -0.2202    0.0024
    0.2018   -0.1485    0.0032
    0.2018   -0.2374    0.0023
    0.2018   -0.2927    0.0014
    0.2018   -0.2791    0.0013
    0.2018   -0.2046    0.0013
    0.2018   -0.1631    0.0021
    0.2018   -0.1631    0.0021
    0.2018   -0.1631    0.0021
    0.2018   -0.0777    0.0027
    0.2018   -0.2329    0.0017
    0.2018   -0.2230    0.0019
    0.2018   -0.3184    0.0015
    0.2018   -0.2577    0.0016
    0.2018   -0.1235    0.0026
    0.2018   -0.2075    0.0019
    0.2018   -0.0763    0.0032
    0.2018   -0.1823    0.0021
    0.2018   -0.2479    0.0022
    0.2018   -0.2479    0.0022
    0.2018   -0.2450    0.0019
    0.2018   -0.2450    0.0019
    0.2018   -0.2719    0.0019
    0.2018   -0.2717    0.0018
    0.2018   -0.2717    0.0018
    0.2018   -0.3892    0.0012
    0.1412   -0.3892    0.0012
    0.1412   -0.4088    0.0012
    0.1412   -0.4110    0.0009
    0.1412   -0.4221    0.0010
    0.1412   -0.4221    0.0010
    0.1412   -0.4298    0.0008
    0.1412   -0.3903    0.0014
    0.1412   -0.4200    0.0010
    0.1412   -0.3827    0.0014
    0.1412   -0.4137    0.0010
    0.1412   -0.3850    0.0014
    0.1412   -0.2963    0.0019
    0.1412   -0.2272    0.0023
    0.1412   -0.2534    0.0023
    0.1412   -0.2795    0.0022
    0.1412   -0.2331    0.0020
    0.1412   -0.3126    0.0018
    0.1412   -0.3821    0.0012
    0.1412   -0.3060    0.0017
    0.1412   -0.3141    0.0014
    0.1412   -0.2878    0.0020
    0.1412   -0.3322    0.0015
    0.1412   -0.3322    0.0015
    0.1412   -0.3203    0.0019
    0.1412   -0.4101    0.0011
    0.1412   -0.4055    0.0012
    0.1412   -0.3747    0.0012
    0.1412   -0.3114    0.0018
    0.1412   -0.2959    0.0021
    0.1412   -0.2932    0.0021
    0.1412   -0.2932    0.0021
    0.1412   -0.3371    0.0019
    0.1412   -0.3371    0.0019
    0.0989   -0.2343    0.0026
    0.0989   -0.2281    0.0028
    0.0989   -0.2281    0.0028
    0.0989   -0.3463    0.0018
    0.0989   -0.3463    0.0018
    0.0989   -0.3463    0.0018
    0.0989   -0.4106    0.0012
    0.0989   -0.4261    0.0009
    0.0989   -0.4261    0.0009
    0.0989   -0.4321    0.0008
    0.0989   -0.4422    0.0009
    0.0989   -0.4427    0.0008
    0.0989   -0.4383    0.0007
    0.0989   -0.4310    0.0008
    0.0989   -0.4312    0.0008
    0.0989   -0.4228    0.0009
    0.0989   -0.4196    0.0008
    0.0989   -0.4212    0.0008
    0.0989   -0.4030    0.0007
    0.0989   -0.4006    0.0009
    0.0989   -0.3951    0.0010
    0.0989   -0.3700    0.0014
    0.0989   -0.3373    0.0017
    0.0989   -0.2918    0.0017
    0.0989   -0.2989    0.0016
    0.0989   -0.3101    0.0014
    0.0989   -0.3033    0.0013
    0.0989   -0.2925    0.0011
    0.0989   -0.2925    0.0011
    0.0989   -0.2843    0.0013
    0.0989   -0.3210    0.0013
    0.0989   -0.3428    0.0010
    0.0989   -0.3779    0.0009
    0.0989   -0.3544    0.0011
    0.0989   -0.3795    0.0010
    0.0989   -0.3795    0.0010
    0.0692   -0.3450    0.0010
    0.0692   -0.3450    0.0010
    0.0692   -0.3881    0.0009
    0.0692   -0.4141    0.0007
    0.0692   -0.3570    0.0013
    0.0692   -0.3874    0.0009
    0.0692   -0.3874    0.0009
    0.0692   -0.3874    0.0009
    0.0692   -0.3712    0.0010
    0.0692   -0.3712    0.0010
    0.0692   -0.3155    0.0014
    0.0692   -0.3126    0.0012
    0.0692   -0.3227    0.0012
    0.0692   -0.3227    0.0012
    0.0692   -0.3178    0.0013
    0.0692   -0.3454    0.0012
    0.0692   -0.3968    0.0009
    0.0692   -0.3968    0.0009
    0.0692   -0.3735    0.0012
    0.0692   -0.3463    0.0017
    0.0692   -0.4201    0.0010
    0.0692   -0.4311    0.0009
    0.0692   -0.4311    0.0009
    0.0692   -0.4337    0.0007
    0.0692   -0.4393    0.0011
    0.0692   -0.4393    0.0011
    0.0692   -0.4212    0.0013
    0.0692   -0.4231    0.0009
    0.0692   -0.4149    0.0011
    0.0692   -0.3814    0.0013
    0.0692   -0.3652    0.0014
    0.0692   -0.3783    0.0016
    0.0692   -0.3822    0.0015
    0.0692   -0.3770    0.0013
    0.0692   -0.3572    0.0017
    0.0692   -0.3257    0.0020
    0.0692   -0.3440    0.0020
    0.0692   -0.3366    0.0021
    0.0692   -0.3366    0.0021
    0.0484   -0.3120    0.0022
    0.0484   -0.3120    0.0022
    0.0484   -0.3120    0.0022
    0.0484   -0.3196    0.0018
    0.0484   -0.3001    0.0017
    0.0484   -0.3001    0.0017
    0.0484   -0.3209    0.0020
    0.0484   -0.3203    0.0017
    0.0484   -0.3203    0.0017
    0.0484   -0.3376    0.0019
    0.0484   -0.3200    0.0023
    0.0484   -0.3575    0.0019
    0.0484   -0.3514    0.0022
    0.0484   -0.3514    0.0022
    0.0484   -0.3505    0.0016
    0.0484   -0.3337    0.0025
    0.0484   -0.3705    0.0016
    0.0484   -0.3835    0.0013
    0.0484   -0.3835    0.0013
    0.0484   -0.3835    0.0013
    0.0484   -0.3978    0.0012
    0.0484   -0.3785    0.0016
    0.0484   -0.3598    0.0018
    0.0484   -0.3216    0.0022
    0.0484   -0.3167    0.0021
    0.0484   -0.3346    0.0016
    0.0484   -0.3516    0.0018
    0.0484   -0.3699    0.0015
    0.0484   -0.4007    0.0012
    0.0484   -0.3736    0.0015
    0.0484   -0.4048    0.0013
    0.0484   -0.4048    0.0013
    0.0484   -0.4175    0.0008
    0.0484   -0.4094    0.0012
    0.0484   -0.3933    0.0017
    0.0484   -0.3863    0.0020
    0.0484   -0.3998    0.0014
    0.0484   -0.4088    0.0018
    0.0484   -0.4103    0.0016
    0.0484   -0.4122    0.0013
    0.0484   -0.4331    0.0008
    0.0484   -0.4301    0.0013
    0.0339   -0.4446    0.0009
    0.0339   -0.4323    0.0012
    0.0339   -0.4429    0.0008
    0.0339   -0.4440    0.0009
    0.0339   -0.4440    0.0009
    0.0339   -0.4368    0.0010
    0.0339   -0.4400    0.0009
    0.0339   -0.4379    0.0010
    0.0339   -0.4379    0.0010
    0.0339   -0.4291    0.0010
    0.0339   -0.4153    0.0011
    0.0339   -0.4225    0.0013
    0.0339   -0.4225    0.0013
    0.0339   -0.4225    0.0013
    0.0339   -0.4136    0.0011
    0.0339   -0.4268    0.0013
    0.0339   -0.4165    0.0013
    0.0339   -0.4181    0.0013
    0.0339   -0.3875    0.0021
    0.0339   -0.3991    0.0016
    0.0339   -0.3355    0.0031
    0.0339   -0.4002    0.0019
    0.0339   -0.3898    0.0018
    0.0339   -0.3898    0.0018
    0.0339   -0.4145    0.0016
    0.0339   -0.4366    0.0009
    0.0339   -0.4366    0.0009
    0.0339   -0.4420    0.0008
    0.0339   -0.4326    0.0010
    0.0339   -0.4326    0.0010
    0.0339   -0.4319    0.0008
    0.0339   -0.4414    0.0007
    0.0339   -0.4261    0.0009
    0.0339   -0.3679    0.0014
    0.0339   -0.3679    0.0014
    0.0339   -0.2870    0.0021
    0.0339   -0.3351    0.0020
    0.0339   -0.3769    0.0015
    0.0339   -0.3769    0.0015
    0.0339   -0.3563    0.0016
    0.0339   -0.3740    0.0015
    0.0339   -0.3529    0.0016
    0.0339   -0.3529    0.0016
    0.0339   -0.3529    0.0016
    0.0339   -0.3529    0.0016
    0.0237   -0.3965    0.0012
    0.0237   -0.3044    0.0023
    0.0237   -0.3513    0.0017
    0.0237   -0.3513    0.0017
    0.0237   -0.3513    0.0017
    0.0237   -0.3881    0.0013
    0.0237   -0.4219    0.0011
    0.0237   -0.4219    0.0011
    0.0237   -0.4219    0.0011
    0.0237   -0.4330    0.0008
    0.0237   -0.4312    0.0009
    0.0237   -0.4408    0.0007
    0.0237   -0.4441    0.0007
    0.0237   -0.4358    0.0010
    0.0237   -0.4408    0.0009
    0.0237   -0.4214    0.0016
    0.0237   -0.4410    0.0010
    0.0237   -0.4411    0.0009
    0.0237   -0.4416    0.0008
    0.0237   -0.4378    0.0011
    0.0237   -0.4374    0.0009
    0.0237   -0.4374    0.0009
    0.0237   -0.4216    0.0009
    0.0237   -0.4216    0.0009
    0.0237   -0.4275    0.0008
    0.0237   -0.4275    0.0008
    0.0237   -0.4044    0.0012
    0.0237   -0.4089    0.0009
    0.0237   -0.4089    0.0009
    0.0237   -0.4089    0.0009
    0.0237   -0.4111    0.0011
    0.0237   -0.4172    0.0008
    0.0237   -0.4380    0.0008
    0.0237   -0.4433    0.0008
    0.0237   -0.4290    0.0009
    0.0237   -0.4375    0.0008
    0.0237   -0.4431    0.0009
    0.0237   -0.4460    0.0008
    0.0237   -0.4393    0.0008
    0.0237   -0.4400    0.0009
    0.0237   -0.4384    0.0009
    0.0237   -0.4440    0.0009
    0.0237   -0.4440    0.0009
    0.0237   -0.4395    0.0009
    0.0237   -0.4395    0.0009
    0.0237   -0.4392    0.0009
    0.0237   -0.4392    0.0009
    0.0237   -0.4392    0.0009
    0.0166   -0.4135    0.0011
    0.0166   -0.4290    0.0009
    0.0166   -0.4308    0.0010
    0.0166   -0.4257    0.0009
    0.0166   -0.4380    0.0009
    0.0166   -0.4380    0.0009
    0.0166   -0.4380    0.0009
    0.0166   -0.4346    0.0011
    0.0166   -0.4157    0.0012
    0.0166   -0.4265    0.0011
    0.0166   -0.4300    0.0010
    0.0166   -0.4300    0.0010
    0.0166   -0.4401    0.0008
    0.0166   -0.4329    0.0009
    0.0166   -0.4395    0.0009
    0.0166   -0.4397    0.0011
    0.0166   -0.4395    0.0009
    0.0166   -0.4374    0.0010
    0.0166   -0.4429    0.0009
    0.0166   -0.4433    0.0009
    0.0166   -0.4377    0.0009
    0.0166   -0.4407    0.0007
    0.0166   -0.4407    0.0007
    0.0166   -0.4407    0.0007
    0.0166   -0.4202    0.0011
    0.0166   -0.4212    0.0009
    0.0166   -0.3918    0.0014
    0.0166   -0.3928    0.0016
    0.0166   -0.3928    0.0016
    0.0166   -0.3928    0.0016
    0.0166   -0.3928    0.0016
    0.0166   -0.3969    0.0013
    0.0166   -0.4138    0.0009
    0.0166   -0.4138    0.0009
    0.0166   -0.4101    0.0014
    0.0166   -0.4175    0.0012
    0.0166   -0.4252    0.0011
    0.0166   -0.4271    0.0007
    0.0166   -0.4354    0.0007
    0.0166   -0.4411    0.0010
    0.0166   -0.4412    0.0008
    0.0166   -0.4343    0.0007
    0.0166   -0.4361    0.0010
    0.0166   -0.4361    0.0010
    0.0166   -0.4361    0.0010
    0.0166   -0.4361    0.0010
    0.0166   -0.4361    0.0010
    0.0166   -0.4361    0.0010
    0.0166   -0.4361    0.0010
    0.0166   -0.4361    0.0010
    0.0166   -0.4361    0.0010
    0.0116   -0.4425    0.0007
    0.0116   -0.4339    0.0008
    0.0116   -0.4151    0.0008
    0.0116   -0.4242    0.0007
    0.0116   -0.4242    0.0007
    0.0116   -0.4053    0.0009
    0.0116   -0.4000    0.0008
    0.0116   -0.4115    0.0010
    0.0116   -0.4145    0.0009
    0.0116   -0.4145    0.0009
    0.0116   -0.4251    0.0010
    0.0116   -0.4368    0.0007
    0.0116   -0.4368    0.0007
    0.0116   -0.4368    0.0007
    0.0116   -0.4368    0.0007
    0.0116   -0.4414    0.0007
    0.0116   -0.4414    0.0007
    0.0116   -0.4346    0.0009
    0.0116   -0.4385    0.0010
    0.0116   -0.4383    0.0008
    0.0116   -0.4365    0.0009
    0.0116   -0.4397    0.0008
    0.0116   -0.4397    0.0008
    0.0116   -0.4397    0.0008
    0.0116   -0.4397    0.0008
    0.0116   -0.4397    0.0008
    0.0116   -0.4397    0.0008
    0.0116   -0.4367    0.0009
    0.0116   -0.4424    0.0008
    0.0116   -0.4424    0.0008
    0.0116   -0.4394    0.0009
    0.0116   -0.4394    0.0009
    0.0116   -0.4371    0.0010
    0.0116   -0.4407    0.0010
    0.0116   -0.4450    0.0007
    0.0116   -0.4450    0.0007
    0.0116   -0.4450    0.0007
    0.0116   -0.4384    0.0009
    0.0116   -0.4384    0.0009
    0.0116   -0.4376    0.0008
    0.0116   -0.4314    0.0010
    0.0116   -0.4314    0.0010
    0.0116   -0.4314    0.0010
    0.0116   -0.4301    0.0009
    0.0116   -0.4301    0.0009
    0.0116   -0.4261    0.0010
    0.0116   -0.4241    0.0009
    0.0116   -0.4241    0.0009
    0.0116   -0.4304    0.0008
    0.0116   -0.4304    0.0008
    0.0116   -0.4304    0.0008
    0.0116   -0.4410    0.0010
    0.0116   -0.4410    0.0010
    0.0116   -0.4410    0.0010
