0 45.1022 59.8666
1 44.0126 53.7095
2 35.9487 49.7651
3 35.358 45.7706
4 33.6402 41.8968
5 31.3489 39.8543
6 29.4608 37.9308
7 29.4608 34.678
8 28.245 31.8449
9 25.7302 31.4668
10 25.7302 30.007
11 25.5875 29.0502
12 25.5875 28.047
13 25.5875 28.0118
14 25.3259 27.4607
15 25.3259 27.4238
16 24.8404 25.8699
17 24.7804 25.6631
18 23.9916 25.0769
19 23.5062 24.5179
20 23.116 24.2339
21 23.0223 23.9763
22 23.0223 24.0661
23 23.0223 23.6328
24 23.0223 23.2354
25 22.7715 23.0173
26 22.7715 22.9919
27 22.7715 22.9267
28 22.5618 22.7653
29 22.5618 22.7312
30 21.9858 22.6251
31 21.5035 22.2594
32 21.5035 22.0563
33 21.5035 21.7605
34 21.5035 21.6831
35 21.5035 21.5168
36 21.4362 21.5021
37 21.0981 21.4746
38 20.7401 21.3585
39 20.2574 21.0678
40 20.2858 20.9046
41 19.4117 20.7087
42 15.7203 20.2456
43 15.7203 19.8637
44 15.7203 19.2271
45 15.7203 19.1702
46 15.5785 18.7221
47 15.5785 17.9431
48 15.386 16.9304
49 15.386 16.0058
50 14.7055 15.4705
51 14.6933 15.4162
52 14.633 14.9774
53 14.633 14.792
54 14.633 14.6827
55 13.9448 14.64
56 13.9448 14.5427
57 13.9448 14.3818
58 13.9448 14.1713
59 13.9448 14.0398
60 13.9448 13.9448
61 13.9448 13.9448
62 13.9448 13.9448
63 13.7326 13.9385
64 13.7326 13.9132
65 13.7326 13.8701
66 12.7729 13.6925
67 12.7729 13.4816
68 12.7729 13.2947
69 12.7729 13.4539
70 12.0164 13.4157
71 12.0164 14.0441
72 12.0164 12.6871
73 11.8052 12.3981
74 11.8052 12.0609
75 11.8052 11.9502
76 11.8052 11.8264
77 11.8052 11.9425
78 11.8052 11.8052
79 11.8052 11.8052
80 11.8052 11.8052
81 11.8052 11.8052
82 11.8052 11.8052
83 11.8052 11.8052
84 11.8052 11.8052
85 11.8052 11.8052
86 11.8052 11.8052
87 11.8052 11.8052
88 11.8052 11.8052
89 11.8052 11.8052
90 11.398 11.7971
91 11.398 11.7401
92 11.398 11.626
93 11.3495 11.4616
94 11.3495 11.4111
95 11.3495 11.3611
96 11.3495 11.3495
97 11.3495 11.3495
98 11.3495 11.3495
99 11.3495 11.3495
100 11.3495 11.3495
101 11.3495 11.3495
102 11.1312 11.3451
103 11.1312 11.3146
104 11.1312 11.2147
105 10.2144 11.1129
106 9.71496 11.1029
107 9.71496 10.9569
108 8.37343 10.2192
109 8.21506 9.52978
110 7.56344 8.87399
111 7.56344 8.4064
112 7.56344 7.90028
113 7.56344 7.65752
114 7.56344 7.56344
115 7.56344 7.56344
116 7.56344 7.56344
117 7.56344 7.56344
118 7.56344 7.56344
119 7.56344 7.56344
120 7.56344 7.56344
121 7.56344 7.56344
122 7.56344 7.56344
123 7.56344 7.56344
124 7.56344 7.56344
125 7.56344 7.56344
126 7.56344 7.56344
127 7.3942 7.56006
128 7.3942 7.54313
129 7.3942 7.47205
130 7.3942 7.3942
131 7.3942 7.3942
132 7.3942 7.3942
133 7.3942 7.3942
134 7.3942 7.3942
135 7.3942 7.3942
136 7.32638 7.39284
137 7.3942 7.3942
138 7.3942 7.3942
139 7.3942 7.3942
140 7.3942 7.3942
141 7.3942 7.3942
142 6.43284 7.37497
143 6.43284 7.20797
144 6.36502 6.75021
145 6.36502 6.49467
146 6.36502 6.41672
147 6.36502 6.39486
148 6.36502 6.38008
149 6.36502 6.36502
150 6.36502 6.36502
151 6.36502 6.36502
152 6.36502 6.36502
153 6.36502 6.36502
154 6.36502 6.36502
155 6.24521 6.36262
156 6.24521 6.35783
157 6.24521 6.32234
158 6.24521 6.27617
159 6.24521 6.24806
160 6.24521 6.24521
161 6.24521 6.24521
162 6.24521 6.24521
163 6.11759 6.24266
164 6.11759 6.22479
165 6.11759 6.17374
166 6.11759 6.12525
167 6.11759 6.11759
168 6.11759 6.11759
169 6.11759 6.11759
170 6.11759 6.11759
171 6.11759 6.11759
172 6.11759 6.11759
173 6.11759 6.11759
174 6.11759 6.11759
175 6.11759 6.11759
176 6.11759 6.11759
177 6.11759 6.11759
178 6.11759 6.11759
179 6.11759 6.11759
180 6.11759 6.11759
181 5.6231 6.1077
182 5.6231 6.0088
183 5.6231 5.84068
184 5.6231 5.74178
185 5.6231 5.6231
186 5.6231 5.6231
187 5.6231 5.6231
188 5.6231 5.6231
189 5.27324 5.6161
190 5.10485 5.52577
191 4.77515 5.22131
192 4.77515 5.046
193 4.77515 4.88001
194 4.77515 4.77515
195 4.77515 4.77515
196 4.77515 4.77515
197 4.77515 4.77515
198 4.77515 4.77515
199 4.77515 4.77515
200 4.77515 4.77515
201 4.77515 4.77515
202 4.77515 4.77515
203 4.77515 4.77515
204 4.77515 4.77515
205 4.77515 4.77515
206 4.77515 4.77515
207 4.77515 4.77515
208 4.60361 4.77171
209 4.60361 4.75113
210 4.60361 4.69281
211 4.60361 4.67563
212 4.60361 4.62076
213 4.60361 4.60361
214 4.16799 4.5949
215 4.16799 4.50777
216 4.16799 4.33353
217 4.16799 4.22027
218 4.16799 4.16799
219 4.16799 4.16799
220 4.16799 4.16799
221 4.16799 4.16799
222 4.16799 4.16799
223 4.16799 4.16799
224 4.16799 4.16799
225 4.16799 4.16799
226 4.16799 4.16799
227 4.16799 4.16799
228 4.16799 4.16799
229 4.16799 4.16799
230 4.16799 4.16799
231 4.16799 4.16799
232 4.16799 4.16799
233 4.1461 4.16713
234 4.1461 4.16407
235 4.1461 4.15573
236 4.1461 4.1461
237 4.1461 4.1461
238 4.1461 4.1461
239 4.1461 4.1461
240 4.1461 4.1461
241 4.1461 4.1461
242 4.1461 4.1461
243 4.1461 4.1461
244 4.1461 4.1461
245 4.1461 4.1461
246 4.1461 4.1461
247 4.1461 4.1461
248 4.1461 4.1461
249 4.1461 4.1461
250 4.1461 4.1461
251 4.1461 4.1461
252 4.1461 4.1461
253 4.1461 4.1461
254 4.1461 4.1461
255 4.1461 4.1461
256 4.1461 4.1461
257 4.1461 4.1461
258 4.1461 4.1461
259 4.1461 4.1461
260 4.1461 4.1461
261 4.1461 4.1461
262 4.1461 4.1461
263 4.1461 4.1461
264 4.1461 4.1461
265 4.1461 4.1461
266 4.1461 4.1461
267 4.1461 4.1461
268 4.1461 4.1461
269 4.1461 4.1461
270 4.1461 4.1461
271 4.1461 4.1461
272 4.1461 4.1461
273 4.1461 4.1461
274 3.41705 4.13152
275 3.41705 4.05861
276 3.41705 3.85103
277 3.41705 3.66123
278 3.38442 3.65292
279 3.38442 3.42299
280 3.38442 3.40248
281 3.38057 3.39536
282 3.35345 3.38334
283 3.34959 3.37785
284 3.34959 3.36709
285 3.34959 3.354
286 3.34959 3.34959
287 3.34959 3.34959
288 3.34959 3.34959
289 3.34959 3.34959
290 3.34959 3.34959
291 3.34959 3.34959
292 3.34959 3.34959
293 3.34959 3.34959
294 3.34959 3.34959
295 3.34959 3.34959
296 3.34959 3.34959
297 3.34959 3.34959
298 3.34959 3.34959
299 3.34959 3.34959
300 3.34959 3.34959
301 3.34959 3.34959
302 3.34959 3.34959
303 3.34959 3.34959
304 3.34959 3.34959
305 3.34959 3.34959
306 3.34959 3.34959
307 3.34959 3.34959
308 3.34959 3.34959
309 3.34959 3.34959
310 3.2512 3.34763
311 3.2512 3.33779
312 3.2512 3.31811
313 3.2512 3.28465
314 3.2512 3.2512
315 2.47994 3.23578
316 2.47994 3.14322
317 2.47994 3.0044
318 2.47994 2.49536
319 2.47994 2.47994
320 2.47994 2.47994
321 2.47994 2.47994
322 2.47994 2.47994
323 2.47994 2.47994
324 2.47994 2.47994
325 2.47994 2.47994
326 2.47994 2.47994
327 2.47994 2.47994
328 2.47994 2.47994
329 2.47994 2.47994
330 2.47994 2.47994
331 2.47994 2.47994
332 2.47994 2.47994
333 2.43676 2.47907
334 2.43676 2.47476
335 2.43676 2.45921
336 2.43676 2.44626
337 2.43676 2.43676
338 2.43676 2.43676
339 2.43676 2.43676
340 2.43676 2.43676
341 2.43676 2.43676
342 2.43676 2.43676
343 2.43676 2.43676
344 2.43676 2.43676
345 2.43676 2.43676
346 2.43676 2.43676
347 2.43676 2.43676
348 2.43676 2.43676
349 2.43676 2.43676
350 2.43676 2.43676
351 2.43676 2.43676
352 2.43676 2.43676
353 2.43676 2.43676
354 2.43676 2.43676
355 2.43676 2.43676
356 2.43676 2.43676
357 2.43676 2.43676
358 2.43676 2.43676
359 2.43676 2.43676
360 2.43676 2.43676
361 2.43676 2.43676
362 2.43676 2.43676
363 2.43676 2.43676
364 2.43676 2.43676
365 2.43676 2.43676
366 2.43676 2.43676
367 2.43676 2.43676
368 2.43676 2.43676
369 2.43676 2.43676
370 2.43676 2.43676
371 2.43676 2.43676
372 2.43676 2.43676
373 2.43676 2.43676
374 2.43676 2.43676
375 2.43676 2.43676
376 2.43188 2.43666
377 2.43188 2.43569
378 2.42574 2.434
379 2.40502 2.43122
380 2.40502 2.42402
381 2.40393 2.41573
382 2.40252 2.40552
383 2.40252 2.40463
384 2.40252 2.40334
385 2.40252 2.40304
386 2.39772 2.40243
387 2.39772 2.40212
388 2.39772 2.4002
389 2.39772 2.39825
390 2.39772 2.39822
391 2.39772 2.39772
392 2.39772 2.39772
393 2.39772 2.39777
394 2.39772 2.4113
395 2.39772 2.39792
396 2.39772 2.39772
397 2.39772 2.39772
398 2.39772 2.39772
399 2.39772 2.39772
400 2.39772 2.39772
401 2.39772 2.39772
402 2.39772 2.39772
403 2.39772 2.39772
404 2.39772 2.39772
405 2.39772 2.39772
406 2.39772 2.39772
407 2.39772 2.39772
408 2.39772 2.39772
409 2.39772 2.39772
410 2.39772 2.39772
411 2.39772 2.39772
412 2.39772 2.39772
413 2.39772 2.39772
414 2.39772 2.39772
415 2.39772 2.39772
416 2.39772 2.39772
417 2.39772 2.39772
418 2.39772 2.39772
419 2.39772 2.39772
420 2.39772 2.39772
421 2.39772 2.39772
422 2.39772 2.39772
423 2.39772 2.39772
424 2.39772 2.39772
425 2.39772 2.39772
426 2.39772 2.39772
427 2.39772 2.39772
428 2.39772 2.39772
429 2.39772 2.39772
430 2.39772 2.39772
431 2.39772 2.39772
432 2.39772 2.39772
433 2.39772 2.39772
434 2.39772 2.39772
435 2.39772 2.39772
436 2.39772 2.39772
437 2.39772 2.39772
438 2.39772 2.39772
439 2.39772 2.39772
440 2.39772 2.39772
441 2.39772 2.39772
442 2.39772 2.39772
443 2.39772 2.39772
444 2.39772 2.39772
445 2.39772 2.39772
446 2.39772 2.39772
447 2.39772 2.39772
448 2.39772 2.39772
449 2.39772 2.39772
450 2.39772 2.39772
451 2.39772 2.39772
452 2.39772 2.39772
453 2.39772 2.39772
454 2.39772 2.39772
455 2.39772 2.39772
456 2.39772 2.39772
457 2.39772 2.39772
458 2.39772 2.39772
459 2.39772 2.39772
460 2.39772 2.39772
461 2.39772 2.39772
462 2.39772 2.39772
463 2.39772 2.39772
464 2.39772 2.39772
465 2.39772 2.39772
466 2.39772 2.39772
467 2.39772 2.39772
468 2.39772 2.39772
469 2.39772 2.39772
470 2.39772 2.39772
471 2.39772 2.39772
472 2.39772 2.39772
473 2.39772 2.39772
474 2.39772 2.39772
475 2.39772 2.39772
476 2.39772 2.39772
477 2.39772 2.39772
478 2.39772 2.39772
479 2.39772 2.39772
480 2.39772 2.39772
481 2.39772 2.39772
482 2.39772 2.39772
483 2.39772 2.39772
484 2.39772 2.39772
485 2.39772 2.39772
486 2.39772 2.39772
487 2.39772 2.39772
488 2.39772 2.39772
489 2.39772 2.39772
490 2.39772 2.39772
491 2.39772 2.39772
492 2.39772 2.39772
493 2.39772 2.39772
494 2.39772 2.39772
495 2.39772 2.39772
496 2.39772 2.39772
497 2.39772 2.39772
498 2.39772 2.39772
499 2.39772 2.39772
500 2.39772 2.39772
501 2.39772 2.39772
502 2.39772 2.39772
503 2.39772 2.39772
504 2.39772 2.39772
505 2.39772 2.39772
506 2.39772 2.39772
507 2.39772 2.39772
508 2.39772 2.39772
509 2.39772 2.39772
510 2.39772 2.39772
511 2.39772 2.39772
512 2.39772 2.39772
513 2.39772 2.39772
514 2.39772 2.39772
515 2.39033 2.39757
516 2.39033 2.39624
517 2.38898 2.39252
518 2.38898 2.38987
519 2.38898 2.38933
520 2.38898 2.38898
521 2.38898 2.38898
522 2.38898 2.38898
523 2.38898 2.38898
524 2.38898 2.38898
525 2.38898 2.38898
526 2.38898 2.38898
527 2.38898 2.38898
528 2.38898 2.38898
529 2.38898 2.38898
530 2.38898 2.38898
531 2.38898 2.38898
532 2.38898 2.38898
533 2.38898 2.38898
534 2.38898 2.38898
535 2.38898 2.38898
536 2.38898 2.38898
537 2.38898 2.38898
538 2.38898 2.38898
539 2.38898 2.38898
540 2.38898 2.38898
541 2.38898 2.38898
542 2.38898 2.38898
543 2.38898 2.38898
544 2.38898 2.38898
545 2.38898 2.38898
546 2.38898 2.38898
547 2.38898 2.38898
548 2.38898 2.38898
549 2.38898 2.38898
550 2.38898 2.38898
551 2.38898 2.38898
552 2.38898 2.38898
553 2.38898 2.38898
554 2.38898 2.38898
555 2.38898 2.38898
556 2.38898 2.38898
557 2.38898 2.38898
558 2.38898 2.38898
559 2.38898 2.38898
560 2.38898 2.38898
561 2.38898 2.38898
562 2.38898 2.38898
563 2.38898 2.38898
564 2.38898 2.38898
565 2.38898 2.38898
566 2.38898 2.38898
567 2.38898 2.38898
568 2.38898 2.38898
569 2.38898 2.38898
570 2.38898 2.38898
571 2.38898 2.38898
572 2.38898 2.38898
573 2.38898 2.38898
574 2.38898 2.38898
575 2.38898 2.38898
576 2.38898 2.38898
577 2.38898 2.38898
578 2.38898 2.38898
579 2.38898 2.38898
580 2.38898 2.38898
581 2.38898 2.38898
582 2.38898 2.38898
583 2.38898 2.38898
584 2.38898 2.38898
585 2.38898 2.38898
586 2.38898 2.38898
587 2.38898 2.38898
588 2.38898 2.38898
589 2.38898 2.38898
590 2.38898 2.38898
591 2.38898 2.38898
592 2.38898 2.38898
593 2.38898 2.38898
594 2.38898 2.38898
595 2.38898 2.38898
596 2.38898 2.38898
597 2.38898 2.38898
598 2.38898 2.38898
599 2.38898 2.38898
600 2.38898 2.38898
601 2.38898 2.38898
602 2.38898 2.38898
603 2.38898 2.38898
604 2.38898 2.38898
605 2.38898 2.38898
606 2.38898 2.38898
607 2.38898 2.38898
608 2.38898 2.38898
609 2.38898 2.38898
610 2.38898 2.38898
611 2.38898 2.38898
612 2.38898 2.38898
613 2.38898 2.38898
614 2.38898 2.38898
615 2.38898 2.38898
616 2.38898 2.38898
617 2.38898 2.38898
618 2.38898 2.38898
619 2.38898 2.38898
620 2.38898 2.38898
621 2.38898 2.38898
622 2.38898 2.38898
623 2.38898 2.38898
624 2.38898 2.38898
625 2.38898 2.38898
626 2.38898 2.38898
627 2.38898 2.38898
628 2.38898 2.38898
629 2.38898 2.38898
630 2.38898 2.38898
631 2.38898 2.38898
632 2.38898 2.38898
633 2.38898 2.38898
634 2.38898 2.38898
635 2.38898 2.38898
636 2.38898 2.38898
637 2.38898 2.38898
638 2.38898 2.38898
639 2.38898 2.38898
640 2.38898 2.38898
641 2.38898 2.38898
642 2.38898 2.38898
643 2.38898 2.38898
644 2.38898 2.38898
645 2.38898 2.38898
646 2.38898 2.38898
647 2.38898 2.38898
648 2.38898 2.38898
649 2.38898 2.38898
650 2.38898 2.38898
651 2.38898 2.38898
652 2.38898 2.38898
653 2.38898 2.38898
654 2.38898 2.38898
655 2.38898 2.38898
656 2.38898 2.38898
657 2.38898 2.38898
658 2.38898 2.38898
659 2.38898 2.38898
660 2.38898 2.38898
661 2.38898 2.38898
662 2.38898 2.38898
663 2.38898 2.38898
664 2.38898 2.38898
665 2.38898 2.38898
666 2.38898 2.38898
667 2.38898 2.38898
668 2.38898 2.38898
669 2.38898 2.38898
670 2.38898 2.38898
671 2.38898 2.38898
672 2.38898 2.38898
673 2.38898 2.38898
674 2.38898 2.38898
675 2.38898 2.38898
676 2.38898 2.38898
677 2.38898 2.38898
678 2.38898 2.39655
679 2.38898 2.38898
680 2.38898 2.38898
681 2.38898 2.38898
682 2.38898 2.38898
683 2.38898 2.38898
684 2.38898 2.38898
685 2.38898 2.38898
686 2.38898 2.38898
687 2.38898 2.38898
688 2.38898 2.38898
689 2.38898 2.38898
690 2.38898 2.38898
691 2.38898 2.38898
692 2.38898 2.38898
693 2.38898 2.38898
694 2.38898 2.38898
695 2.38898 2.38898
696 2.38898 2.38898
697 2.38898 2.38898
698 2.38898 2.38898
699 2.38898 2.38898
700 2.38898 2.38898
701 2.38898 2.38898
702 2.38898 2.38898
703 2.38898 2.38898
704 2.38898 2.38898
705 2.38898 2.38898
706 2.38898 2.38898
707 2.38898 2.38898
708 2.38898 2.38898
709 2.38898 2.38898
710 2.38898 2.38898
711 2.38898 2.38898
712 2.38898 2.38898
713 2.38898 2.38898
714 2.38898 2.38898
715 2.38898 2.38898
716 2.38898 2.38898
717 2.38898 2.38898
718 2.38898 2.38898
719 2.38898 2.38898
720 2.38898 2.38898
721 2.38898 2.38898
722 2.38898 2.38898
723 2.38898 2.38898
724 2.38898 2.38898
725 2.38898 2.38898
726 2.38898 2.38898
727 2.38898 2.38898
728 2.38898 2.38898
729 2.38898 2.38898
730 2.38898 2.38898
731 2.38898 2.38898
732 2.38898 2.38898
733 2.38898 2.38898
734 2.38898 2.38898
735 2.38898 2.38898
736 2.38898 2.38898
737 2.38898 2.38898
738 2.38898 2.38898
739 2.38898 2.38898
740 2.38898 2.38898
741 2.38898 2.38898
742 2.38898 2.38898
743 2.38898 2.38898
744 2.38898 2.38898
745 2.38898 2.38898
746 2.38898 2.38898
747 2.38898 2.38898
748 2.38898 2.38898
749 2.38898 2.38898
750 2.38898 2.38898
751 2.38898 2.38898
752 2.38898 2.38898
753 2.38898 2.38898
754 2.38898 2.38898
755 2.38898 2.38898
756 2.38898 2.38898
757 2.38898 2.38898
758 2.38898 2.38898
759 2.38898 2.38898
760 2.38898 2.38898
761 2.38898 2.38898
762 2.38898 2.38898
763 2.38898 2.38898
764 2.38898 2.38898
765 2.38898 2.38898
766 2.38898 2.38898
767 2.38898 2.38898
768 2.38898 2.38898
769 2.38898 2.38898
770 2.38898 2.38898
771 2.38898 2.38898
772 2.38898 2.38898
773 2.38898 2.38898
774 2.38898 2.38898
775 2.38898 2.38898
776 2.38898 2.38898
777 2.38898 2.38898
778 2.38898 2.38898
779 2.38898 2.38898
780 2.38898 2.38898
781 2.38898 2.38898
782 2.38898 2.38898
783 2.38898 2.38898
784 2.38898 2.38898
785 2.38898 2.38898
786 2.38898 2.38898
787 2.38898 2.38898
788 2.38898 2.38898
789 2.38898 2.38898
790 2.38898 2.38898
791 2.38898 2.38898
792 2.38898 2.38898
793 2.38898 2.38898
794 2.38898 2.38898
795 2.38898 2.38898
796 2.38898 2.38898
797 2.38898 2.38898
798 2.38898 2.38898
799 2.38898 2.38898
800 2.38898 2.38898
801 2.38898 2.38898
802 2.38898 2.38898
803 2.38898 2.38898
804 2.38898 2.38898
805 2.38898 2.38898
806 2.38898 2.38898
807 2.38898 2.38898
808 2.38898 2.38898
809 2.38898 2.38898
810 2.38898 2.38898
811 2.38898 2.38898
812 2.38898 2.38898
813 2.38898 2.38898
814 2.38898 2.38898
815 2.38898 2.38898
816 2.38898 2.38898
817 2.38898 2.38898
818 2.38898 2.38898
819 2.38898 2.38898
820 2.38898 2.38898
821 2.38898 2.38898
822 2.38898 2.38898
823 2.38898 2.38898
824 2.38898 2.38898
825 2.38898 2.38898
826 2.38898 2.38898
827 2.38898 2.38898
828 2.38898 2.38898
829 2.38898 2.38898
830 2.38898 2.38898
831 2.38898 2.38898
832 2.38898 2.38898
833 2.38898 2.38898
834 2.38898 2.38898
835 2.38898 2.38898
836 2.38898 2.38898
837 2.38898 2.38898
838 2.38898 2.38898
839 2.38898 2.38898
840 2.38898 2.38898
841 2.38898 2.38898
842 2.38898 2.38898
843 2.38898 2.38898
844 2.38898 2.38898
845 2.38898 2.38898
846 2.38898 2.38898
847 2.38898 2.38898
848 2.38898 2.38898
849 2.38898 2.38898
850 2.38898 2.38898
851 2.38898 2.38898
852 2.38898 2.38898
853 2.38898 2.38898
854 2.38898 2.38898
855 2.38898 2.38898
856 2.38898 2.38898
857 2.38898 2.38898
858 2.38898 2.38898
859 2.38898 2.38898
860 2.38898 2.38898
861 2.38898 2.38898
862 2.38898 2.38898
863 2.38898 2.38898
864 2.38898 2.38898
865 2.38898 2.38898
866 2.38898 2.38898
867 2.38898 2.38898
868 2.38898 2.38898
869 2.38898 2.38898
870 2.38898 2.38898
871 2.38898 2.38898
872 2.38898 2.38898
873 2.38898 2.38898
874 2.38898 2.38898
875 2.38898 2.38898
876 2.38898 2.38898
877 2.38898 2.38898
878 2.38898 2.38898
879 2.38898 2.38898
880 2.38898 2.38898
881 2.38898 2.38898
882 2.38898 2.38898
883 2.38898 2.38898
884 2.38898 2.38898
885 2.38898 2.38898
886 2.38898 2.38898
887 2.38898 2.38898
888 2.38898 2.38898
889 2.38898 2.38898
890 2.38898 2.38898
891 2.38898 2.38898
892 2.38898 2.38898
893 2.38898 2.38898
894 2.38898 2.38898
895 2.38898 2.38898
896 2.38898 2.38898
897 2.38898 2.38898
898 2.38898 2.38898
899 2.38898 2.38898
900 2.38898 2.38898
901 2.38898 2.38898
902 2.38898 2.38898
903 2.38898 2.38898
904 2.38898 2.38898
905 2.38898 2.38898
906 2.38898 2.38898
907 2.38898 2.38898
908 2.38898 2.38898
909 2.38898 2.38898
910 2.38898 2.38898
911 2.38898 2.38898
912 2.38898 2.38898
913 2.38898 2.38898
914 2.38898 2.38898
915 2.38898 2.38898
916 2.38898 2.38898
917 2.38898 2.38898
918 2.38898 2.38898
919 2.38898 2.38898
920 2.38898 2.38898
921 2.38898 2.38898
922 2.38898 2.38898
923 2.38898 2.38898
924 2.38898 2.38898
925 2.38898 2.38898
926 2.38898 2.38898
927 2.38898 2.38898
928 2.38898 2.38898
929 2.38898 2.38898
930 2.38898 2.38898
931 2.38898 2.38898
932 2.38898 2.38898
933 2.38898 2.38898
934 2.38898 2.38898
935 2.38898 2.38898
936 2.38898 2.38898
937 2.38898 2.38898
938 2.38898 2.38898
939 2.38898 2.38898
940 2.38898 2.38898
941 2.38898 2.38898
942 2.38898 2.38898
943 2.38898 2.38898
944 2.38898 2.38898
945 2.38898 2.38898
946 2.38898 2.38898
947 2.38898 2.38898
948 2.38898 2.38898
949 2.38898 2.38898
950 2.38898 2.38898
951 2.38898 2.38898
952 2.38898 2.38898
953 2.38898 2.38898
954 2.38898 2.38898
955 2.38898 2.38898
956 2.38898 2.38898
957 2.38898 2.38898
958 2.38898 2.38898
959 2.38898 2.38898
960 2.38898 2.38898
961 2.38898 2.38898
962 2.38898 2.38898
963 2.38898 2.38898
964 2.38898 2.38898
965 2.38898 2.38898
966 2.38898 2.38898
967 2.38898 2.38898
968 2.38898 2.38898
969 2.38898 2.38898
970 2.38898 2.38898
971 2.38898 2.38898
972 2.38898 2.38898
973 2.38898 2.38898
974 2.38898 2.38898
975 2.38898 2.38898
976 2.38898 2.38898
977 2.38898 2.38898
978 2.38898 2.38898
979 2.38898 2.38898
980 2.38898 2.38898
981 2.38898 2.38898
982 2.38898 2.38898
983 2.38898 2.38898
984 2.38898 2.38898
985 2.38898 2.38898
986 2.38898 2.38898
987 2.38898 2.38898
988 2.38898 2.38898
989 2.38898 2.38898
990 2.38898 2.38898
991 2.38898 2.38898
992 2.38898 2.38898
993 2.38898 2.38898
994 2.38898 2.38898
995 2.38898 2.38898
996 2.38898 2.38898
997 2.38898 2.38898
998 2.38898 2.38898
999 2.38898 2.38898
1000 2.38898 2.38898
1001 2.38898 2.38898
1002 2.38898 2.38898
1003 2.38898 2.38898
1004 2.38898 2.38898
1005 2.38898 2.38898
1006 2.38898 2.38898
1007 2.38898 2.38898
1008 2.38898 2.38898
1009 2.38898 2.38898
1010 2.38898 2.38898
1011 2.38898 2.38898
1012 2.38898 2.38898
1013 2.38898 2.38898
1014 2.38898 2.38898
1015 2.38898 2.38898
1016 2.38898 2.38898
1017 2.38898 2.38898
1018 2.38898 2.38898
1019 2.38898 2.38898
1020 2.38898 2.38898
1021 2.38898 2.38898
1022 2.38898 2.38898
1023 2.38898 2.38898
1024 2.38898 2.38898
1025 2.38898 2.38898
1026 2.38898 2.38898
1027 2.38898 2.38898
1028 2.38898 2.38898
1029 2.38898 2.38898
1030 2.38898 2.38898
1031 2.38898 2.38898
1032 2.38898 2.38898
1033 2.38898 2.38898
1034 2.38898 2.38898
1035 2.38898 2.38898
1036 2.38898 2.38898
1037 2.38898 2.38898
1038 2.38898 2.38898
1039 2.38898 2.38898
1040 2.38898 2.38898
1041 2.38898 2.38898
1042 2.38898 2.38898
1043 2.38898 2.38898
1044 2.38898 2.38898
1045 2.38898 2.38898
1046 2.38898 2.38898
1047 2.38898 2.38898
1048 2.38898 2.38898
1049 2.38898 2.38898
1050 2.38898 2.38898
1051 2.38898 2.38898
1052 2.38898 2.38898
1053 2.38898 2.38898
1054 2.38898 2.38898
1055 2.38898 2.38898
1056 2.38898 2.38898
1057 2.38898 2.38898
1058 2.38898 2.38898
1059 2.38898 2.38898
1060 2.38898 2.38898
1061 2.38898 2.38898
1062 2.38898 2.38898
1063 2.38898 2.38898
1064 2.38898 2.38898
1065 2.38898 2.38898
1066 2.38898 2.38898
1067 2.38898 2.38898
1068 2.38898 2.38898
1069 2.38898 2.38898
1070 2.38898 2.38898
1071 2.38898 2.38898
1072 2.38898 2.38898
1073 2.38898 2.38898
1074 2.38898 2.38898
1075 2.38898 2.38898
1076 2.38898 2.38898
1077 2.38898 2.38898
1078 2.38898 2.38898
1079 2.38898 2.38898
1080 2.38898 2.38898
1081 2.38898 2.38898
1082 2.38898 2.38898
1083 2.38898 2.38898
1084 2.38898 2.38898
1085 2.38898 2.38898
1086 2.38898 2.38898
1087 2.38898 2.38898
1088 2.38898 2.38898
1089 2.38898 2.38898
1090 2.38898 2.38898
1091 2.38898 2.38898
1092 2.38898 2.38898
1093 2.38898 2.38898
1094 2.38898 2.38898
1095 2.38898 2.38898
1096 2.38898 2.38898
1097 2.38898 2.38898
1098 2.38898 2.38898
1099 2.38898 2.38898
1100 2.38898 2.38898
1101 2.38898 2.38898
1102 2.38898 2.38898
1103 2.38898 2.38898
1104 2.38898 2.38898
1105 2.38898 2.38898
1106 2.38898 2.38898
1107 2.38898 2.38898
1108 2.38898 2.38898
1109 2.38898 2.38898
1110 2.38898 2.38898
1111 2.38898 2.38898
1112 2.38898 2.38898
1113 2.38898 2.38898
1114 2.38898 2.38898
1115 2.38898 2.38898
1116 2.38898 2.38898
1117 2.38898 2.38898
1118 2.38898 2.38898
1119 2.38898 2.38898
1120 2.38898 2.38898
1121 2.38898 2.38898
1122 2.38898 2.38898
1123 2.38898 2.38898
1124 2.38898 2.38898
1125 2.38898 2.38898
1126 2.38898 2.38898
1127 2.38898 2.38898
1128 2.38898 2.38898
1129 2.38898 2.38898
1130 2.38898 2.38898
1131 2.38898 2.38898
1132 2.38898 2.38898
1133 2.38898 2.38898
1134 2.38898 2.38898
1135 2.38898 2.38898
1136 2.38898 2.38898
1137 2.38898 2.38898
1138 2.38898 2.38898
1139 2.38898 2.38898
1140 2.38898 2.38898
1141 2.38898 2.38898
1142 2.38898 2.38898
1143 2.38898 2.38898
1144 2.38898 2.38898
1145 2.38898 2.38898
1146 2.38898 2.38898
1147 2.38898 2.38898
1148 2.38898 2.38898
1149 2.38898 2.38898
1150 2.38898 2.38898
1151 2.38898 2.38898
1152 2.38898 2.38898
1153 2.38898 2.38898
1154 2.38898 2.38898
1155 2.38898 2.38898
1156 2.38898 2.38898
1157 2.38898 2.38898
1158 2.38898 2.38898
1159 2.38898 2.38898
1160 2.38898 2.38898
1161 2.38898 2.38898
1162 2.38898 2.38898
1163 2.38898 2.38898
1164 2.38898 2.38898
1165 2.38898 2.38898
1166 2.38898 2.38898
1167 2.38898 2.38898
1168 2.38898 2.38898
1169 2.38898 2.38898
1170 2.38898 2.38898
1171 2.38898 2.38898
1172 2.38898 2.38898
1173 2.38898 2.38898
1174 2.38898 2.38898
1175 2.38898 2.38898
1176 2.38898 2.38898
1177 2.38898 2.38898
1178 2.38898 2.38898
1179 2.38898 2.38898
1180 2.38898 2.38898
1181 2.38898 2.38898
1182 2.38898 2.38898
1183 2.38898 2.38898
1184 2.38898 2.38898
1185 2.38898 2.38898
1186 2.38898 2.38898
1187 2.38898 2.38898
1188 2.38898 2.38898
1189 2.38898 2.38898
1190 2.38898 2.38898
1191 2.38898 2.38898
1192 2.38898 2.38898
1193 2.38898 2.38898
1194 2.38898 2.38898
1195 2.38898 2.38898
1196 2.38898 2.38898
1197 2.38898 2.38898
1198 2.38898 2.38898
1199 2.38898 2.38898
1200 2.38898 2.38898
1201 2.38898 2.38898
1202 2.38898 2.38898
1203 2.38898 2.38898
1204 2.38898 2.38898
1205 2.38898 2.38898
1206 2.38898 2.38898
1207 2.38898 2.38898
1208 2.38898 2.38898
1209 2.38898 2.38898
1210 2.38898 2.38898
1211 2.38898 2.38898
1212 2.38898 2.38898
1213 2.38898 2.38898
1214 2.38898 2.38898
1215 2.38898 2.38898
1216 2.38898 2.38898
1217 2.38898 2.38898
1218 2.38898 2.38898
1219 2.38898 2.38898
1220 2.38898 2.38898
1221 2.38898 2.38898
1222 2.38898 2.38898
1223 2.38898 2.38898
1224 2.38898 2.38898
1225 2.38898 2.38898
1226 2.38898 2.38898
1227 2.38898 2.38898
1228 2.38898 2.38898
1229 2.38898 2.38898
1230 2.38898 2.38898
1231 2.38898 2.38898
1232 2.38898 2.38898
1233 2.38898 2.38898
1234 2.38898 2.38898
1235 2.38898 2.38898
1236 2.38898 2.38898
1237 2.38898 2.38898
1238 2.38898 2.38898
1239 2.38898 2.38898
1240 2.38898 2.38898
1241 2.38898 2.38898
1242 2.38898 2.38898
1243 2.38898 2.38898
1244 2.38898 2.38898
1245 2.38898 2.38898
1246 2.38898 2.38898
1247 2.38898 2.38898
1248 2.38898 2.38898
1249 2.38898 2.38898
1250 2.38898 2.38898
1251 2.38898 2.38898
1252 2.38898 2.38898
1253 2.38898 2.38898
1254 2.38898 2.38898
1255 2.38898 2.38898
1256 2.38898 2.38898
1257 2.38898 2.38898
1258 2.38898 2.38898
1259 2.38898 2.38898
1260 2.38898 2.38898
1261 2.38898 2.38898
1262 2.38898 2.38898
1263 2.38898 2.38898
1264 2.38898 2.38898
1265 2.38898 2.38898
1266 2.38898 2.38898
1267 2.38898 2.38898
1268 2.38898 2.38898
1269 2.38898 2.38898
1270 2.38898 2.38898
1271 2.38898 2.38898
1272 2.38898 2.38898
1273 2.38898 2.38898
1274 2.38898 2.38898
1275 2.38898 2.38898
1276 2.38898 2.38898
1277 2.38898 2.38898
1278 2.38898 2.38898
1279 2.38898 2.38898
1280 2.38898 2.38898
1281 2.38898 2.38898
1282 2.38898 2.38898
1283 2.38898 2.38898
1284 2.38898 2.38898
1285 2.38898 2.38898
1286 2.38898 2.38898
1287 2.38898 2.38898
1288 2.38898 2.38898
1289 2.38898 2.38898
1290 2.38898 2.38898
1291 2.38898 2.38898
1292 2.38898 2.38898
1293 2.38898 2.38898
1294 2.38898 2.38898
1295 2.38898 2.38898
1296 2.38898 2.38898
1297 2.38898 2.38898
1298 2.38898 2.38898
1299 2.38898 2.38898
1300 2.38898 2.38898
1301 2.38898 2.38898
1302 2.38898 2.38898
1303 2.38898 2.38898
1304 2.38898 2.38898
1305 2.38898 2.38898
1306 2.38898 2.38898
1307 2.38898 2.38898
1308 2.38898 2.38898
1309 2.38898 2.38898
1310 2.38898 2.38898
1311 2.38898 2.38898
1312 2.38898 2.38898
1313 2.38898 2.38898
1314 2.38898 2.38898
1315 2.38898 2.38898
1316 2.38898 2.38898
1317 2.38898 2.38898
1318 2.38898 2.38898
1319 2.38898 2.38898
1320 2.38898 2.38898
1321 2.38898 2.38898
1322 2.38898 2.38898
1323 2.38898 2.38898
1324 2.38898 2.38898
1325 2.38898 2.38898
1326 2.38898 2.38898
1327 2.38898 2.38898
1328 2.38898 2.38898
1329 2.38898 2.38898
1330 2.38898 2.38898
1331 2.38898 2.38898
1332 2.38898 2.38898
1333 2.38898 2.38898
1334 2.38898 2.38898
1335 2.38898 2.38898
1336 2.38898 2.38898
1337 2.38898 2.38898
1338 2.38898 2.38898
1339 2.38898 2.38898
1340 2.38898 2.38898
1341 2.38898 2.38898
1342 2.38898 2.38898
1343 2.38898 2.38898
1344 2.38898 2.38898
1345 2.38898 2.38898
1346 2.38898 2.38898
1347 2.38898 2.38898
1348 2.38898 2.38898
1349 2.38898 2.38898
1350 2.38898 2.38898
1351 2.38898 2.38898
1352 2.38898 2.38898
1353 2.38898 2.38898
1354 2.38898 2.38898
1355 2.38898 2.38898
1356 2.38898 2.38898
1357 2.38898 2.38898
1358 2.38898 2.38898
1359 2.38898 2.38898
1360 2.38898 2.38898
1361 2.38898 2.38898
1362 2.38898 2.38898
1363 2.38898 2.38898
1364 2.38898 2.38898
1365 2.38898 2.38898
1366 2.38898 2.38898
1367 2.38898 2.38898
1368 2.38898 2.38898
1369 2.38898 2.38898
1370 2.38898 2.38898
1371 2.38898 2.38898
1372 2.38898 2.38898
1373 2.38898 2.38898
1374 2.38898 2.38898
1375 2.38898 2.38898
1376 2.38898 2.38898
1377 2.38898 2.38898
1378 2.38898 2.38898
1379 2.38898 2.38898
1380 2.38898 2.38898
1381 2.38898 2.38898
1382 2.38898 2.38898
1383 2.38898 2.38898
1384 2.38898 2.38898
1385 2.38898 2.38898
1386 2.38898 2.38898
1387 2.38898 2.38898
1388 2.38898 2.38898
1389 2.38898 2.38898
1390 2.38898 2.38898
1391 2.38898 2.38898
1392 2.38898 2.38898
1393 2.38898 2.38898
1394 2.38898 2.38898
1395 2.38898 2.38898
1396 2.38898 2.38898
1397 2.38898 2.38898
1398 2.38898 2.38898
1399 2.38898 2.38898
1400 2.38898 2.38898
1401 2.38898 2.38898
1402 2.38898 2.38898
1403 2.38898 2.38898
1404 2.38898 2.38898
1405 2.38898 2.38898
1406 2.38898 2.38898
1407 2.38898 2.38898
1408 2.38898 2.38898
1409 2.38898 2.38898
1410 2.38898 2.38898
1411 2.38898 2.38898
1412 2.38898 2.38898
1413 2.38898 2.38898
1414 2.38898 2.38898
1415 2.38898 2.38898
1416 2.38898 2.38898
1417 2.38898 2.38898
1418 2.38898 2.38898
1419 2.38898 2.38898
1420 2.38898 2.38898
1421 2.38898 2.38898
1422 2.38898 2.38898
1423 2.38898 2.38898
1424 2.38898 2.38898
1425 2.38898 2.38898
1426 2.38898 2.38898
1427 2.38898 2.38898
1428 2.38898 2.38898
1429 2.38898 2.38898
1430 2.38898 2.38898
1431 2.38898 2.38898
1432 2.38898 2.38898
1433 2.38898 2.38898
1434 2.38898 2.38898
1435 2.38898 2.38898
1436 2.38898 2.38898
1437 2.38898 2.38898
1438 2.38898 2.38898
1439 2.38898 2.38898
1440 2.38898 2.38898
1441 2.38898 2.38898
1442 2.38898 2.38898
1443 2.38898 2.38898
1444 2.38898 2.38898
1445 2.38898 2.38898
1446 2.38898 2.38898
1447 2.38898 2.38898
1448 2.38898 2.38898
1449 2.38898 2.38898
1450 2.38898 2.38898
1451 2.38898 2.38898
1452 2.38898 2.38898
1453 2.38898 2.38898
1454 2.38898 2.38898
1455 2.38898 2.38898
1456 2.38898 2.38898
1457 2.38898 2.38898
1458 2.38898 2.38898
1459 2.38898 2.38898
1460 2.38898 2.38898
1461 2.38898 2.38898
1462 2.38898 2.38898
1463 2.38898 2.38898
1464 2.38898 2.38898
1465 2.38898 2.38898
1466 2.38898 2.38898
1467 2.38898 2.38898
1468 2.38898 2.38898
1469 2.38898 2.38898
1470 2.38898 2.38898
1471 2.38898 2.38898
1472 2.38898 2.38898
1473 2.38898 2.38898
1474 2.38898 2.38898
1475 2.38898 2.38898
1476 2.38898 2.38898
1477 2.38898 2.38898
1478 2.38898 2.38898
1479 2.38898 2.38898
1480 2.38898 2.38898
1481 2.38898 2.38898
1482 2.38898 2.38898
1483 2.38898 2.38898
1484 2.38898 2.38898
1485 2.38898 2.38898
1486 2.38898 2.38898
1487 2.38898 2.38898
1488 2.38898 2.38898
1489 2.38898 2.38898
1490 2.38898 2.38898
1491 2.38898 2.38898
1492 2.38898 2.38898
1493 2.38898 2.38898
1494 2.38898 2.38898
1495 2.38898 2.38898
1496 2.38898 2.38898
1497 2.38898 2.38898
1498 2.38898 2.38898
1499 2.38898 2.38898
