           1        2.85        2.85           0
           2     2.84997     2.84999 9.26589e-06
           3      2.8499     2.84996 2.57031e-05
           4     2.84976     2.84991 4.58131e-05
           5     2.84958     2.84984 6.90374e-05
           6     2.84935     2.84976 9.50138e-05
           7     2.84906     2.84966 0.000123489
           8     2.84872     2.84954 0.000154276
           9     2.84833     2.84941  0.00018723
          10     2.84788     2.84925 0.000222235
          11     2.84738     2.84908 0.000259201
          12     2.84683      2.8489 0.000298052
          13     2.84622     2.84869 0.000338727
          14     2.84556     2.84847 0.000381176
          15     2.84485     2.84823 0.000425357
          16     2.84408     2.84797 0.000471238
          17     2.84325     2.84769  0.00051879
          18     2.84237     2.84739 0.000567993
          19     2.84143     2.84708 0.000618829
          20     2.84043     2.84675 0.000671288
          21     2.83937      2.8464  0.00072536
          22     2.83826     2.84603  0.00078104
          23     2.83708     2.84564 0.000838327
          24     2.83584     2.84523 0.000897222
          25     2.83454      2.8448 0.000957729
          26     2.83318     2.84435  0.00101985
          27     2.83175     2.84389  0.00108359
          28     2.83026      2.8434  0.00114896
          29     2.82871     2.84289  0.00121596
          30     2.82708     2.84237  0.00128461
          31     2.82539     2.84182  0.00135494
          32     2.82362     2.84125  0.00142696
          33     2.82179     2.84066  0.00150069
          34     2.81988     2.84005  0.00157613
          35      2.8179     2.83942  0.00165332
          36     2.81584     2.83876  0.00173226
          37     2.81371     2.83808  0.00181299
          38     2.81149     2.83738  0.00189552
          39      2.8092     2.83666  0.00197988
          40     2.80683     2.83592   0.0020661
          41     2.80437     2.83515   0.0021542
          42     2.80183     2.83435  0.00224421
          43      2.7992     2.83354  0.00233616
          44     2.79649     2.83269  0.00243007
          45     2.79368     2.83183  0.00252598
          46     2.79078     2.83094  0.00262392
          47     2.78779     2.83002   0.0027239
          48     2.78471     2.82907  0.00282598
          49     2.78153      2.8281  0.00293017
          50     2.77824     2.82711  0.00303652
          51     2.77486     2.82608  0.00314506
          52     2.77137     2.82503  0.00325584
          53     2.76777     2.82395  0.00336889
          54     2.76406     2.82284  0.00348426
          55     2.76025      2.8217  0.00360199
          56     2.75631     2.82053  0.00372212
          57     2.75226     2.81934   0.0038447
          58      2.7481     2.81811  0.00396976
          59     2.74381     2.81685  0.00409734
          60      2.7394     2.81556  0.00422749
          61     2.73486     2.81423  0.00436025
          62      2.7302     2.81288  0.00449565
          63     2.72541     2.81149  0.00463373
          64     2.72048     2.81007  0.00477455
          65     2.71542     2.80861  0.00491814
          66     2.71022     2.80712  0.00506456
          67     2.70487      2.8056  0.00521384
          68     2.69938     2.80403  0.00536603
          69     2.69375     2.80244  0.00552117
          70     2.68797      2.8008   0.0056793
          71     2.68203     2.79913  0.00584048
          72     2.67594     2.79742  0.00600473
          73     2.66969     2.79567  0.00617211
          74     2.66329     2.79388  0.00634265
          75     2.65672     2.79205   0.0065164
          76     2.64999     2.79018   0.0066934
          77     2.64309     2.78827  0.00687367
          78     2.63602     2.78632  0.00705726
          79     2.62878     2.78432  0.00724418
          80     2.62137     2.78229  0.00743449
          81     2.61378     2.78021   0.0076282
          82     2.60602     2.77808  0.00782536
          83     2.59807     2.77591  0.00802599
          84     2.58995      2.7737  0.00823011
          85     2.58164     2.77144  0.00843776
          86     2.57314     2.76913  0.00864896
          87     2.56446     2.76678  0.00886374
          88     2.55559     2.76438  0.00908209
          89     2.54653     2.76193  0.00930405
          90     2.53729     2.75944  0.00952962
          91     2.52785     2.75689   0.0097588
          92     2.51822      2.7543  0.00999161
          93      2.5084     2.75165   0.0102281
          94     2.49838     2.74896   0.0104681
          95     2.48818     2.74622   0.0107118
          96     2.47778     2.74342   0.0109591
          97     2.46719     2.74057     0.01121
          98     2.45641     2.73767   0.0114645
          99     2.44544     2.73472   0.0117225
         100     2.43429     2.73172   0.0119841
         101     2.42294     2.72866   0.0122492
         102     2.41141     2.72555   0.0125178
         103      2.3997     2.72238   0.0127897
         104     2.38781     2.71917   0.0130651
         105     2.37574      2.7159   0.0133438
         106     2.36349     2.71257   0.0136258
         107     2.35108     2.70919    0.013911
         108      2.3385     2.70576   0.0141993
         109     2.32575     2.70227   0.0144907
         110     2.31285     2.69873   0.0147851
         111      2.2998     2.69514   0.0150824
         112      2.2866     2.69149   0.0153825
         113     2.27326     2.68779   0.0156853
         114     2.25978     2.68404   0.0159908
         115     2.24616     2.68023   0.0162988
         116     2.23243     2.67637   0.0166091
         117     2.21858     2.67246   0.0169218
         118     2.20462     2.66849   0.0172366
         119     2.19056     2.66448   0.0175534
         120      2.1764     2.66041   0.0178721
         121     2.16216     2.65629   0.0181926
         122     2.14784     2.65212   0.0185147
         123     2.13345     2.64791   0.0188383
         124       2.119     2.64364   0.0191632
         125     2.10451     2.63933   0.0194892
         126     2.08997     2.63497   0.0198162
         127      2.0754     2.63056   0.0201441
         128      2.0608     2.62611   0.0204726
         129      2.0462     2.62161   0.0208016
         130      2.0316     2.61708   0.0211309
         131       2.017      2.6125   0.0214603
         132     2.00243     2.60787   0.0217897
         133     1.98788     2.60321   0.0221189
         134     1.97338     2.59851   0.0224477
         135     1.95893     2.59377   0.0227759
         136     1.94453       2.589   0.0231033
         137     1.93021     2.58419   0.0234298
         138     1.91597     2.57935   0.0237551
         139     1.90181     2.57448   0.0240791
         140     1.88776     2.56957   0.0244016
         141     1.87382     2.56464   0.0247224
         142        1.86     2.55967   0.0250414
         143      1.8463     2.55468   0.0253583
         144     1.83275     2.54967    0.025673
         145     1.81933     2.54463   0.0259853
         146     1.80608     2.53958   0.0262951
         147     1.79299      2.5345   0.0266022
         148     1.78007      2.5294   0.0269064
         149     1.76733     2.52429   0.0272076
         150     1.75478     2.51915   0.0275056
         151     1.74242     2.51401   0.0278003
         152     1.73026     2.50885   0.0280915
         153     1.71831     2.50369   0.0283791
         154     1.70658     2.49851    0.028663
         155     1.69506     2.49333    0.028943
         156     1.68377     2.48814    0.029219
         157     1.67271     2.48294   0.0294908
         158     1.66188     2.47775   0.0297585
         159     1.65129     2.47255   0.0300219
         160     1.64095     2.46735   0.0302808
         161     1.63085     2.46216   0.0305352
         162     1.62101     2.45697    0.030785
         163     1.61141     2.45178   0.0310301
         164     1.60208      2.4466   0.0312705
         165       1.593     2.44142    0.031506
         166     1.58418     2.43626   0.0317366
         167     1.57562     2.43111   0.0319622
         168     1.56732     2.42596   0.0321829
         169     1.55929     2.42084   0.0323985
         170     1.55153     2.41572   0.0326089
         171     1.54402     2.41062   0.0328143
         172     1.53678     2.40554   0.0330144
         173     1.52981     2.40048   0.0332094
         174     1.52309     2.39544   0.0333992
         175     1.51664     2.39042   0.0335837
         176     1.51045     2.38542    0.033763
         177     1.50452     2.38044   0.0339371
         178     1.49885     2.37549   0.0341059
         179     1.49343     2.37056   0.0342695
         180     1.48826     2.36566   0.0344279
         181     1.48335     2.36078   0.0345811
         182     1.47868     2.35594    0.034729
         183     1.47425     2.35112   0.0348719
         184     1.47006     2.34633   0.0350096
         185     1.46611     2.34157   0.0351421
         186     1.46239     2.33685   0.0352697
         187     1.45891     2.33215   0.0353921
         188     1.45564     2.32749   0.0355096
         189      1.4526     2.32286   0.0356222
         190     1.44978     2.31827   0.0357299
         191     1.44717      2.3137   0.0358327
         192     1.44476     2.30918   0.0359307
         193     1.44256     2.30469   0.0360241
         194     1.44056     2.30023   0.0361127
         195     1.43875     2.29582   0.0361967
         196     1.43712     2.29144   0.0362762
         197     1.43569     2.28709   0.0363512
         198     1.43442     2.28278   0.0364218
         199     1.43334     2.27852   0.0364881
         200     1.43242     2.27429   0.0365501
         201     1.43166     2.27009   0.0366078
         202     1.43106     2.26594   0.0366615
         203     1.43061     2.26183   0.0367111
         204     1.43031     2.25775   0.0367567
         205     1.43015     2.25371   0.0367985
         206     1.43013     2.24971   0.0368364
         207     1.43024     2.24576   0.0368705
         208     1.43047     2.24184    0.036901
         209     1.43083     2.23796   0.0369279
         210      1.4313     2.23411   0.0369513
         211     1.43188     2.23031   0.0369713
         212     1.43256     2.22655   0.0369879
         213     1.43335     2.22283   0.0370012
         214     1.43423     2.21914   0.0370114
         215      1.4352     2.21549   0.0370184
         216     1.43625     2.21189   0.0370224
         217     1.43739     2.20832   0.0370234
         218      1.4386     2.20479   0.0370216
         219     1.43988     2.20129   0.0370169
         220     1.44122     2.19784   0.0370095
         221     1.44263     2.19442   0.0369995
         222     1.44409     2.19104   0.0369869
         223      1.4456      2.1877   0.0369717
         224     1.44716     2.18439   0.0369542
         225     1.44876     2.18112   0.0369343
         226     1.45039     2.17789   0.0369121
         227     1.45206     2.17469   0.0368878
         228     1.45376     2.17153   0.0368612
         229     1.45548      2.1684   0.0368327
         230     1.45722     2.16531   0.0368021
         231     1.45898     2.16225   0.0367696
         232     1.46075     2.15923   0.0367352
         233     1.46253     2.15624    0.036699
         234     1.46432     2.15328   0.0366611
         235     1.46611     2.15036   0.0366216
         236     1.46789     2.14747   0.0365804
         237     1.46968     2.14461   0.0365377
         238     1.47146     2.14178   0.0364934
         239     1.47323     2.13898   0.0364478
         240     1.47499     2.13622   0.0364008
         241     1.47674     2.13348   0.0363525
         242     1.47847     2.13077   0.0363029
         243     1.48019     2.12809   0.0362521
         244     1.48189     2.12545   0.0362001
         245     1.48357     2.12283    0.036147
         246     1.48523     2.12023   0.0360929
         247     1.48687     2.11767   0.0360377
         248     1.48849     2.11513   0.0359816
         249     1.49008     2.11262   0.0359246
         250     1.49166     2.11014   0.0358666
         251     1.49321     2.10768   0.0358078
         252     1.49475     2.10525   0.0357483
         253     1.49626     2.10284   0.0356879
         254     1.49776     2.10046   0.0356268
         255     1.49923      2.0981    0.035565
         256     1.50069     2.09577   0.0355026
         257     1.50213     2.09346   0.0354395
         258     1.50356     2.09117   0.0353758
         259     1.50498     2.08891   0.0353116
         260     1.50638     2.08667   0.0352468
         261     1.50778     2.08445   0.0351814
         262     1.50917     2.08225   0.0351156
         263     1.51055     2.08008   0.0350493
         264     1.51194     2.07793   0.0349826
         265     1.51332      2.0758   0.0349154
         266     1.51471     2.07369   0.0348478
         267      1.5161      2.0716   0.0347798
         268     1.51751     2.06953   0.0347114
         269     1.51892     2.06749   0.0346427
         270     1.52035     2.06546   0.0345736
         271     1.52179     2.06345   0.0345041
         272     1.52325     2.06147   0.0344344
         273     1.52473      2.0595   0.0343643
         274     1.52624     2.05756    0.034294
         275     1.52777     2.05563   0.0342234
         276     1.52932     2.05372   0.0341524
         277      1.5309     2.05183   0.0340813
         278     1.53251     2.04997   0.0340098
         279     1.53415     2.04812   0.0339381
         280     1.53581     2.04629   0.0338662
         281     1.53751     2.04448   0.0337941
         282     1.53924     2.04269   0.0337217
         283       1.541     2.04091   0.0336491
         284      1.5428     2.03916   0.0335763
         285     1.54462     2.03742   0.0335033
         286     1.54648     2.03571   0.0334301
         287     1.54836     2.03401   0.0333567
         288     1.55027     2.03233   0.0332831
         289     1.55221     2.03067   0.0332094
         290     1.55417     2.02902   0.0331355
         291     1.55616      2.0274   0.0330615
         292     1.55818     2.02579   0.0329873
         293     1.56021      2.0242   0.0329129
         294     1.56226     2.02263   0.0328385
         295     1.56432     2.02108   0.0327639
         296      1.5664     2.01954   0.0326892
         297     1.56849     2.01802   0.0326144
         298     1.57059     2.01652   0.0325395
         299     1.57269     2.01504   0.0324645
         300     1.57479     2.01357   0.0323894
         301      1.5769     2.01212   0.0323143
         302     1.57899     2.01069   0.0322391
         303     1.58109     2.00927   0.0321639
         304     1.58317     2.00787   0.0320886
         305     1.58524     2.00648   0.0320133
         306      1.5873     2.00511    0.031938
         307     1.58933     2.00376   0.0318626
         308     1.59135     2.00242   0.0317873
         309     1.59334     2.00109    0.031712
         310     1.59531     1.99978   0.0316367
         311     1.59724     1.99849   0.0315614
         312     1.59915     1.99721   0.0314862
         313     1.60102     1.99594   0.0314111
         314     1.60286     1.99469    0.031336
         315     1.60465     1.99345   0.0312609
         316     1.60641     1.99223    0.031186
         317     1.60812     1.99102   0.0311112
         318     1.60979     1.98982   0.0310364
         319     1.61142     1.98863   0.0309618
         320       1.613     1.98746   0.0308873
         321     1.61452      1.9863   0.0308129
         322       1.616     1.98515   0.0307386
         323     1.61743     1.98401   0.0306646
         324     1.61881     1.98288   0.0305906
         325     1.62014     1.98177   0.0305168
         326     1.62141     1.98066   0.0304433
         327     1.62263     1.97957   0.0303698
         328     1.62379     1.97848   0.0302966
         329     1.62489     1.97741   0.0302236
         330     1.62594     1.97634   0.0301508
         331     1.62694     1.97529   0.0300781
         332     1.62787     1.97424   0.0300057
         333     1.62875      1.9732   0.0299336
         334     1.62958     1.97217   0.0298616
         335     1.63034     1.97115   0.0297899
         336     1.63105     1.97014   0.0297184
         337      1.6317     1.96914   0.0296472
         338     1.63229     1.96814   0.0295762
         339     1.63282     1.96715   0.0295055
         340      1.6333     1.96617   0.0294351
         341     1.63371     1.96519   0.0293649
         342     1.63407     1.96423    0.029295
         343     1.63438     1.96326   0.0292254
         344     1.63462     1.96231    0.029156
         345     1.63481     1.96136    0.029087
         346     1.63495     1.96042   0.0290182
         347     1.63502     1.95948   0.0289497
         348     1.63504     1.95855   0.0288815
         349       1.635     1.95762   0.0288137
         350      1.6349      1.9567   0.0287461
         351     1.63474     1.95578   0.0286788
         352     1.63453     1.95487   0.0286119
         353     1.63426     1.95396   0.0285452
         354     1.63393     1.95305   0.0284789
         355     1.63355     1.95215   0.0284129
         356      1.6331     1.95126   0.0283472
         357      1.6326     1.95037   0.0282819
         358     1.63204     1.94948   0.0282168
         359     1.63142     1.94859   0.0281521
         360     1.63074     1.94771   0.0280878
         361     1.63001     1.94683   0.0280238
         362     1.62921     1.94595   0.0279601
         363     1.62836     1.94507   0.0278967
         364     1.62745      1.9442   0.0278337
         365     1.62647     1.94333   0.0277711
         366     1.62544     1.94246   0.0277088
         367     1.62435      1.9416   0.0276468
         368     1.62319     1.94073   0.0275853
         369     1.62198     1.93987    0.027524
         370      1.6207       1.939   0.0274631
         371     1.61937     1.93814   0.0274026
         372     1.61797     1.93728   0.0273425
         373     1.61652     1.93642   0.0272827
         374       1.615     1.93556   0.0272233
         375     1.61343      1.9347   0.0271642
         376      1.6118     1.93385   0.0271056
         377     1.61011     1.93299   0.0270473
         378     1.60836     1.93213   0.0269893
         379     1.60655     1.93127   0.0269318
         380     1.60468     1.93041   0.0268746
         381     1.60276     1.92955   0.0268178
         382     1.60078     1.92869   0.0267615
         383     1.59875     1.92783   0.0267054
         384     1.59667     1.92696   0.0266498
         385     1.59453      1.9261   0.0265946
         386     1.59235     1.92524   0.0265397
         387     1.59012     1.92437   0.0264853
         388     1.58784      1.9235   0.0264312
         389     1.58551     1.92263   0.0263775
         390     1.58315     1.92176   0.0263243
         391     1.58074     1.92089   0.0262714
         392     1.57829     1.92002   0.0262189
         393     1.57581     1.91914   0.0261668
         394      1.5733     1.91826   0.0261151
         395     1.57075     1.91738   0.0260638
         396     1.56818      1.9165   0.0260129
         397     1.56559     1.91562   0.0259624
         398     1.56298     1.91473   0.0259123
         399     1.56035     1.91384   0.0258626
         400      1.5577     1.91295   0.0258132
         401     1.55505     1.91206   0.0257643
         402     1.55239     1.91117   0.0257157
         403     1.54972     1.91027   0.0256675
         404     1.54706     1.90937   0.0256198
         405      1.5444     1.90847   0.0255723
         406     1.54175     1.90757   0.0255253
         407     1.53912     1.90666   0.0254786
         408     1.53649     1.90575   0.0254323
         409     1.53389     1.90484   0.0253864
         410     1.53132     1.90393   0.0253408
         411     1.52877     1.90302   0.0252956
         412     1.52626     1.90211   0.0252507
         413     1.52378     1.90119   0.0252062
         414     1.52134     1.90027    0.025162
         415     1.51895     1.89935   0.0251181
         416      1.5166     1.89843   0.0250746
         417     1.51431     1.89751   0.0250314
         418     1.51207     1.89659   0.0249885
         419     1.50988     1.89567   0.0249459
         420     1.50776     1.89474   0.0249036
         421     1.50571     1.89382   0.0248616
         422     1.50372      1.8929   0.0248198
         423      1.5018     1.89197   0.0247784
         424     1.49995     1.89105   0.0247372
         425     1.49818     1.89012   0.0246962
         426     1.49649      1.8892   0.0246555
         427     1.49488     1.88827   0.0246151
         428     1.49335     1.88735   0.0245749
         429      1.4919     1.88643   0.0245349
         430     1.49054     1.88551   0.0244951
         431     1.48927     1.88459   0.0244555
         432     1.48808     1.88367   0.0244161
         433     1.48699     1.88276   0.0243769
         434     1.48598     1.88184   0.0243379
         435     1.48507     1.88093    0.024299
         436     1.48424     1.88002   0.0242603
         437     1.48351     1.87911   0.0242217
         438     1.48287     1.87821   0.0241833
         439     1.48231     1.87731   0.0241451
         440     1.48185     1.87641   0.0241069
         441     1.48148     1.87551   0.0240689
         442      1.4812     1.87462   0.0240309
         443     1.48101     1.87373   0.0239931
         444     1.48091     1.87285   0.0239554
         445      1.4809     1.87197   0.0239177
         446     1.48097     1.87109   0.0238802
         447     1.48113     1.87022   0.0238427
         448     1.48137     1.86935   0.0238052
         449      1.4817     1.86849   0.0237679
         450     1.48211     1.86763   0.0237306
         451      1.4826     1.86677   0.0236933
         452     1.48317     1.86592   0.0236561
         453     1.48382     1.86508   0.0236189
         454     1.48454     1.86424   0.0235817
         455     1.48534     1.86341   0.0235446
         456     1.48622     1.86258   0.0235075
         457     1.48716     1.86176   0.0234704
         458     1.48818     1.86095   0.0234333
         459     1.48927     1.86014   0.0233963
         460     1.49042     1.85933   0.0233592
         461     1.49164     1.85853   0.0233221
         462     1.49293     1.85774   0.0232851
         463     1.49428     1.85696    0.023248
         464     1.49569     1.85618    0.023211
         465     1.49716     1.85541   0.0231739
         466     1.49869     1.85464   0.0231368
         467     1.50027     1.85388   0.0230997
         468     1.50191     1.85313   0.0230626
         469      1.5036     1.85239   0.0230254
         470     1.50534     1.85165   0.0229883
         471     1.50713     1.85092   0.0229511
         472     1.50897     1.85019   0.0229139
         473     1.51086     1.84947   0.0228767
         474     1.51279     1.84876   0.0228395
         475     1.51477     1.84806   0.0228022
         476     1.51679     1.84736   0.0227649
         477     1.51885     1.84668   0.0227276
         478     1.52094     1.84599   0.0226903
         479     1.52308     1.84532   0.0226529
         480     1.52525     1.84465   0.0226155
         481     1.52745     1.84399   0.0225781
         482     1.52969     1.84334   0.0225407
         483     1.53196      1.8427   0.0225032
         484     1.53426     1.84206   0.0224658
         485     1.53659     1.84143   0.0224283
         486     1.53894     1.84081   0.0223908
         487     1.54132     1.84019   0.0223532
         488     1.54372     1.83959   0.0223157
         489     1.54614     1.83899   0.0222781
         490     1.54858     1.83839   0.0222405
         491     1.55104     1.83781   0.0222029
         492     1.55351     1.83723   0.0221653
         493       1.556     1.83666   0.0221277
         494      1.5585      1.8361   0.0220901
         495     1.56101     1.83554   0.0220524
         496     1.56353     1.83499   0.0220148
         497     1.56605     1.83445   0.0219771
         498     1.56858     1.83392   0.0219395
         499     1.57111     1.83339   0.0219018
         500     1.57364     1.83287   0.0218642
         501     1.57616     1.83236   0.0218266
         502     1.57868     1.83185   0.0217889
         503     1.58119     1.83135   0.0217513
         504     1.58369     1.83086   0.0217137
         505     1.58618     1.83038   0.0216761
         506     1.58864      1.8299   0.0216385
         507     1.59109     1.82943    0.021601
         508     1.59352     1.82897   0.0215635
         509     1.59592     1.82851    0.021526
         510      1.5983     1.82806   0.0214885
         511     1.60064     1.82761    0.021451
         512     1.60295     1.82717   0.0214136
         513     1.60523     1.82674   0.0213763
         514     1.60746     1.82631   0.0213389
         515     1.60965     1.82589   0.0213016
         516      1.6118     1.82548   0.0212644
         517     1.61389     1.82507   0.0212272
         518     1.61594     1.82466   0.0211901
         519     1.61793     1.82427    0.021153
         520     1.61986     1.82387   0.0211159
         521     1.62173     1.82349    0.021079
         522     1.62355      1.8231   0.0210421
         523     1.62529     1.82272   0.0210052
         524     1.62697     1.82235   0.0209685
         525     1.62857     1.82198   0.0209318
         526     1.63011     1.82162   0.0208952
         527     1.63156     1.82126   0.0208586
         528     1.63295      1.8209   0.0208222
         529     1.63425     1.82055   0.0207858
         530     1.63546      1.8202   0.0207495
         531      1.6366     1.81985   0.0207133
         532     1.63765     1.81951   0.0206772
         533     1.63861     1.81917   0.0206412
         534     1.63948     1.81883   0.0206053
         535     1.64026      1.8185   0.0205695
         536     1.64095     1.81817   0.0205338
         537     1.64154     1.81784   0.0204982
         538     1.64204     1.81751   0.0204627
         539     1.64245     1.81719   0.0204273
         540     1.64276     1.81686    0.020392
         541     1.64297     1.81654   0.0203569
         542     1.64308     1.81622   0.0203218
         543      1.6431      1.8159   0.0202869
         544     1.64302     1.81559   0.0202521
         545     1.64284     1.81527   0.0202174
         546     1.64257     1.81495   0.0201829
         547     1.64219     1.81464   0.0201484
         548     1.64172     1.81432   0.0201141
         549     1.64114     1.81401     0.02008
         550     1.64047     1.81369   0.0200459
         551      1.6397     1.81338    0.020012
         552     1.63883     1.81306   0.0199783
         553     1.63787     1.81274   0.0199447
         554      1.6368     1.81242   0.0199112
         555     1.63565     1.81211   0.0198779
         556      1.6344     1.81179   0.0198447
         557     1.63305     1.81147   0.0198117
         558     1.63162     1.81114   0.0197788
         559     1.63009     1.81082    0.019746
         560     1.62848     1.81049   0.0197135
         561     1.62677     1.81017    0.019681
         562     1.62498     1.80984   0.0196488
         563     1.62311      1.8095   0.0196167
         564     1.62115     1.80917   0.0195847
         565     1.61911     1.80883    0.019553
         566     1.61699      1.8085   0.0195214
         567      1.6148     1.80815   0.0194899
         568     1.61253     1.80781   0.0194587
         569     1.61019     1.80746   0.0194276
         570     1.60778     1.80711   0.0193966
         571      1.6053     1.80676   0.0193659
         572     1.60277      1.8064   0.0193353
         573     1.60017     1.80604   0.0193049
         574     1.59752     1.80568   0.0192747
         575     1.59481     1.80531   0.0192447
         576     1.59206     1.80494   0.0192148
         577     1.58926     1.80457   0.0191851
         578     1.58643     1.80419   0.0191557
         579     1.58356     1.80381   0.0191264
         580     1.58066     1.80342   0.0190973
         581     1.57773     1.80304   0.0190683
         582     1.57478     1.80264   0.0190396
         583     1.57182     1.80225   0.0190111
         584     1.56885     1.80185   0.0189827
         585     1.56588     1.80145   0.0189546
         586     1.56291     1.80104   0.0189266
         587     1.55995     1.80063   0.0188988
         588       1.557     1.80021   0.0188712
         589     1.55408      1.7998   0.0188438
         590     1.55118     1.79937   0.0188166
         591     1.54832     1.79895   0.0187895
         592      1.5455     1.79852   0.0187626
         593     1.54273     1.79809    0.018736
         594     1.54002     1.79766   0.0187095
         595     1.53737     1.79722   0.0186831
         596     1.53479     1.79678    0.018657
         597     1.53229     1.79633    0.018631
         598     1.52987     1.79589   0.0186051
         599     1.52755     1.79544   0.0185795
         600     1.52532     1.79499    0.018554
         601     1.52321     1.79454   0.0185286
         602     1.52121     1.79408   0.0185034
         603     1.51932     1.79363   0.0184783
         604     1.51757     1.79317   0.0184534
         605     1.51595     1.79271   0.0184286
         606     1.51447     1.79225   0.0184039
         607     1.51314     1.79179   0.0183793
         608     1.51196     1.79133   0.0183548
         609     1.51094     1.79087   0.0183305
         610     1.51008     1.79041   0.0183062
         611     1.50939     1.78995    0.018282
         612     1.50886     1.78949   0.0182579
         613     1.50851     1.78904   0.0182339
         614     1.50834     1.78858   0.0182099
         615     1.50834     1.78812    0.018186
         616     1.50852     1.78767   0.0181621
         617     1.50888     1.78722   0.0181383
         618     1.50941     1.78677   0.0181145
         619     1.51013     1.78632   0.0180908
         620     1.51103     1.78588   0.0180671
         621      1.5121     1.78544   0.0180433
         622     1.51334       1.785   0.0180196
         623     1.51474     1.78456   0.0179959
         624     1.51632     1.78413   0.0179722
         625     1.51805     1.78371   0.0179485
         626     1.51994     1.78329   0.0179248
         627     1.52197     1.78287    0.017901
         628     1.52415     1.78246   0.0178773
         629     1.52646     1.78205   0.0178535
         630     1.52891     1.78165   0.0178297
         631     1.53147     1.78125   0.0178058
         632     1.53415     1.78086   0.0177819
         633     1.53693     1.78048    0.017758
         634     1.53981      1.7801   0.0177341
         635     1.54278     1.77972   0.0177101
         636     1.54583     1.77936   0.0176861
         637     1.54896     1.77899    0.017662
         638     1.55216     1.77864   0.0176379
         639     1.55541     1.77829   0.0176137
         640     1.55872     1.77795   0.0175896
         641     1.56207     1.77761   0.0175653
         642     1.56546     1.77728   0.0175411
         643     1.56888     1.77696   0.0175168
         644     1.57233     1.77664   0.0174925
         645     1.57579     1.77633   0.0174681
         646     1.57926     1.77602   0.0174438
         647     1.58274     1.77572   0.0174194
         648     1.58622     1.77543   0.0173949
         649      1.5897     1.77514   0.0173705
         650     1.59317     1.77486    0.017346
         651     1.59663     1.77459   0.0173215
         652     1.60007     1.77432    0.017297
         653     1.60349     1.77406   0.0172725
         654     1.60689      1.7738    0.017248
         655     1.61025     1.77356   0.0172235
         656     1.61359     1.77331   0.0171989
         657     1.61688     1.77307   0.0171744
         658     1.62014     1.77284   0.0171499
         659     1.62336     1.77261   0.0171254
         660     1.62654     1.77239   0.0171008
         661     1.62966     1.77218   0.0170763
         662     1.63274     1.77197   0.0170518
         663     1.63577     1.77176   0.0170274
         664     1.63874     1.77156   0.0170029
         665     1.64165     1.77137   0.0169784
         666     1.64451     1.77117    0.016954
         667      1.6473     1.77099   0.0169296
         668     1.65003     1.77081   0.0169052
         669     1.65269     1.77063   0.0168809
         670     1.65528     1.77046   0.0168566
         671      1.6578     1.77029   0.0168323
         672     1.66025     1.77013    0.016808
         673     1.66261     1.76997   0.0167838
         674      1.6649     1.76981   0.0167596
         675      1.6671     1.76966   0.0167355
         676     1.66922     1.76951   0.0167114
         677     1.67125     1.76937   0.0166874
         678     1.67319     1.76922   0.0166633
         679     1.67503     1.76909   0.0166394
         680     1.67678     1.76895   0.0166155
         681     1.67843     1.76882   0.0165916
         682     1.67998     1.76869   0.0165678
         683     1.68143     1.76856    0.016544
         684     1.68277     1.76843   0.0165203
         685       1.684     1.76831   0.0164967
         686     1.68513     1.76819    0.016473
         687     1.68614     1.76807   0.0164495
         688     1.68704     1.76795    0.016426
         689     1.68781     1.76784   0.0164026
         690     1.68848     1.76772   0.0163792
         691     1.68902     1.76761   0.0163559
         692     1.68944     1.76749   0.0163327
         693     1.68974     1.76738   0.0163095
         694     1.68991     1.76727   0.0162864
         695     1.68996     1.76716   0.0162633
         696     1.68988     1.76705   0.0162403
         697     1.68968     1.76694   0.0162174
         698     1.68935     1.76683   0.0161945
         699      1.6889     1.76671   0.0161718
         700     1.68831      1.7666   0.0161491
         701     1.68761     1.76649   0.0161264
         702     1.68677     1.76638   0.0161038
         703     1.68581     1.76626   0.0160813
         704     1.68473     1.76614   0.0160589
         705     1.68353     1.76603   0.0160366
         706     1.68221     1.76591   0.0160143
         707     1.68076     1.76579   0.0159921
         708      1.6792     1.76567     0.01597
         709     1.67752     1.76554   0.0159479
         710     1.67573     1.76542    0.015926
         711     1.67383     1.76529   0.0159041
         712     1.67181     1.76516   0.0158823
         713      1.6697     1.76502   0.0158606
         714     1.66748     1.76488    0.015839
         715     1.66516     1.76475   0.0158174
         716     1.66274      1.7646    0.015796
         717     1.66023     1.76446   0.0157746
         718     1.65763     1.76431   0.0157533
         719     1.65495     1.76416   0.0157322
         720     1.65218       1.764   0.0157111
         721     1.64934     1.76384   0.0156901
         722     1.64641     1.76368   0.0156692
         723     1.64342     1.76351   0.0156484
         724     1.64036     1.76334   0.0156277
         725     1.63724     1.76317   0.0156071
         726     1.63405     1.76299   0.0155867
         727     1.63081     1.76281   0.0155663
         728     1.62752     1.76262    0.015546
         729     1.62417     1.76243   0.0155258
         730     1.62078     1.76224   0.0155058
         731     1.61735     1.76204   0.0154858
         732     1.61388     1.76184    0.015466
         733     1.61037     1.76163   0.0154463
         734     1.60683     1.76142   0.0154267
         735     1.60325     1.76121   0.0154072
         736     1.59965     1.76099   0.0153878
         737     1.59602     1.76076   0.0153686
         738     1.59237     1.76053   0.0153494
         739      1.5887      1.7603   0.0153304
         740     1.58501     1.76007   0.0153115
         741      1.5813     1.75982   0.0152928
         742     1.57757     1.75958   0.0152741
         743     1.57383     1.75933   0.0152556
         744     1.57008     1.75907   0.0152372
         745     1.56632     1.75882    0.015219
         746     1.56255     1.75855   0.0152009
         747     1.55877     1.75828   0.0151829
         748     1.55498     1.75801    0.015165
         749      1.5512     1.75774   0.0151473
         750     1.54741     1.75746   0.0151297
         751     1.54361     1.75717   0.0151122
         752     1.53982     1.75688   0.0150949
         753     1.53604     1.75659   0.0150777
         754     1.53225     1.75629   0.0150606
         755     1.52847     1.75599   0.0150437
         756      1.5247     1.75568   0.0150269
         757     1.52094     1.75537   0.0150102
         758     1.51719     1.75506   0.0149937
         759     1.51345     1.75474   0.0149774
         760     1.50973     1.75442   0.0149611
         761     1.50603     1.75409    0.014945
         762     1.50235     1.75376   0.0149291
         763     1.49869     1.75343   0.0149132
         764     1.49506     1.75309   0.0148975
         765     1.49145     1.75275    0.014882
         766     1.48788      1.7524   0.0148666
         767     1.48434     1.75205   0.0148513
         768     1.48084      1.7517   0.0148362
         769     1.47738     1.75134   0.0148212
         770     1.47396     1.75098   0.0148063
         771     1.47059     1.75062   0.0147916
         772     1.46727     1.75025   0.0147769
         773       1.464     1.74988   0.0147625
         774     1.46079     1.74951   0.0147481
         775     1.45764     1.74913   0.0147339
         776     1.45455     1.74875   0.0147198
         777     1.45153     1.74837   0.0147058
         778     1.44857     1.74798    0.014692
         779     1.44569      1.7476   0.0146782
         780     1.44289     1.74721   0.0146646
         781     1.44016     1.74681   0.0146511
         782     1.43752     1.74642   0.0146377
         783     1.43496     1.74602   0.0146244
         784     1.43249     1.74562   0.0146112
         785      1.4301     1.74522   0.0145981
         786     1.42781     1.74481   0.0145852
         787     1.42562     1.74441   0.0145723
         788     1.42352       1.744   0.0145595
         789     1.42152     1.74359   0.0145467
         790     1.41961     1.74318   0.0145341
         791     1.41782     1.74277   0.0145216
         792     1.41612     1.74236   0.0145091
         793     1.41453     1.74194   0.0144967
         794     1.41304     1.74153   0.0144843
         795     1.41165     1.74111   0.0144721
         796     1.41038      1.7407   0.0144598
         797      1.4092     1.74028   0.0144477
         798     1.40814     1.73987   0.0144356
         799     1.40717     1.73945   0.0144235
         800     1.40632     1.73903   0.0144115
         801     1.40556     1.73862   0.0143995
         802     1.40491      1.7382   0.0143876
         803     1.40436     1.73779   0.0143756
         804     1.40391     1.73737   0.0143638
         805     1.40356     1.73696   0.0143519
         806     1.40331     1.73654   0.0143401
         807     1.40315     1.73613   0.0143282
         808     1.40309     1.73572   0.0143164
         809     1.40311     1.73531   0.0143046
         810     1.40323      1.7349   0.0142929
         811     1.40343     1.73449   0.0142811
         812     1.40371     1.73408   0.0142693
         813     1.40408     1.73367   0.0142575
         814     1.40452     1.73327   0.0142457
         815     1.40504     1.73287   0.0142339
         816     1.40564     1.73247   0.0142222
         817      1.4063     1.73207   0.0142103
         818     1.40703     1.73167   0.0141985
         819     1.40782     1.73127   0.0141867
         820     1.40868     1.73088   0.0141748
         821     1.40959     1.73049    0.014163
         822     1.41056      1.7301   0.0141511
         823     1.41158     1.72971   0.0141392
         824     1.41266     1.72933   0.0141273
         825     1.41378     1.72895   0.0141153
         826     1.41494     1.72857   0.0141034
         827     1.41615     1.72819   0.0140914
         828      1.4174     1.72781   0.0140793
         829     1.41869     1.72744   0.0140673
         830     1.42001     1.72707   0.0140552
         831     1.42137      1.7267   0.0140431
         832     1.42276     1.72634    0.014031
         833     1.42417     1.72597   0.0140188
         834     1.42562     1.72561   0.0140067
         835     1.42709     1.72526   0.0139944
         836     1.42859      1.7249   0.0139822
         837      1.4301     1.72455   0.0139699
         838     1.43164      1.7242   0.0139576
         839      1.4332     1.72385   0.0139453
         840     1.43477     1.72351   0.0139329
         841     1.43636     1.72317   0.0139206
         842     1.43796     1.72283   0.0139082
         843     1.43958     1.72249   0.0138957
         844     1.44121     1.72216   0.0138832
         845     1.44286     1.72183   0.0138707
         846     1.44451      1.7215   0.0138582
         847     1.44618     1.72118   0.0138457
         848     1.44785     1.72085   0.0138331
         849     1.44954     1.72053   0.0138205
         850     1.45123     1.72022   0.0138079
         851     1.45293      1.7199   0.0137952
         852     1.45464     1.71959   0.0137825
         853     1.45635     1.71928   0.0137698
         854     1.45807     1.71898   0.0137571
         855     1.45979     1.71867   0.0137444
         856     1.46152     1.71837   0.0137316
         857     1.46325     1.71808   0.0137188
         858     1.46498     1.71778    0.013706
         859     1.46672     1.71749   0.0136931
         860     1.46846      1.7172   0.0136803
         861      1.4702     1.71691   0.0136674
         862     1.47194     1.71663   0.0136545
         863     1.47368     1.71635   0.0136416
         864     1.47542     1.71607   0.0136286
         865     1.47716     1.71579   0.0136157
         866     1.47889     1.71552   0.0136027
         867     1.48063     1.71525   0.0135897
         868     1.48236     1.71498   0.0135767
         869     1.48409     1.71471   0.0135637
         870     1.48581     1.71445   0.0135506
         871     1.48753     1.71419   0.0135376
         872     1.48924     1.71393   0.0135245
         873     1.49095     1.71368   0.0135114
         874     1.49265     1.71342   0.0134983
         875     1.49434     1.71317   0.0134852
         876     1.49603     1.71292   0.0134721
         877     1.49771     1.71268    0.013459
         878     1.49937     1.71244   0.0134458
         879     1.50103      1.7122   0.0134327
         880     1.50267     1.71196   0.0134195
         881      1.5043     1.71172   0.0134064
         882     1.50591     1.71149   0.0133932
         883     1.50751     1.71126     0.01338
         884      1.5091     1.71103   0.0133669
         885     1.51067      1.7108   0.0133537
         886     1.51222     1.71058   0.0133405
         887     1.51376     1.71036   0.0133273
         888     1.51527     1.71014   0.0133141
         889     1.51676     1.70992   0.0133009
         890     1.51824      1.7097   0.0132877
         891     1.51969     1.70949   0.0132745
         892     1.52112     1.70928   0.0132613
         893     1.52253     1.70907   0.0132481
         894     1.52391     1.70886   0.0132349
         895     1.52526     1.70866   0.0132217
         896     1.52659     1.70845   0.0132085
         897     1.52789     1.70825   0.0131953
         898     1.52917     1.70805   0.0131821
         899     1.53042     1.70786   0.0131689
         900     1.53163     1.70766   0.0131558
         901     1.53282     1.70747   0.0131426
         902     1.53398     1.70727   0.0131294
         903      1.5351     1.70708   0.0131163
         904      1.5362     1.70689   0.0131031
         905     1.53725     1.70671     0.01309
         906     1.53827     1.70652   0.0130769
         907     1.53926     1.70634   0.0130637
         908     1.54021     1.70615   0.0130506
         909     1.54113     1.70597   0.0130375
         910       1.542     1.70579   0.0130245
         911     1.54284     1.70561   0.0130114
         912     1.54364     1.70544   0.0129983
         913      1.5444     1.70526   0.0129853
         914     1.54512     1.70508   0.0129723
         915     1.54579     1.70491   0.0129593
         916     1.54643     1.70474   0.0129463
         917     1.54702     1.70456   0.0129333
         918     1.54758     1.70439   0.0129203
         919     1.54808     1.70422   0.0129074
         920     1.54855     1.70405   0.0128945
         921     1.54897     1.70389   0.0128816
         922     1.54934     1.70372   0.0128687
         923     1.54967     1.70355   0.0128558
         924     1.54995     1.70339    0.012843
         925     1.55018     1.70322   0.0128302
         926     1.55037     1.70305   0.0128174
         927     1.55051     1.70289   0.0128046
         928     1.55061     1.70273   0.0127919
         929     1.55065     1.70256   0.0127791
         930     1.55065      1.7024   0.0127664
         931      1.5506     1.70224   0.0127538
         932      1.5505     1.70207   0.0127411
         933     1.55035     1.70191   0.0127285
         934     1.55015     1.70175   0.0127159
         935     1.54991     1.70159   0.0127034
         936     1.54961     1.70142   0.0126908
         937     1.54927     1.70126   0.0126783
         938     1.54888      1.7011   0.0126658
         939     1.54844     1.70094   0.0126534
         940     1.54796     1.70077    0.012641
         941     1.54742     1.70061   0.0126286
         942     1.54684     1.70045   0.0126162
         943     1.54621     1.70028   0.0126039
         944     1.54553     1.70012   0.0125916
         945     1.54481     1.69995   0.0125794
         946     1.54404     1.69979   0.0125672
         947     1.54322     1.69962    0.012555
         948     1.54236     1.69946   0.0125428
         949     1.54146     1.69929   0.0125307
         950     1.54052     1.69913   0.0125186
         951     1.53953     1.69896   0.0125066
         952      1.5385     1.69879   0.0124946
         953     1.53744     1.69862   0.0124826
         954     1.53633     1.69845   0.0124707
         955     1.53519     1.69828   0.0124588
         956     1.53401     1.69811    0.012447
         957     1.53279     1.69793   0.0124352
         958     1.53154     1.69776   0.0124234
         959     1.53026     1.69759   0.0124117
         960     1.52895     1.69741      0.0124
         961     1.52761     1.69723   0.0123884
         962     1.52625     1.69706   0.0123768
         963     1.52486     1.69688   0.0123652
         964     1.52344      1.6967   0.0123537
         965       1.522     1.69652   0.0123422
         966     1.52054     1.69633   0.0123308
         967     1.51906     1.69615   0.0123194
         968     1.51756     1.69597    0.012308
         969     1.51605     1.69578   0.0122967
         970     1.51453     1.69559   0.0122855
         971       1.513     1.69541   0.0122743
         972     1.51145     1.69522   0.0122631
         973      1.5099     1.69503    0.012252
         974     1.50835     1.69483   0.0122409
         975     1.50679     1.69464   0.0122298
         976     1.50523     1.69445   0.0122189
         977     1.50367     1.69425   0.0122079
         978     1.50212     1.69406    0.012197
         979     1.50057     1.69386   0.0121862
         980     1.49903     1.69366   0.0121753
         981      1.4975     1.69346   0.0121646
         982     1.49599     1.69326   0.0121538
         983     1.49449     1.69306   0.0121432
         984     1.49302     1.69285   0.0121325
         985     1.49156     1.69265   0.0121219
         986     1.49012     1.69244   0.0121114
         987     1.48872     1.69224   0.0121009
         988     1.48734     1.69203   0.0120904
         989     1.48599     1.69182     0.01208
         990     1.48467     1.69161   0.0120696
         991     1.48339      1.6914   0.0120592
         992     1.48215     1.69119   0.0120489
         993     1.48094     1.69098   0.0120386
         994     1.47978     1.69077   0.0120284
         995     1.47867     1.69055   0.0120182
         996      1.4776     1.69034    0.012008
         997     1.47659     1.69012   0.0119979
         998     1.47563     1.68991   0.0119878
         999     1.47472     1.68969   0.0119777
        1000     1.47386     1.68948   0.0119677
