           1    -4.68876    -4.68876           0
           2    -4.68814    -4.68845 0.000218356
           3    -4.68711    -4.68801 0.000392041
           4    -4.68567    -4.68742 0.000584089
           5    -4.68382     -4.6867 0.000795398
           6    -4.68156    -4.68585  0.00102504
           7    -4.67889    -4.68485  0.00127195
           8    -4.67581    -4.68372  0.00153517
           9    -4.67232    -4.68246  0.00181385
          10    -4.66841    -4.68105  0.00210728
          11    -4.66409    -4.67951  0.00241485
          12    -4.65935    -4.67783  0.00273603
          13     -4.6542    -4.67601  0.00307036
          14    -4.64864    -4.67406  0.00341744
          15    -4.64265    -4.67196  0.00377692
          16    -4.63624    -4.66973  0.00414849
          17    -4.62942    -4.66736  0.00453189
          18    -4.62216    -4.66485  0.00492688
          19    -4.61448     -4.6622  0.00533325
          20    -4.60637    -4.65941  0.00575081
          21    -4.59783    -4.65647  0.00617942
          22    -4.58886     -4.6534  0.00661892
          23    -4.57944    -4.65018  0.00706919
          24    -4.56959    -4.64683  0.00753013
          25    -4.55929    -4.64333  0.00800165
          26    -4.54831    -4.63967   0.0084875
          27    -4.53712    -4.63587  0.00898293
          28    -4.52547    -4.63193  0.00948809
          29    -4.51337    -4.62784   0.0100031
          30     -4.5008    -4.62361   0.0105279
          31    -4.48777    -4.61922   0.0110627
          32    -4.47402    -4.61469   0.0116104
          33     -4.4598    -4.60999   0.0121703
          34    -4.44535    -4.60515   0.0127393
          35    -4.42993    -4.60014   0.0133228
          36     -4.4145    -4.59499   0.0139149
          37    -4.39834    -4.58967   0.0145184
          38    -4.38169     -4.5842   0.0151329
          39    -4.36452    -4.57857   0.0157583
          40    -4.34661    -4.57277   0.0163967
          41    -4.32819     -4.5668   0.0170474
          42    -4.30948    -4.56068   0.0177082
          43    -4.28977    -4.55438    0.018383
          44    -4.27001    -4.54791   0.0190674
          45    -4.24899    -4.54127    0.019767
          46    -4.22767    -4.53445   0.0204792
          47    -4.20555    -4.52746   0.0212054
          48    -4.18337    -4.52029   0.0219419
          49    -4.16062    -4.51295   0.0226886
          50    -4.13705    -4.50543   0.0234473
          51    -4.11316    -4.49774   0.0242163
          52     -4.0882    -4.48986   0.0249985
          53    -4.06313    -4.48181   0.0257909
          54    -4.03794    -4.47359   0.0265909
          55    -4.01166    -4.46519   0.0274018
          56    -3.98429     -4.4566    0.028226
          57    -3.95702    -4.44784   0.0290597
          58    -3.92865    -4.43889   0.0299057
          59    -3.89964    -4.42975   0.0307638
          60    -3.86927    -4.42041   0.0316375
          61    -3.83849    -4.41087   0.0325253
          62    -3.80778    -4.40114   0.0334236
          63    -3.77616    -4.39122   0.0343338
          64    -3.74411    -4.38111   0.0352547
          65     -3.7109     -4.3708   0.0361887
          66    -3.67724    -4.36029   0.0371348
          67    -3.64314    -4.34958   0.0380919
          68    -3.60881    -4.33869   0.0390585
          69    -3.57305    -4.32759   0.0400376
          70    -3.53657    -4.31629   0.0410294
          71    -3.49986     -4.3048    0.042032
          72    -3.46265     -4.2931   0.0430449
          73    -3.42447     -4.2812   0.0440692
          74     -3.3853    -4.26909    0.045106
          75    -3.34539    -4.25678   0.0461554
          76    -3.30351    -4.24423   0.0472217
          77    -3.26257    -4.23149   0.0482987
          78    -3.22086    -4.21853   0.0493869
          79     -3.1779    -4.20536   0.0504879
          80    -3.13416    -4.19197   0.0516018
          81     -3.0894    -4.17835   0.0527295
          82     -3.0441    -4.16452   0.0538702
          83    -2.99826    -4.15047   0.0550232
          84    -2.95186     -4.1362   0.0561879
          85    -2.90443    -4.12171   0.0573652
          86    -2.85596    -4.10699   0.0585558
          87     -2.8067    -4.09205   0.0597597
          88    -2.75713    -4.07688   0.0609756
          89    -2.70628    -4.06148   0.0622048
          90    -2.65439    -4.04584   0.0634479
          91    -2.60219    -4.02998   0.0647036
          92    -2.54944    -4.01389   0.0659712
          93    -2.49518    -3.99755   0.0672526
          94    -2.44038    -3.98099   0.0685471
          95    -2.38527    -3.96419   0.0698532
          96    -2.32988    -3.94717   0.0711698
          97    -2.27324    -3.92991   0.0724982
          98    -2.21559    -3.91242   0.0738387
          99    -2.15744    -3.89469   0.0751907
         100    -2.09831    -3.87673   0.0765546
         101    -2.03845    -3.85853   0.0779302
         102    -1.97811    -3.84009   0.0793168
         103    -1.91732    -3.82142   0.0807136
         104    -1.85559    -3.80252    0.082121
         105    -1.79319    -3.78338   0.0835388
         106    -1.73014    -3.76401   0.0849667
         107    -1.66598    -3.74441   0.0864055
         108    -1.60215    -3.72457   0.0878527
         109    -1.53726     -3.7045   0.0893092
         110    -1.47155     -3.6842    0.090775
         111    -1.40602    -3.66368   0.0922483
         112    -1.33972    -3.64293   0.0937292
         113    -1.27293    -3.62196   0.0952174
         114    -1.20542    -3.60076    0.096713
         115    -1.13675    -3.57933   0.0982167
         116    -1.06887    -3.55769   0.0997259
         117   -0.999889    -3.53583    0.101241
         118   -0.931043    -3.51376    0.102762
         119   -0.861883    -3.49147    0.104287
         120   -0.792441    -3.46898    0.105815
         121   -0.722515    -3.44628    0.107348
         122   -0.652622    -3.42338    0.108883
         123   -0.582317    -3.40028     0.11042
         124    -0.51236    -3.37699    0.111959
         125   -0.441586    -3.35351    0.113499
         126   -0.370277    -3.32983    0.115041
         127   -0.299675    -3.30597    0.116584
         128   -0.228618    -3.28193    0.118126
         129   -0.158109    -3.25772    0.119666
         130  -0.0877072    -3.23333    0.121205
         131  -0.0176969    -3.20879     0.12274
         132   0.0518801    -3.18408    0.124271
         133    0.121462    -3.15923    0.125798
         134     0.19053    -3.13423    0.127318
         135    0.260006    -3.10909    0.128834
         136    0.329609     -3.0838    0.130344
         137    0.397371    -3.05839    0.131846
         138      0.4659    -3.03286    0.133341
         139    0.533472     -3.0072    0.134828
         140    0.600288    -2.98143    0.136305
         141     0.66631    -2.95556    0.137771
         142    0.732223    -2.92959    0.139227
         143     0.79751    -2.90353    0.140672
         144    0.862136    -2.87738    0.142105
         145    0.925584    -2.85115    0.143525
         146    0.989262    -2.82484    0.144932
         147     1.05242    -2.79847    0.146327
         148     1.11406    -2.77203    0.147707
         149     1.17439    -2.74555    0.149071
         150     1.23434    -2.71901     0.15042
         151     1.29366    -2.69244    0.151753
         152     1.35135    -2.66584    0.153069
         153     1.40858    -2.63921    0.154368
         154     1.46486    -2.61256    0.155649
         155      1.5204    -2.58589    0.156912
         156     1.57445    -2.55922    0.158156
         157     1.62797    -2.53255    0.159381
         158     1.68021    -2.50589    0.160587
         159     1.73139    -2.47924    0.161774
         160     1.78126    -2.45261    0.162939
         161     1.83077    -2.42601    0.164085
         162      1.8787    -2.39944     0.16521
         163     1.92553     -2.3729    0.166313
         164     1.97123    -2.34641    0.167395
         165     2.01653    -2.31997    0.168456
         166     2.05997    -2.29359    0.169495
         167     2.10276    -2.26726    0.170512
         168     2.14392      -2.241    0.171507
         169      2.1837    -2.21482    0.172479
         170     2.22208    -2.18872    0.173428
         171      2.2598    -2.16271    0.174354
         172     2.29589    -2.13679    0.175257
         173      2.3306    -2.11096    0.176136
         174      2.3644    -2.08524    0.176991
         175     2.39779    -2.05962    0.177824
         176     2.42956    -2.03412    0.178634
         177     2.46021    -2.00873     0.17942
         178     2.48974    -1.98345    0.180183
         179     2.51792    -1.95831    0.180923
         180     2.54596    -1.93328     0.18164
         181     2.57267    -1.90839    0.182335
         182     2.59807    -1.88363    0.183006
         183     2.62192    -1.85901    0.183655
         184     2.64472    -1.83453    0.184281
         185     2.66625     -1.8102    0.184884
         186     2.68698    -1.78602    0.185464
         187     2.70743    -1.76199    0.186022
         188     2.72593    -1.73812    0.186558
         189     2.74441    -1.71441    0.187072
         190     2.76194    -1.69085    0.187566
         191     2.77804    -1.66745    0.188037
         192     2.79346    -1.64421    0.188488
         193     2.80773    -1.62115    0.188917
         194     2.82161    -1.59825    0.189326
         195     2.83413    -1.57552    0.189715
         196     2.84629    -1.55296    0.190084
         197     2.85739    -1.53057    0.190433
         198     2.86743    -1.50836    0.190762
         199     2.87669    -1.48632    0.191072
         200     2.88519    -1.46446    0.191363
         201     2.89246    -1.44279    0.191634
         202     2.89948    -1.42129    0.191887
         203     2.90604    -1.39997    0.192123
         204     2.91193    -1.37884     0.19234
         205     2.91691    -1.35788     0.19254
         206     2.92101    -1.33711    0.192722
         207     2.92449    -1.31652    0.192888
         208     2.92786    -1.29612    0.193037
         209     2.93041     -1.2759     0.19317
         210     2.93265    -1.25585    0.193287
         211     2.93459    -1.23599    0.193388
         212     2.93578    -1.21632    0.193474
         213     2.93647    -1.19682    0.193546
         214     2.93646    -1.17751    0.193603
         215     2.93623    -1.15837    0.193646
         216     2.93509    -1.13942    0.193674
         217     2.93378    -1.12065    0.193689
         218     2.93256    -1.10206    0.193691
         219     2.93001    -1.08365     0.19368
         220     2.92783    -1.06541    0.193656
         221     2.92532    -1.04735    0.193619
         222     2.92273    -1.02947    0.193571
         223     2.91962    -1.01176    0.193512
         224     2.91647   -0.994225    0.193441
         225     2.91282   -0.976861    0.193359
         226     2.90893   -0.959667    0.193266
         227     2.90435   -0.942645    0.193163
         228      2.8998   -0.925792     0.19305
         229      2.8953   -0.909106    0.192926
         230     2.89039   -0.892586    0.192794
         231     2.88509   -0.876233    0.192651
         232     2.88013   -0.860042      0.1925
         233     2.87504   -0.844011     0.19234
         234     2.87056   -0.828137    0.192172
         235      2.8655   -0.812419    0.191996
         236     2.85964    -0.79686    0.191812
         237     2.85418   -0.781455     0.19162
         238     2.84866   -0.766202    0.191421
         239     2.84308   -0.751101    0.191215
         240      2.8377   -0.736147    0.191002
         241     2.83181   -0.721342    0.190783
         242     2.82589   -0.706684    0.190556
         243     2.82092   -0.692168    0.190324
         244     2.81472   -0.677795    0.190086
         245       2.809   -0.663563    0.189842
         246     2.80304   -0.649471    0.189593
         247     2.79684   -0.635519    0.189338
         248     2.79137     -0.6217    0.189078
         249      2.7859   -0.608015    0.188813
         250      2.7802   -0.594462    0.188544
         251     2.77499   -0.581038     0.18827
         252     2.76931   -0.567743    0.187992
         253     2.76412   -0.554574     0.18771
         254     2.75845    -0.54153    0.187423
         255     2.75254   -0.528613    0.187133
         256     2.74735   -0.515816    0.186839
         257     2.74192    -0.50314    0.186541
         258     2.73624   -0.490584     0.18624
         259      2.7303   -0.478148    0.185936
         260     2.72435   -0.465831    0.185628
         261     2.71885   -0.453629    0.185318
         262     2.71307   -0.441542    0.185004
         263      2.7075   -0.429569    0.184688
         264     2.70188   -0.417707    0.184369
         265     2.69597   -0.405958    0.184047
         266     2.68999   -0.394319    0.183723
         267     2.68347   -0.382791    0.183396
         268     2.67663   -0.371376    0.183067
         269     2.67043   -0.360068    0.182735
         270     2.66366   -0.348869    0.182401
         271     2.65703   -0.337777    0.182065
         272      2.6503   -0.326791    0.181727
         273     2.64394    -0.31591    0.181386
         274     2.63675   -0.305134    0.181044
         275     2.62992   -0.294461      0.1807
         276     2.62225   -0.283893    0.180354
         277     2.61493   -0.273428    0.180007
         278     2.60773   -0.263064    0.179657
         279      2.6004   -0.252801    0.179306
         280     2.59318   -0.242636    0.178954
         281     2.58631   -0.232569      0.1786
         282     2.57883   -0.222599    0.178244
         283     2.57073   -0.212729    0.177888
         284     2.56251   -0.202957     0.17753
         285     2.55441   -0.193282     0.17717
         286     2.54643   -0.183703    0.176809
         287     2.53785    -0.17422    0.176447
         288      2.5294   -0.164832    0.176084
         289     2.52133   -0.155538     0.17572
         290     2.51245   -0.146338    0.175355
         291     2.50419   -0.137229    0.174989
         292     2.49585   -0.128212    0.174622
         293     2.48672   -0.119287    0.174254
         294     2.47752   -0.110455    0.173885
         295     2.46899   -0.101711    0.173515
         296      2.4597  -0.0930573    0.173144
         297     2.45061  -0.0844928    0.172773
         298     2.44078  -0.0760187    0.172401
         299      2.4319   -0.067631    0.172028
         300     2.42302  -0.0593289    0.171655
         301      2.4139  -0.0511121    0.171281
         302     2.40433  -0.0429815    0.170907
         303     2.39479  -0.0349361    0.170532
         304     2.38602  -0.0269724    0.170157
         305     2.37633  -0.0190927    0.169782
         306     2.36768  -0.0112929    0.169406
         307     2.35861 -0.00357329     0.16903
         308     2.34964  0.00406701    0.168654
         309     2.34076   0.0116291    0.168277
         310     2.33271   0.0191165    0.167901
         311     2.32357   0.0265263    0.167524
         312     2.31576   0.0338636    0.167148
         313     2.30808   0.0411294    0.166772
         314     2.30006   0.0483235    0.166396
         315     2.29219   0.0554469     0.16602
         316     2.28448   0.0625008    0.165644
         317     2.27668   0.0694856    0.165269
         318     2.26882   0.0764017    0.164894
         319     2.26234   0.0832542    0.164519
         320     2.25531   0.0900419    0.164145
         321     2.24872   0.0967667    0.163772
         322     2.24183    0.103428    0.163398
         323     2.23537    0.110029    0.163026
         324     2.22912    0.116569    0.162654
         325     2.22307    0.123051    0.162282
         326     2.21771    0.129476    0.161912
         327     2.21256    0.135846    0.161542
         328     2.20786    0.142164    0.161173
         329     2.20289    0.148427    0.160805
         330      2.1979    0.154638    0.160437
         331     2.19289    0.160796    0.160071
         332     2.18834    0.166903    0.159705
         333     2.18352    0.172959     0.15934
         334     2.17941    0.178966    0.158976
         335     2.17601    0.184927    0.158613
         336     2.17186    0.190841    0.158252
         337     2.16818    0.196708    0.157891
         338     2.16497    0.202531    0.157531
         339     2.16174    0.208311    0.157172
         340     2.15945    0.214049    0.156815
         341     2.15643    0.219746    0.156458
         342     2.15412    0.225402    0.156103
         343     2.15178    0.231018    0.155749
         344      2.1492    0.236594    0.155396
         345     2.14779    0.242134    0.155044
         346     2.14638    0.247637    0.154694
         347     2.14519    0.253106    0.154345
         348     2.14423     0.25854    0.153997
         349     2.14349    0.263941     0.15365
         350     2.14274    0.269309    0.153305
         351     2.14222    0.274645    0.152961
         352     2.14217     0.27995    0.152618
         353     2.14258    0.285227    0.152277
         354     2.14274    0.290474    0.151937
         355     2.14313    0.295693    0.151599
         356     2.14374    0.300884    0.151262
         357     2.14483    0.306049    0.150926
         358     2.14638     0.31119    0.150592
         359     2.14745    0.316305     0.15026
         360     2.14898    0.321396    0.149929
         361     2.15123    0.326464    0.149599
         362     2.15323    0.331511    0.149271
         363      2.1557    0.336536    0.148944
         364     2.15865    0.341542    0.148619
         365     2.16183    0.346529    0.148296
         366     2.16524    0.351498    0.147974
         367     2.16841    0.356449    0.147653
         368     2.17277    0.361384    0.147334
         369     2.17689    0.366304    0.147017
         370     2.18123     0.37121    0.146702
         371     2.18461    0.376097    0.146388
         372     2.18941    0.380972    0.146075
         373     2.19445    0.385834    0.145765
         374     2.19971    0.390684    0.145456
         375     2.20496    0.395522    0.145148
         376     2.21044    0.400349    0.144842
         377     2.21589    0.405165    0.144538
         378     2.22181     0.40997    0.144236
         379     2.22866    0.414769    0.143935
         380     2.23549    0.419561    0.143636
         381     2.24204    0.424344    0.143338
         382     2.24927    0.429121    0.143043
         383     2.25646    0.433892    0.142749
         384      2.2636    0.438657    0.142457
         385     2.27117    0.443417    0.142166
         386     2.27868    0.448172    0.141877
         387     2.28636    0.452921     0.14159
         388     2.29444    0.457668    0.141305
         389      2.3022    0.462409    0.141021
         390     2.31059    0.467148    0.140739
         391     2.31936    0.471885    0.140459
         392     2.32754    0.476619     0.14018
         393     2.33559    0.481349    0.139903
         394     2.34447    0.486078    0.139628
         395     2.35272    0.490804    0.139355
         396     2.36226     0.49553    0.139083
         397     2.37139    0.500255    0.138813
         398     2.38058    0.504979    0.138544
         399     2.38982    0.509703    0.138278
         400     2.39885    0.514426    0.138013
         401      2.4079    0.519148    0.137749
         402      2.4172    0.523869    0.137487
         403     2.42649    0.528591    0.137227
         404     2.43575    0.533311    0.136969
         405     2.44498    0.538031    0.136712
         406     2.45464    0.542752    0.136457
         407     2.46423    0.547473    0.136203
         408     2.47254    0.552191    0.135951
         409     2.48147    0.556909      0.1357
         410     2.49053    0.561625    0.135451
         411     2.49899    0.566338    0.135204
         412     2.50682    0.571048    0.134957
         413      2.5145    0.575754    0.134713
         414     2.52322    0.580458    0.134469
         415     2.53127    0.585159    0.134228
         416     2.53912    0.589856    0.133987
         417     2.54677    0.594549    0.133748
         418      2.5542    0.599237     0.13351
         419     2.56115    0.603919    0.133273
         420     2.56786    0.608595    0.133038
         421     2.57504    0.613266    0.132804
         422     2.58147     0.61793    0.132571
         423     2.58738    0.622586     0.13234
         424     2.59301    0.627233    0.132109
         425     2.59859    0.631872     0.13188
         426     2.60362      0.6365    0.131651
         427     2.60787    0.641117    0.131424
         428     2.61156    0.645721    0.131197
         429     2.61564    0.650313    0.130972
         430     2.61868     0.65489    0.130747
         431     2.62139    0.659453    0.130524
         432       2.624    0.664001    0.130301
         433     2.62652    0.668533    0.130078
         434     2.62822    0.673048    0.129857
         435      2.6303    0.677548    0.129637
         436     2.63203    0.682031    0.129417
         437     2.63342    0.686496    0.129198
         438     2.63399    0.690942    0.128979
         439     2.63469     0.69537    0.128761
         440     2.63458    0.699777    0.128544
         441     2.63461    0.704165    0.128327
         442     2.63478    0.708533    0.128111
         443     2.63414    0.712879    0.127896
         444     2.63244    0.717203    0.127681
         445      2.6309    0.721503    0.127466
         446     2.62904     0.72578    0.127252
         447     2.62637    0.730032    0.127039
         448     2.62412     0.73426    0.126825
         449     2.62107    0.738462    0.126613
         450     2.61868     0.74264      0.1264
         451     2.61575    0.746794    0.126188
         452     2.61229    0.750921    0.125976
         453     2.60805     0.75502    0.125765
         454     2.60498    0.759095    0.125554
         455     2.60019    0.763142    0.125343
         456     2.59536     0.76716    0.125133
         457     2.59027    0.771149    0.124922
         458     2.58541     0.77511    0.124712
         459     2.58005    0.779043    0.124503
         460     2.57372    0.782944    0.124293
         461      2.5686    0.786817    0.124084
         462     2.56252    0.790661    0.123875
         463     2.55621    0.794474    0.123666
         464     2.54945    0.798257    0.123457
         465     2.54271    0.802008    0.123249
         466     2.53576    0.805729     0.12304
         467     2.52861    0.809418    0.122832
         468     2.52127    0.813076    0.122624
         469     2.51326    0.816701    0.122416
         470     2.50555    0.820294    0.122209
         471      2.4979    0.823856    0.122001
         472     2.48985    0.827385    0.121794
         473     2.48187    0.830883    0.121586
         474     2.47374    0.834349    0.121379
         475      2.4657    0.837784    0.121172
         476     2.45704    0.841185    0.120965
         477     2.44872    0.844556    0.120759
         478     2.44003    0.847893    0.120552
         479     2.43074    0.851198    0.120346
         480     2.42133    0.854469     0.12014
         481     2.41253    0.857708    0.119933
         482     2.40291    0.860914    0.119727
         483     2.39343    0.864087    0.119522
         484      2.3841    0.867227    0.119316
         485     2.37469    0.870336     0.11911
         486     2.36497    0.873411    0.118905
         487     2.35493    0.876453      0.1187
         488     2.34484    0.879462    0.118495
         489     2.33469    0.882438     0.11829
         490     2.32449    0.885381    0.118085
         491     2.31426    0.888291     0.11788
         492     2.30351    0.891168    0.117676
         493     2.29275    0.894011    0.117471
         494     2.28293    0.896822    0.117267
         495     2.27238    0.899601    0.117063
         496     2.26208    0.902348    0.116859
         497     2.25203    0.905064    0.116656
         498     2.24176    0.907748    0.116453
         499     2.23176    0.910401    0.116249
         500      2.2218    0.913024    0.116046
         501     2.21213    0.915617    0.115844
         502     2.20204     0.91818    0.115641
         503     2.19202    0.920712    0.115439
         504     2.18209    0.923215    0.115237
         505     2.17272    0.925689    0.115036
         506     2.16322    0.928135    0.114834
         507     2.15431    0.930553    0.114633
         508      2.1448    0.932943    0.114433
         509     2.13543    0.935306    0.114232
         510     2.12692    0.937642    0.114032
         511     2.11809    0.939952    0.113832
         512     2.10943    0.942237    0.113633
         513     2.10096    0.944495    0.113434
         514     2.09243    0.946729    0.113235
         515     2.08434    0.948938    0.113037
         516     2.07671    0.951123    0.112839
         517     2.06907    0.953286    0.112641
         518      2.0619    0.955426    0.112444
         519     2.05474    0.957544    0.112247
         520     2.04759     0.95964    0.112051
         521     2.04072    0.961715    0.111855
         522     2.03411     0.96377     0.11166
         523     2.02756    0.965804    0.111465
         524     2.02226     0.96782     0.11127
         525     2.01679    0.969818    0.111076
         526      2.0114    0.971798    0.110883
         527     2.00729    0.973763     0.11069
         528     2.00351    0.975713    0.110497
         529     1.99934    0.977648    0.110305
         530     1.99553    0.979569    0.110114
         531     1.99206    0.981475    0.109923
         532      1.9892     0.98337    0.109733
         533     1.98598    0.985251    0.109543
         534     1.98313    0.987119    0.109354
         535     1.98185    0.988979    0.109165
         536        1.98    0.990828    0.108977
         537     1.97877    0.992667     0.10879
         538     1.97792    0.994499    0.108603
         539     1.97698    0.996322    0.108417
         540     1.97716    0.998138    0.108231
         541     1.97773    0.999949    0.108046
         542     1.97869     1.00175    0.107862
         543     1.97908     1.00355    0.107679
         544     1.98083     1.00535    0.107496
         545     1.98298     1.00714    0.107313
         546     1.98552     1.00894    0.107132
         547     1.98846     1.01073    0.106951
         548     1.99179     1.01252    0.106771
         549     1.99504     1.01431    0.106591
         550     1.99915      1.0161    0.106412
         551     2.00317     1.01789    0.106234
         552     2.00782     1.01968    0.106057
         553     2.01236     1.02148    0.105881
         554     2.01872     1.02328    0.105705
         555     2.02449     1.02508     0.10553
         556     2.03015     1.02689    0.105355
         557     2.03665      1.0287    0.105182
         558     2.04398     1.03052    0.105009
         559     2.05094     1.03235    0.104837
         560     2.05849     1.03418    0.104666
         561     2.06637     1.03602    0.104495
         562     2.07483     1.03787    0.104326
         563     2.08312     1.03972    0.104157
         564      2.0922     1.04159    0.103989
         565     2.10111     1.04347    0.103822
         566     2.11031     1.04535    0.103656
         567     2.12003     1.04725     0.10349
         568     2.12954     1.04915    0.103325
         569     2.14003     1.05107    0.103162
         570     2.15029       1.053    0.102999
         571     2.16127     1.05494    0.102837
         572     2.17246     1.05689    0.102675
         573     2.18338     1.05886    0.102515
         574     2.19521     1.06084    0.102356
         575     2.20698     1.06283    0.102197
         576     2.21867     1.06484    0.102039
         577      2.2305     1.06686    0.101882
         578     2.24197     1.06889    0.101726
         579     2.25402     1.07094    0.101571
         580     2.26616       1.073    0.101417
         581     2.27861     1.07507    0.101264
         582     2.29086     1.07716    0.101111
         583     2.30338     1.07927     0.10096
         584     2.31589     1.08138    0.100809
         585     2.32815     1.08351    0.100659
         586     2.34012     1.08566     0.10051
         587      2.3525     1.08782    0.100362
         588     2.36454     1.08999    0.100215
         589     2.37646     1.09217    0.100069
         590     2.38896     1.09437   0.0999232
         591     2.40057     1.09658   0.0997786
         592      2.4115      1.0988   0.0996347
         593     2.42292     1.10103   0.0994917
         594     2.43385     1.10328   0.0993495
         595     2.44451     1.10553   0.0992081
         596     2.45534      1.1078   0.0990675
         597     2.46512     1.11007   0.0989277
         598     2.47501     1.11235   0.0987886
         599     2.48404     1.11464   0.0986502
         600     2.49314     1.11694   0.0985125
         601      2.5018     1.11925   0.0983756
         602     2.50951     1.12155   0.0982392
         603     2.51698     1.12387   0.0981036
         604     2.52345     1.12619   0.0979685
         605     2.52987     1.12851   0.0978341
         606     2.53573     1.13083   0.0977002
         607     2.54173     1.13315   0.0975669
         608     2.54666     1.13548   0.0974341
         609     2.55025      1.1378   0.0973018
         610     2.55418     1.14012     0.09717
         611     2.55699     1.14244   0.0970386
         612     2.55914     1.14476   0.0969076
         613     2.56063     1.14707   0.0967771
         614     2.56146     1.14937   0.0966469
         615     2.56161     1.15167    0.096517
         616     2.56181     1.15395   0.0963875
         617     2.56085     1.15624   0.0962582
         618     2.55898      1.1585   0.0961292
         619     2.55643     1.16076   0.0960004
         620     2.55372     1.16301   0.0958719
         621     2.55011     1.16524   0.0957435
         622     2.54562     1.16746   0.0956153
         623     2.54051     1.16967   0.0954872
         624     2.53408     1.17185   0.0953592
         625     2.52778     1.17402   0.0952313
         626     2.52067     1.17617   0.0951035
         627     2.51374     1.17831   0.0949757
         628     2.50653     1.18042   0.0948481
         629      2.4981     1.18252   0.0947204
         630     2.48921     1.18459   0.0945928
         631     2.47987     1.18664   0.0944651
         632     2.47036     1.18868   0.0943375
         633     2.45998     1.19068   0.0942098
         634     2.44949     1.19267   0.0940821
         635      2.4377     1.19463   0.0939544
         636     2.42633     1.19657   0.0938266
         637     2.41494     1.19848   0.0936988
         638     2.40329     1.20037    0.093571
         639      2.3912     1.20223   0.0934431
         640     2.37915     1.20407   0.0933152
         641     2.36646     1.20588   0.0931873
         642      2.3541     1.20767   0.0930593
         643     2.34164     1.20944   0.0929313
         644      2.3286     1.21117   0.0928032
         645     2.31622     1.21289   0.0926751
         646     2.30331     1.21457    0.092547
         647     2.29086     1.21624   0.0924189
         648     2.27791     1.21788   0.0922908
         649      2.2645     1.21949   0.0921627
         650     2.25111     1.22108   0.0920346
         651     2.23897     1.22264   0.0919065
         652     2.22617     1.22418   0.0917784
         653     2.21393     1.22569   0.0916504
         654     2.20178     1.22719   0.0915224
         655      2.1895     1.22866   0.0913945
         656     2.17733      1.2301   0.0912666
         657     2.16554     1.23153   0.0911388
         658     2.15365     1.23293   0.0910111
         659      2.1424     1.23431   0.0908834
         660     2.13107     1.23567   0.0907559
         661     2.11968       1.237   0.0906284
         662      2.1092     1.23832   0.0905011
         663     2.09844     1.23962   0.0903739
         664      2.0879      1.2409   0.0902468
         665     2.07685     1.24215   0.0901199
         666     2.06723     1.24339   0.0899931
         667     2.05714     1.24461   0.0898664
         668     2.04682     1.24581   0.0897399
         669       2.037       1.247   0.0896136
         670     2.02794     1.24816   0.0894874
         671     2.01868     1.24931   0.0893614
         672     2.00972     1.25044   0.0892356
         673     2.00106     1.25156   0.0891099
         674     1.99297     1.25266   0.0889845
         675      1.9852     1.25374   0.0888593
         676     1.97777     1.25481   0.0887343
         677     1.96973     1.25587   0.0886095
         678     1.96301     1.25691    0.088485
         679      1.9569     1.25794   0.0883607
         680     1.95142     1.25896   0.0882366
         681     1.94632     1.25997   0.0881128
         682     1.94138     1.26097   0.0879893
         683     1.93636     1.26196    0.087866
         684     1.93177     1.26294    0.087743
         685      1.9276     1.26391   0.0876203
         686      1.9241     1.26487   0.0874978
         687     1.92106     1.26583   0.0873757
         688     1.91846     1.26678   0.0872538
         689     1.91656     1.26772   0.0871323
         690     1.91464     1.26866   0.0870111
         691     1.91392     1.26959   0.0868902
         692     1.91295     1.27052   0.0867696
         693      1.9127     1.27145   0.0866493
         694      1.9127     1.27237   0.0865294
         695     1.91342     1.27329   0.0864098
         696     1.91415     1.27421   0.0862905
         697     1.91633     1.27513   0.0861717
         698     1.91829     1.27606   0.0860531
         699     1.92074     1.27698    0.085935
         700     1.92392      1.2779   0.0858172
         701     1.92735     1.27883   0.0856997
         702      1.9315     1.27976   0.0855827
         703      1.9359     1.28069   0.0854661
         704     1.94174     1.28163   0.0853498
         705     1.94758     1.28258    0.085234
         706     1.95389     1.28353   0.0851186
         707     1.95994     1.28448   0.0850035
         708     1.96716     1.28545   0.0848889
         709     1.97435     1.28642   0.0847748
         710     1.98271      1.2874    0.084661
         711     1.99077     1.28839   0.0845478
         712      1.9995     1.28939   0.0844349
         713     2.00911      1.2904   0.0843225
         714     2.01816     1.29142   0.0842106
         715     2.02783     1.29245   0.0840991
         716      2.0386     1.29349   0.0839881
         717     2.04926     1.29454   0.0838776
         718      2.0605     1.29561   0.0837675
         719     2.07208     1.29669    0.083658
         720     2.08422     1.29778    0.083549
         721     2.09619     1.29889   0.0834404
         722     2.10893     1.30001   0.0833324
         723     2.12148     1.30115   0.0832249
         724     2.13429      1.3023   0.0831179
         725      2.1476     1.30347   0.0830114
         726     2.16091     1.30465   0.0829055
         727     2.17444     1.30584   0.0828001
         728     2.18844     1.30706   0.0826952
         729     2.20191     1.30828   0.0825909
         730     2.21629     1.30953   0.0824871
         731     2.23013     1.31079   0.0823839
         732     2.24461     1.31206   0.0822812
         733     2.25998     1.31336   0.0821791
         734     2.27452     1.31466   0.0820776
         735     2.28968     1.31599   0.0819766
         736     2.30497     1.31733   0.0818763
         737     2.31989      1.3187   0.0817765
         738     2.33539     1.32007   0.0816773
         739     2.35099     1.32147   0.0815787
         740     2.36595     1.32288   0.0814806
         741     2.38172     1.32431   0.0813832
         742     2.39733     1.32575   0.0812864
         743     2.41324     1.32722   0.0811901
         744     2.42896      1.3287   0.0810945
         745     2.44498      1.3302   0.0809995
         746      2.4608     1.33171   0.0809051
         747      2.4769     1.33325   0.0808113
         748     2.49255      1.3348   0.0807181
         749      2.5087     1.33636   0.0806256
         750     2.52463     1.33795   0.0805336
         751     2.54056     1.33955   0.0804423
         752     2.55626     1.34117   0.0803516
         753     2.57243      1.3428   0.0802616
         754     2.58859     1.34445   0.0801721
         755     2.60424     1.34612   0.0800833
         756     2.62035     1.34781   0.0799951
         757     2.63642     1.34951   0.0799075
         758     2.65244     1.35123   0.0798206
         759     2.66864     1.35296   0.0797343
         760      2.6843     1.35472   0.0796486
         761     2.69988     1.35648   0.0795636
         762     2.71537     1.35827   0.0794791
         763     2.73077     1.36007   0.0793953
         764     2.74654     1.36188   0.0793121
         765     2.76147     1.36371   0.0792296
         766     2.77627     1.36555   0.0791476
         767     2.79141     1.36741   0.0790662
         768     2.80591     1.36929   0.0789855
         769     2.82048     1.37117   0.0789053
         770     2.83463     1.37307   0.0788257
         771     2.84908     1.37499   0.0787467
         772     2.86307     1.37692   0.0786683
         773     2.87636     1.37886   0.0785904
         774     2.88967     1.38081   0.0785131
         775     2.90273     1.38277   0.0784364
         776     2.91554     1.38475   0.0783602
         777     2.92808     1.38673   0.0782845
         778     2.94034     1.38873   0.0782093
         779     2.95278     1.39074   0.0781347
         780     2.96493     1.39276   0.0780606
         781     2.97651     1.39478    0.077987
         782     2.98753     1.39682   0.0779138
         783     2.99918     1.39887   0.0778412
         784     3.01024     1.40092    0.077769
         785     3.02046     1.40299   0.0776973
         786     3.03008     1.40506   0.0776261
         787     3.03956     1.40713   0.0775552
         788     3.04891     1.40922   0.0774848
         789     3.05666      1.4113   0.0774147
         790     3.06475      1.4134    0.077345
         791     3.07291      1.4155   0.0772756
         792     3.08044      1.4176   0.0772067
         793     3.08732      1.4197    0.077138
         794     3.09428     1.42181   0.0770697
         795     3.10058     1.42392   0.0770017
         796     3.10647     1.42604   0.0769339
         797      3.1122     1.42815   0.0768665
         798     3.11751     1.43027   0.0767993
         799     3.12218     1.43239   0.0767324
         800      3.1262     1.43451   0.0766657
         801     3.13005     1.43662   0.0765992
         802     3.13351     1.43874   0.0765329
         803     3.13682     1.44085   0.0764668
         804     3.14022     1.44297   0.0764009
         805     3.14275     1.44508   0.0763351
         806     3.14442     1.44719   0.0762695
         807     3.14597     1.44929   0.0762041
         808     3.14691     1.45139   0.0761387
         809     3.14726     1.45349   0.0760735
         810     3.14798     1.45558   0.0760083
         811     3.14813     1.45767   0.0759432
         812     3.14795     1.45975   0.0758782
         813     3.14745     1.46182   0.0758133
         814     3.14664     1.46389   0.0757484
         815     3.14554     1.46596   0.0756836
         816     3.14439     1.46801   0.0756188
         817     3.14368     1.47007    0.075554
         818     3.14151     1.47211   0.0754893
         819     3.13883     1.47414   0.0754245
         820     3.13664     1.47617   0.0753598
         821     3.13348     1.47819    0.075295
         822     3.13083      1.4802   0.0752303
         823     3.12819      1.4822   0.0751655
         824     3.12535      1.4842   0.0751007
         825     3.12184     1.48618   0.0750359
         826     3.11814     1.48816   0.0749711
         827     3.11378     1.49012   0.0749062
         828     3.11069     1.49208   0.0748413
         829     3.10648     1.49403   0.0747763
         830     3.10236     1.49597   0.0747114
         831     3.09762     1.49789   0.0746463
         832     3.09346     1.49981   0.0745812
         833     3.08845     1.50172   0.0745161
         834     3.08308     1.50361   0.0744508
         835     3.07831      1.5055   0.0743856
         836      3.0732     1.50738   0.0743202
         837     3.06775     1.50924   0.0742548
         838     3.06196     1.51109   0.0741893
         839     3.05633     1.51293   0.0741237
         840     3.05085     1.51477   0.0740581
         841     3.04505     1.51658   0.0739924
         842     3.03991     1.51839   0.0739266
         843     3.03421     1.52019   0.0738608
         844     3.02868     1.52198   0.0737949
         845     3.02358     1.52376    0.073729
         846     3.01818     1.52552    0.073663
         847     3.01272     1.52728   0.0735969
         848     3.00649     1.52902   0.0735308
         849     3.00045     1.53076   0.0734646
         850     2.99437     1.53248   0.0733984
         851     2.98826     1.53419   0.0733321
         852     2.98234     1.53589   0.0732657
         853     2.97639     1.53758   0.0731992
         854     2.96993     1.53925   0.0731327
         855     2.96416     1.54092   0.0730662
         856     2.95741     1.54258   0.0729996
         857     2.95111     1.54422   0.0729329
         858     2.94455     1.54585   0.0728662
         859     2.93822     1.54747   0.0727994
         860     2.93187     1.54908   0.0727325
         861     2.92551     1.55068   0.0726656
         862      2.9189     1.55227   0.0725986
         863     2.91228     1.55384   0.0725316
         864      2.9059     1.55541   0.0724645
         865     2.89953     1.55696   0.0723974
         866     2.89363     1.55851   0.0723303
         867     2.88726     1.56004   0.0722631
         868      2.8809     1.56156   0.0721958
         869     2.87431     1.56307   0.0721286
         870     2.86821     1.56457   0.0720613
         871     2.86262     1.56606   0.0719939
         872     2.85656     1.56754   0.0719266
         873     2.85005     1.56901   0.0718592
         874     2.84452     1.57047   0.0717918
         875     2.83782     1.57192   0.0717244
         876     2.83164     1.57336   0.0716569
         877     2.82525     1.57478   0.0715894
         878     2.81938      1.5762   0.0715219
         879     2.81308     1.57761   0.0714544
         880     2.80707     1.57901   0.0713868
         881     2.80135     1.58039   0.0713193
         882     2.79592     1.58177   0.0712517
         883     2.79056     1.58314   0.0711842
         884     2.78477      1.5845   0.0711166
         885     2.77905     1.58585   0.0710491
         886     2.77364     1.58719   0.0709816
         887     2.76782     1.58852    0.070914
         888     2.76256     1.58984   0.0708465
         889     2.75786     1.59116    0.070779
         890       2.753     1.59246   0.0707115
         891     2.74775     1.59376    0.070644
         892     2.74235     1.59505   0.0705765
         893     2.73753     1.59633   0.0705091
         894     2.73256      1.5976   0.0704417
         895     2.72746     1.59886   0.0703743
         896     2.72221     1.60011   0.0703069
         897      2.7178     1.60136   0.0702396
         898     2.71229      1.6026   0.0701722
         899      2.7081     1.60383    0.070105
         900     2.70379     1.60505   0.0700377
         901     2.70056     1.60626   0.0699705
         902     2.69625     1.60747   0.0699034
         903      2.6923     1.60867   0.0698363
         904     2.68801     1.60987   0.0697693
         905     2.68434     1.61106   0.0697023
         906      2.6808     1.61224   0.0696353
         907     2.67716     1.61341   0.0695685
         908     2.67366     1.61458   0.0695016
         909     2.67055     1.61574   0.0694349
         910     2.66782      1.6169   0.0693682
         911     2.66453     1.61805   0.0693016
         912     2.66162     1.61919   0.0692351
         913     2.65936     1.62033   0.0691686
         914     2.65701     1.62146   0.0691022
         915     2.65482     1.62259   0.0690359
         916     2.65256     1.62372   0.0689697
         917     2.65046     1.62484   0.0689036
         918     2.64876     1.62595   0.0688376
         919     2.64724     1.62706   0.0687716
         920     2.64589     1.62817   0.0687058
         921     2.64448     1.62927   0.0686401
         922     2.64299     1.63037   0.0685744
         923     2.64217     1.63147   0.0685089
         924     2.64201     1.63256   0.0684435
         925     2.64178     1.63365   0.0683782
         926     2.64126     1.63474    0.068313
         927     2.64188     1.63583   0.0682479
         928     2.64196     1.63691    0.068183
         929     2.64222       1.638   0.0681182
         930      2.6434     1.63908   0.0680535
         931     2.64403     1.64016    0.067989
         932     2.64486     1.64123   0.0679246
         933     2.64611     1.64231   0.0678603
         934     2.64731     1.64339   0.0677962
         935     2.64893     1.64446   0.0677322
         936     2.65026     1.64554   0.0676684
         937     2.65201     1.64661   0.0676047
         938      2.6537     1.64768   0.0675411
         939     2.65582     1.64876   0.0674777
         940     2.65813     1.64983   0.0674145
         941     2.66037     1.65091   0.0673514
         942     2.66328     1.65198   0.0672885
         943     2.66636     1.65306   0.0672257
         944     2.66938     1.65413   0.0671631
         945     2.67257     1.65521   0.0671007
         946     2.67593     1.65629   0.0670384
         947     2.67922     1.65737   0.0669764
         948     2.68291     1.65845   0.0669144
         949     2.68701     1.65954   0.0668527
         950     2.69078     1.66062   0.0667911
         951     2.69518     1.66171   0.0667298
         952     2.69926      1.6628   0.0666686
         953     2.70348     1.66389   0.0666076
         954     2.70808     1.66499   0.0665467
         955     2.71258     1.66608   0.0664861
         956     2.71769     1.66718   0.0664257
         957     2.72244     1.66829   0.0663654
         958     2.72659     1.66939   0.0663053
         959     2.73206      1.6705   0.0662454
         960      2.7374     1.67161   0.0661857
         961     2.74284     1.67272   0.0661263
         962     2.74814     1.67384    0.066067
         963     2.75449     1.67496   0.0660079
         964     2.76044     1.67609    0.065949
         965     2.76623     1.67722   0.0658904
         966     2.77233     1.67835   0.0658319
         967     2.77753     1.67949   0.0657736
         968     2.78398     1.68063   0.0657156
         969        2.79     1.68178   0.0656577
         970     2.79607     1.68292   0.0656001
         971     2.80216     1.68408   0.0655427
         972     2.80828     1.68523   0.0654854
         973     2.81442     1.68639   0.0654284
         974     2.82008     1.68756   0.0653716
         975     2.82622     1.68873    0.065315
         976     2.83236      1.6899   0.0652586
         977     2.83775     1.69107   0.0652023
         978     2.84409     1.69225   0.0651463
         979     2.85014     1.69343   0.0650905
         980     2.85664     1.69462   0.0650349
         981     2.86163     1.69581   0.0649795
         982     2.86776       1.697   0.0649243
         983     2.87359      1.6982   0.0648693
         984     2.87957      1.6994   0.0648145
         985     2.88497     1.70061   0.0647598
         986     2.89052     1.70181   0.0647054
         987     2.89596     1.70302   0.0646512
         988     2.90104     1.70424   0.0645971
         989     2.90624     1.70545   0.0645432
         990     2.91153     1.70667   0.0644895
         991      2.9162     1.70789    0.064436
         992     2.92095     1.70911   0.0643826
         993      2.9253     1.71034   0.0643294
         994     2.92996     1.71156   0.0642764
         995     2.93443     1.71279   0.0642236
         996     2.93847     1.71402   0.0641709
         997     2.94303     1.71526   0.0641184
         998     2.94666     1.71649    0.064066
         999     2.94984     1.71772   0.0640137
        1000     2.95304     1.71896   0.0639617
