           1         1.9         1.9           0
           2     1.89998     1.89999 6.17723e-06
           3     1.89993     1.89997 1.71354e-05
           4     1.89984     1.89994 3.05421e-05
           5     1.89972      1.8999 4.60249e-05
           6     1.89956     1.89984 6.33425e-05
           7     1.89937     1.89977 8.23262e-05
           8     1.89915     1.89969 0.000102851
           9     1.89888      1.8996  0.00012482
          10     1.89859      1.8995 0.000148157
          11     1.89825     1.89939 0.000172801
          12     1.89789     1.89926 0.000198701
          13     1.89748     1.89913 0.000225818
          14     1.89704     1.89898 0.000254117
          15     1.89656     1.89882 0.000283571
          16     1.89605     1.89864 0.000314158
          17      1.8955     1.89846  0.00034586
          18     1.89491     1.89826 0.000378662
          19     1.89428     1.89805 0.000412553
          20     1.89362     1.89783 0.000447525
          21     1.89292      1.8976 0.000483573
          22     1.89217     1.89735 0.000520693
          23     1.89139     1.89709 0.000558885
          24     1.89056     1.89682 0.000598148
          25      1.8897     1.89653 0.000638486
          26     1.88879     1.89624 0.000679902
          27     1.88784     1.89593 0.000722396
          28     1.88684      1.8956 0.000765971
          29      1.8858     1.89526 0.000810638
          30     1.88472     1.89491 0.000856408
          31     1.88359     1.89455 0.000903293
          32     1.88241     1.89417 0.000951306
          33     1.88119     1.89377  0.00100046
          34     1.87992     1.89337  0.00105075
          35      1.8786     1.89294  0.00110221
          36     1.87723     1.89251  0.00115484
          37      1.8758     1.89206  0.00120866
          38     1.87433     1.89159  0.00126368
          39      1.8728     1.89111  0.00131992
          40     1.87122     1.89061   0.0013774
          41     1.86958      1.8901  0.00143613
          42     1.86789     1.88957  0.00149614
          43     1.86614     1.88902  0.00155744
          44     1.86433     1.88846  0.00162005
          45     1.86245     1.88788  0.00168399
          46     1.86052     1.88729  0.00174928
          47     1.85853     1.88668  0.00181594
          48     1.85647     1.88605  0.00188399
          49     1.85435      1.8854  0.00195345
          50     1.85216     1.88474  0.00202434
          51      1.8499     1.88405  0.00209671
          52     1.84758     1.88335  0.00217056
          53     1.84518     1.88263  0.00224593
          54     1.84271     1.88189  0.00232284
          55     1.84016     1.88113  0.00240133
          56     1.83754     1.88036  0.00248141
          57     1.83484     1.87956  0.00256313
          58     1.83206     1.87874  0.00264651
          59     1.82921      1.8779  0.00273156
          60     1.82627     1.87704  0.00281833
          61     1.82324     1.87616  0.00290683
          62     1.82013     1.87525   0.0029971
          63     1.81694     1.87433  0.00308916
          64     1.81365     1.87338  0.00318303
          65     1.81028     1.87241  0.00327876
          66     1.80681     1.87141  0.00337637
          67     1.80325      1.8704  0.00347589
          68     1.79959     1.86936  0.00357735
          69     1.79583     1.86829  0.00368078
          70     1.79198      1.8672   0.0037862
          71     1.78802     1.86609  0.00389365
          72     1.78396     1.86494  0.00400316
          73      1.7798     1.86378  0.00411474
          74     1.77553     1.86259  0.00422844
          75     1.77115     1.86137  0.00434427
          76     1.76666     1.86012  0.00446227
          77     1.76206     1.85885  0.00458245
          78     1.75735     1.85755  0.00470484
          79     1.75252     1.85622  0.00482946
          80     1.74758     1.85486  0.00495633
          81     1.74252     1.85347  0.00508547
          82     1.73735     1.85205  0.00521691
          83     1.73205     1.85061  0.00535066
          84     1.72663     1.84913  0.00548674
          85     1.72109     1.84763  0.00562518
          86     1.71543     1.84609  0.00576598
          87     1.70964     1.84452  0.00590916
          88     1.70373     1.84292  0.00605473
          89     1.69769     1.84129   0.0062027
          90     1.69152     1.83963  0.00635308
          91     1.68523     1.83793  0.00650587
          92     1.67881      1.8362  0.00666108
          93     1.67227     1.83444   0.0068187
          94     1.66559     1.83264  0.00697875
          95     1.65879     1.83081   0.0071412
          96     1.65185     1.82895  0.00730607
          97      1.6448     1.82705  0.00747333
          98     1.63761     1.82511  0.00764299
          99      1.6303     1.82315  0.00781502
         100     1.62286     1.82114  0.00798941
         101     1.61529     1.81911  0.00816613
         102     1.60761     1.81703  0.00834517
         103      1.5998     1.81492   0.0085265
         104     1.59187     1.81278  0.00871008
         105     1.58382      1.8106  0.00889588
         106     1.57566     1.80838  0.00908386
         107     1.56739     1.80613  0.00927399
         108       1.559     1.80384  0.00946621
         109      1.5505     1.80152  0.00966047
         110      1.5419     1.79916  0.00985674
         111      1.5332     1.79676   0.0100549
         112      1.5244     1.79433    0.010255
         113      1.5155     1.79186   0.0104569
         114     1.50652     1.78936   0.0106605
         115     1.49744     1.78682   0.0108658
         116     1.48829     1.78425   0.0110727
         117     1.47905     1.78164   0.0112812
         118     1.46974     1.77899    0.011491
         119     1.46037     1.77632   0.0117023
         120     1.45093     1.77361   0.0119148
         121     1.44144     1.77086   0.0121284
         122     1.43189     1.76808   0.0123431
         123      1.4223     1.76527   0.0125589
         124     1.41267     1.76243   0.0127754
         125       1.403     1.75955   0.0129928
         126     1.39331     1.75665   0.0132108
         127      1.3836     1.75371   0.0134294
         128     1.37387     1.75074   0.0136484
         129     1.36413     1.74774   0.0138677
         130      1.3544     1.74472   0.0140873
         131     1.34467     1.74166   0.0143069
         132     1.33495     1.73858   0.0145265
         133     1.32525     1.73547    0.014746
         134     1.31559     1.73234   0.0149651
         135     1.30595     1.72918   0.0151839
         136     1.29635       1.726   0.0154022
         137     1.28681     1.72279   0.0156198
         138     1.27731     1.71957   0.0158367
         139     1.26788     1.71632   0.0160527
         140     1.25851     1.71305   0.0162677
         141     1.24921     1.70976   0.0164816
         142        1.24     1.70645   0.0166942
         143     1.23087     1.70312   0.0169055
         144     1.22183     1.69978   0.0171153
         145     1.21289     1.69642   0.0173236
         146     1.20405     1.69305   0.0175301
         147     1.19533     1.68966   0.0177348
         148     1.18671     1.68627   0.0179376
         149     1.17822     1.68286   0.0181384
         150     1.16985     1.67944   0.0183371
         151     1.16161     1.67601   0.0185335
         152     1.15351     1.67257   0.0187277
         153     1.14554     1.66913   0.0189194
         154     1.13772     1.66567   0.0191086
         155     1.13004     1.66222   0.0192953
         156     1.12251     1.65876   0.0194793
         157     1.11514      1.6553   0.0196606
         158     1.10792     1.65183    0.019839
         159     1.10086     1.64837   0.0200146
         160     1.09397      1.6449   0.0201872
         161     1.08724     1.64144   0.0203568
         162     1.08067     1.63798   0.0205233
         163     1.07427     1.63452   0.0206868
         164     1.06805     1.63106    0.020847
         165       1.062     1.62762    0.021004
         166     1.05612     1.62417   0.0211577
         167     1.05041     1.62074   0.0213082
         168     1.04488     1.61731   0.0214553
         169     1.03953     1.61389    0.021599
         170     1.03435     1.61048   0.0217393
         171     1.02935     1.60708   0.0218762
         172     1.02452      1.6037   0.0220096
         173     1.01987     1.60032   0.0221396
         174      1.0154     1.59696   0.0222661
         175      1.0111     1.59361   0.0223891
         176     1.00697     1.59028   0.0225087
         177     1.00302     1.58696   0.0226247
         178    0.999233     1.58366   0.0227373
         179    0.995621     1.58037   0.0228463
         180    0.992176     1.57711   0.0229519
         181    0.988898     1.57386    0.023054
         182    0.985785     1.57063   0.0231527
         183    0.982833     1.56741   0.0232479
         184    0.980041     1.56422   0.0233397
         185    0.977407     1.56105   0.0234281
         186    0.974929      1.5579   0.0235131
         187    0.972604     1.55477   0.0235948
         188    0.970429     1.55166   0.0236731
         189    0.968401     1.54857   0.0237481
         190    0.966519     1.54551   0.0238199
         191    0.964778     1.54247   0.0238885
         192    0.963175     1.53945   0.0239538
         193    0.961707     1.53646    0.024016
         194    0.960371     1.53349   0.0240751
         195    0.959164     1.53054   0.0241311
         196    0.958083     1.52762   0.0241841
         197    0.957124     1.52473   0.0242341
         198    0.956283     1.52186   0.0242812
         199    0.955558     1.51901   0.0243254
         200    0.954945     1.51619   0.0243667
         201     0.95444      1.5134   0.0244052
         202     0.95404     1.51063    0.024441
         203    0.953742     1.50788   0.0244741
         204    0.953542     1.50517   0.0245045
         205    0.953436     1.50247   0.0245323
         206    0.953421     1.49981   0.0245576
         207    0.953493     1.49717   0.0245803
         208     0.95365     1.49456   0.0246007
         209    0.953886     1.49197   0.0246186
         210      0.9542     1.48941   0.0246342
         211    0.954586     1.48687   0.0246475
         212    0.955043     1.48437   0.0246586
         213    0.955567     1.48188   0.0246675
         214    0.956153     1.47943   0.0246742
         215    0.956799       1.477   0.0246789
         216    0.957503     1.47459   0.0246816
         217    0.958259     1.47221   0.0246823
         218    0.959065     1.46986    0.024681
         219    0.959919     1.46753   0.0246779
         220    0.960816     1.46523    0.024673
         221    0.961753     1.46295   0.0246663
         222    0.962727     1.46069   0.0246579
         223    0.963735     1.45847   0.0246478
         224    0.964773     1.45626   0.0246361
         225    0.965839     1.45408   0.0246229
         226    0.966929     1.45193   0.0246081
         227    0.968041      1.4498   0.0245918
         228    0.969172     1.44769   0.0245742
         229     0.97032      1.4456   0.0245551
         230    0.971481     1.44354   0.0245347
         231    0.972653      1.4415    0.024513
         232    0.973834     1.43949   0.0244901
         233    0.975021     1.43749    0.024466
         234    0.976211     1.43552   0.0244408
         235    0.977404     1.43357   0.0244144
         236    0.978596     1.43164   0.0243869
         237    0.979786     1.42974   0.0243584
         238    0.980972     1.42785    0.024329
         239    0.982152     1.42599   0.0242985
         240    0.983326     1.42414   0.0242672
         241    0.984492     1.42232    0.024235
         242    0.985647     1.42051   0.0242019
         243    0.986791     1.41873    0.024168
         244    0.987924     1.41696   0.0241334
         245    0.989045     1.41522    0.024098
         246    0.990152     1.41349   0.0240619
         247    0.991245     1.41178   0.0240252
         248    0.992324     1.41009   0.0239877
         249    0.993389     1.40842   0.0239497
         250    0.994439     1.40676   0.0239111
         251    0.995476     1.40512   0.0238719
         252    0.996499      1.4035   0.0238322
         253    0.997508     1.40189   0.0237919
         254    0.998504     1.40031   0.0237512
         255    0.999488     1.39873     0.02371
         256     1.00046     1.39718   0.0236684
         257     1.00142     1.39564   0.0236263
         258     1.00237     1.39411   0.0235839
         259     1.00332     1.39261   0.0235411
         260     1.00425     1.39111   0.0234978
         261     1.00518     1.38963   0.0234543
         262     1.00611     1.38817   0.0234104
         263     1.00703     1.38672   0.0233662
         264     1.00796     1.38529   0.0233217
         265     1.00888     1.38387   0.0232769
         266     1.00981     1.38246   0.0232318
         267     1.01074     1.38107   0.0231865
         268     1.01167     1.37969   0.0231409
         269     1.01261     1.37832   0.0230951
         270     1.01356     1.37697    0.023049
         271     1.01453     1.37564   0.0230028
         272      1.0155     1.37431   0.0229563
         273     1.01649       1.373   0.0229096
         274     1.01749      1.3717   0.0228627
         275     1.01851     1.37042   0.0228156
         276     1.01955     1.36915   0.0227683
         277      1.0206     1.36789   0.0227208
         278     1.02167     1.36664   0.0226732
         279     1.02276     1.36541   0.0226254
         280     1.02388     1.36419   0.0225775
         281     1.02501     1.36298   0.0225294
         282     1.02616     1.36179   0.0224811
         283     1.02734     1.36061   0.0224327
         284     1.02853     1.35944   0.0223842
         285     1.02975     1.35828   0.0223355
         286     1.03098     1.35714   0.0222867
         287     1.03224     1.35601   0.0222378
         288     1.03351     1.35489   0.0221888
         289     1.03481     1.35378   0.0221396
         290     1.03612     1.35268   0.0220904
         291     1.03744      1.3516    0.022041
         292     1.03878     1.35053   0.0219915
         293     1.04014     1.34947    0.021942
         294      1.0415     1.34842   0.0218923
         295     1.04288     1.34739   0.0218426
         296     1.04427     1.34636   0.0217928
         297     1.04566     1.34535   0.0217429
         298     1.04706     1.34435    0.021693
         299     1.04846     1.34336    0.021643
         300     1.04986     1.34238    0.021593
         301     1.05126     1.34141   0.0215429
         302     1.05266     1.34046   0.0214927
         303     1.05406     1.33951   0.0214426
         304     1.05545     1.33858   0.0213924
         305     1.05683     1.33765   0.0213422
         306      1.0582     1.33674    0.021292
         307     1.05956     1.33584   0.0212418
         308      1.0609     1.33495   0.0211915
         309     1.06223     1.33406   0.0211413
         310     1.06354     1.33319   0.0210911
         311     1.06483     1.33233    0.021041
         312      1.0661     1.33147   0.0209908
         313     1.06735     1.33063   0.0209407
         314     1.06857      1.3298   0.0208906
         315     1.06977     1.32897   0.0208406
         316     1.07094     1.32815   0.0207907
         317     1.07208     1.32735   0.0207408
         318     1.07319     1.32655   0.0206909
         319     1.07428     1.32576   0.0206412
         320     1.07533     1.32497   0.0205915
         321     1.07635      1.3242   0.0205419
         322     1.07734     1.32343   0.0204924
         323     1.07829     1.32267    0.020443
         324     1.07921     1.32192   0.0203937
         325     1.08009     1.32118   0.0203446
         326     1.08094     1.32044   0.0202955
         327     1.08175     1.31971   0.0202466
         328     1.08252     1.31899   0.0201977
         329     1.08326     1.31827   0.0201491
         330     1.08396     1.31756   0.0201005
         331     1.08463     1.31686   0.0200521
         332     1.08525     1.31616   0.0200038
         333     1.08584     1.31547   0.0199557
         334     1.08638     1.31478   0.0199077
         335     1.08689      1.3141   0.0198599
         336     1.08736     1.31343   0.0198123
         337      1.0878     1.31276   0.0197648
         338     1.08819     1.31209   0.0197175
         339     1.08855     1.31143   0.0196704
         340     1.08886     1.31078   0.0196234
         341     1.08914     1.31013   0.0195766
         342     1.08938     1.30948     0.01953
         343     1.08959     1.30884   0.0194836
         344     1.08975     1.30821   0.0194374
         345     1.08988     1.30757   0.0193913
         346     1.08996     1.30694   0.0193455
         347     1.09001     1.30632   0.0192998
         348     1.09003      1.3057   0.0192544
         349        1.09     1.30508   0.0192091
         350     1.08993     1.30446   0.0191641
         351     1.08983     1.30385   0.0191192
         352     1.08969     1.30324   0.0190746
         353     1.08951     1.30264   0.0190301
         354     1.08929     1.30204   0.0189859
         355     1.08903     1.30144   0.0189419
         356     1.08873     1.30084   0.0188981
         357      1.0884     1.30024   0.0188546
         358     1.08803     1.29965   0.0188112
         359     1.08761     1.29906   0.0187681
         360     1.08716     1.29847   0.0187252
         361     1.08667     1.29788   0.0186825
         362     1.08614      1.2973     0.01864
         363     1.08557     1.29672   0.0185978
         364     1.08496     1.29613   0.0185558
         365     1.08432     1.29555   0.0185141
         366     1.08363     1.29498   0.0184725
         367      1.0829      1.2944   0.0184312
         368     1.08213     1.29382   0.0183902
         369     1.08132     1.29324   0.0183493
         370     1.08047     1.29267   0.0183088
         371     1.07958      1.2921   0.0182684
         372     1.07865     1.29152   0.0182283
         373     1.07768     1.29095   0.0181885
         374     1.07667     1.29038   0.0181489
         375     1.07562      1.2898   0.0181095
         376     1.07453     1.28923   0.0180704
         377      1.0734     1.28866   0.0180315
         378     1.07224     1.28809   0.0179929
         379     1.07103     1.28751   0.0179545
         380     1.06979     1.28694   0.0179164
         381     1.06851     1.28637   0.0178786
         382     1.06719     1.28579    0.017841
         383     1.06584     1.28522   0.0178036
         384     1.06445     1.28464   0.0177665
         385     1.06302     1.28407   0.0177297
         386     1.06157     1.28349   0.0176932
         387     1.06008     1.28291   0.0176569
         388     1.05856     1.28234   0.0176208
         389     1.05701     1.28176    0.017585
         390     1.05543     1.28118   0.0175495
         391     1.05383     1.28059   0.0175143
         392     1.05219     1.28001   0.0174793
         393     1.05054     1.27943   0.0174445
         394     1.04886     1.27884   0.0174101
         395     1.04717     1.27826   0.0173759
         396     1.04546     1.27767   0.0173419
         397     1.04373     1.27708   0.0173083
         398     1.04199     1.27649   0.0172749
         399     1.04023      1.2759   0.0172417
         400     1.03847      1.2753   0.0172088
         401      1.0367     1.27471   0.0171762
         402     1.03493     1.27411   0.0171438
         403     1.03315     1.27351   0.0171117
         404     1.03137     1.27291   0.0170798
         405      1.0296     1.27231   0.0170482
         406     1.02783     1.27171   0.0170169
         407     1.02608     1.27111   0.0169858
         408     1.02433      1.2705   0.0169549
         409      1.0226      1.2699   0.0169243
         410     1.02088     1.26929   0.0168939
         411     1.01918     1.26868   0.0168637
         412      1.0175     1.26807   0.0168338
         413     1.01585     1.26746   0.0168041
         414     1.01423     1.26685   0.0167747
         415     1.01263     1.26624   0.0167454
         416     1.01107     1.26562   0.0167164
         417     1.00954     1.26501   0.0166876
         418     1.00804     1.26439    0.016659
         419     1.00659     1.26378   0.0166306
         420     1.00518     1.26316   0.0166024
         421      1.0038     1.26255   0.0165744
         422     1.00248     1.26193   0.0165466
         423      1.0012     1.26131   0.0165189
         424     0.99997      1.2607   0.0164915
         425     0.99879     1.26008   0.0164642
         426    0.997661     1.25947    0.016437
         427    0.996587     1.25885   0.0164101
         428    0.995566     1.25823   0.0163832
         429    0.994602     1.25762   0.0163566
         430    0.993695     1.25701   0.0163301
         431    0.992846     1.25639   0.0163037
         432    0.992056     1.25578   0.0162774
         433    0.991325     1.25517   0.0162513
         434    0.990654     1.25456   0.0162252
         435    0.990044     1.25395   0.0161993
         436    0.989494     1.25335   0.0161735
         437    0.989005     1.25274   0.0161478
         438    0.988577     1.25214   0.0161222
         439    0.988209     1.25154   0.0160967
         440    0.987902     1.25094   0.0160713
         441    0.987656     1.25034   0.0160459
         442     0.98747     1.24975   0.0160206
         443    0.987343     1.24915   0.0159954
         444    0.987275     1.24856   0.0159703
         445    0.987265     1.24798   0.0159452
         446    0.987313     1.24739   0.0159201
         447    0.987419     1.24681   0.0158951
         448    0.987581     1.24623   0.0158702
         449    0.987799     1.24566   0.0158453
         450    0.988072     1.24508   0.0158204
         451    0.988399     1.24452   0.0157955
         452    0.988779     1.24395   0.0157707
         453    0.989211     1.24339   0.0157459
         454    0.989694     1.24283   0.0157212
         455    0.990228     1.24227   0.0156964
         456    0.990811     1.24172   0.0156717
         457    0.991443     1.24117   0.0156469
         458    0.992122     1.24063   0.0156222
         459    0.992847     1.24009   0.0155975
         460    0.993616     1.23955   0.0155728
         461     0.99443     1.23902   0.0155481
         462    0.995287      1.2385   0.0155234
         463    0.996186     1.23797   0.0154987
         464    0.997126     1.23745    0.015474
         465    0.998105     1.23694   0.0154492
         466    0.999124     1.23643   0.0154245
         467     1.00018     1.23592   0.0153998
         468     1.00127     1.23542    0.015375
         469      1.0024     1.23492   0.0153503
         470     1.00356     1.23443   0.0153255
         471     1.00475     1.23394   0.0153007
         472     1.00598     1.23346   0.0152759
         473     1.00724     1.23298   0.0152511
         474     1.00853     1.23251   0.0152263
         475     1.00985     1.23204   0.0152015
         476     1.01119     1.23158   0.0151766
         477     1.01256     1.23112   0.0151517
         478     1.01396     1.23066   0.0151268
         479     1.01538     1.23021   0.0151019
         480     1.01683     1.22977    0.015077
         481      1.0183     1.22933   0.0150521
         482     1.01979     1.22889   0.0150271
         483     1.02131     1.22846   0.0150022
         484     1.02284     1.22804   0.0149772
         485     1.02439     1.22762   0.0149522
         486     1.02596     1.22721   0.0149272
         487     1.02754      1.2268   0.0149022
         488     1.02914     1.22639   0.0148771
         489     1.03076     1.22599   0.0148521
         490     1.03239      1.2256    0.014827
         491     1.03402      1.2252    0.014802
         492     1.03567     1.22482   0.0147769
         493     1.03733     1.22444   0.0147518
         494       1.039     1.22406   0.0147267
         495     1.04067     1.22369   0.0147016
         496     1.04235     1.22333   0.0146765
         497     1.04403     1.22297   0.0146514
         498     1.04572     1.22261   0.0146263
         499     1.04741     1.22226   0.0146012
         500     1.04909     1.22191   0.0145761
         501     1.05077     1.22157    0.014551
         502     1.05245     1.22124    0.014526
         503     1.05413      1.2209   0.0145009
         504     1.05579     1.22058   0.0144758
         505     1.05745     1.22025   0.0144507
         506      1.0591     1.21993   0.0144257
         507     1.06073     1.21962   0.0144007
         508     1.06235     1.21931   0.0143756
         509     1.06395     1.21901   0.0143506
         510     1.06553      1.2187   0.0143257
         511     1.06709     1.21841   0.0143007
         512     1.06864     1.21811   0.0142757
         513     1.07015     1.21783   0.0142508
         514     1.07164     1.21754   0.0142259
         515      1.0731     1.21726   0.0142011
         516     1.07453     1.21699   0.0141763
         517     1.07593     1.21671   0.0141515
         518     1.07729     1.21644   0.0141267
         519     1.07862     1.21618    0.014102
         520     1.07991     1.21592   0.0140773
         521     1.08116     1.21566   0.0140527
         522     1.08236      1.2154   0.0140281
         523     1.08353     1.21515   0.0140035
         524     1.08464      1.2149    0.013979
         525     1.08572     1.21465   0.0139545
         526     1.08674     1.21441   0.0139301
         527     1.08771     1.21417   0.0139058
         528     1.08863     1.21393   0.0138815
         529      1.0895      1.2137   0.0138572
         530     1.09031     1.21346    0.013833
         531     1.09107     1.21323   0.0138089
         532     1.09176     1.21301   0.0137848
         533      1.0924     1.21278   0.0137608
         534     1.09299     1.21256   0.0137369
         535     1.09351     1.21233    0.013713
         536     1.09396     1.21211   0.0136892
         537     1.09436     1.21189   0.0136655
         538      1.0947     1.21167   0.0136418
         539     1.09497     1.21146   0.0136182
         540     1.09517     1.21124   0.0135947
         541     1.09531     1.21103   0.0135712
         542     1.09539     1.21082   0.0135479
         543      1.0954      1.2106   0.0135246
         544     1.09535     1.21039   0.0135014
         545     1.09523     1.21018   0.0134783
         546     1.09504     1.20997   0.0134552
         547     1.09479     1.20976   0.0134323
         548     1.09448     1.20955   0.0134094
         549      1.0941     1.20934   0.0133866
         550     1.09365     1.20913    0.013364
         551     1.09313     1.20892   0.0133414
         552     1.09255     1.20871   0.0133189
         553     1.09191     1.20849   0.0132964
         554      1.0912     1.20828   0.0132741
         555     1.09043     1.20807   0.0132519
         556      1.0896     1.20786   0.0132298
         557      1.0887     1.20764   0.0132078
         558     1.08775     1.20743   0.0131858
         559     1.08673     1.20721    0.013164
         560     1.08565       1.207   0.0131423
         561     1.08452     1.20678   0.0131207
         562     1.08332     1.20656   0.0130992
         563     1.08207     1.20634   0.0130778
         564     1.08077     1.20611   0.0130565
         565     1.07941     1.20589   0.0130353
         566       1.078     1.20566   0.0130142
         567     1.07653     1.20544   0.0129933
         568     1.07502     1.20521   0.0129724
         569     1.07346     1.20497   0.0129517
         570     1.07185     1.20474   0.0129311
         571      1.0702     1.20451   0.0129106
         572     1.06851     1.20427   0.0128902
         573     1.06678     1.20403   0.0128699
         574     1.06501     1.20379   0.0128498
         575     1.06321     1.20354   0.0128298
         576     1.06137     1.20329   0.0128099
         577     1.05951     1.20305   0.0127901
         578     1.05762     1.20279   0.0127704
         579      1.0557     1.20254   0.0127509
         580     1.05377     1.20228   0.0127315
         581     1.05182     1.20202   0.0127122
         582     1.04986     1.20176   0.0126931
         583     1.04788      1.2015    0.012674
         584      1.0459     1.20123   0.0126551
         585     1.04392     1.20096   0.0126364
         586     1.04194     1.20069   0.0126177
         587     1.03996     1.20042   0.0125992
         588       1.038     1.20014   0.0125808
         589     1.03605     1.19986   0.0125625
         590     1.03412     1.19958   0.0125444
         591     1.03221      1.1993   0.0125263
         592     1.03033     1.19901   0.0125084
         593     1.02849     1.19873   0.0124906
         594     1.02668     1.19844    0.012473
         595     1.02491     1.19815   0.0124554
         596     1.02319     1.19785    0.012438
         597     1.02152     1.19756   0.0124207
         598     1.01991     1.19726   0.0124034
         599     1.01836     1.19696   0.0123863
         600     1.01688     1.19666   0.0123693
         601     1.01547     1.19636   0.0123524
         602     1.01414     1.19606   0.0123356
         603     1.01288     1.19575   0.0123189
         604     1.01171     1.19545   0.0123022
         605     1.01063     1.19514   0.0122857
         606     1.00965     1.19484   0.0122692
         607     1.00876     1.19453   0.0122529
         608     1.00798     1.19422   0.0122366
         609     1.00729     1.19392   0.0122203
         610     1.00672     1.19361   0.0122041
         611     1.00626      1.1933    0.012188
         612     1.00591       1.193   0.0121719
         613     1.00567     1.19269   0.0121559
         614     1.00556     1.19239   0.0121399
         615     1.00556     1.19208    0.012124
         616     1.00568     1.19178   0.0121081
         617     1.00592     1.19148   0.0120922
         618     1.00628     1.19118   0.0120764
         619     1.00675     1.19088   0.0120605
         620     1.00735     1.19058   0.0120447
         621     1.00806     1.19029   0.0120289
         622     1.00889        1.19   0.0120131
         623     1.00983     1.18971   0.0119973
         624     1.01088     1.18942   0.0119815
         625     1.01203     1.18914   0.0119657
         626     1.01329     1.18886   0.0119499
         627     1.01465     1.18858    0.011934
         628      1.0161     1.18831   0.0119182
         629     1.01764     1.18803   0.0119023
         630     1.01927     1.18777   0.0118864
         631     1.02098      1.1875   0.0118705
         632     1.02276     1.18724   0.0118546
         633     1.02462     1.18698   0.0118387
         634     1.02654     1.18673   0.0118227
         635     1.02852     1.18648   0.0118067
         636     1.03056     1.18624   0.0117907
         637     1.03264       1.186   0.0117747
         638     1.03477     1.18576   0.0117586
         639     1.03694     1.18553   0.0117425
         640     1.03915      1.1853   0.0117264
         641     1.04138     1.18507   0.0117102
         642     1.04364     1.18485   0.0116941
         643     1.04592     1.18464   0.0116779
         644     1.04822     1.18442   0.0116617
         645     1.05053     1.18422   0.0116454
         646     1.05284     1.18401   0.0116292
         647     1.05516     1.18381   0.0116129
         648     1.05748     1.18362   0.0115966
         649      1.0598     1.18343   0.0115803
         650     1.06212     1.18324    0.011564
         651     1.06442     1.18306   0.0115477
         652     1.06671     1.18288   0.0115314
         653     1.06899     1.18271    0.011515
         654     1.07126     1.18254   0.0114987
         655      1.0735     1.18237   0.0114823
         656     1.07572     1.18221    0.011466
         657     1.07792     1.18205   0.0114496
         658      1.0801     1.18189   0.0114333
         659     1.08224     1.18174   0.0114169
         660     1.08436      1.1816   0.0114006
         661     1.08644     1.18145   0.0113842
         662     1.08849     1.18131   0.0113679
         663     1.09051     1.18117   0.0113516
         664     1.09249     1.18104   0.0113353
         665     1.09444     1.18091    0.011319
         666     1.09634     1.18078   0.0113027
         667      1.0982     1.18066   0.0112864
         668     1.10002     1.18054   0.0112702
         669     1.10179     1.18042   0.0112539
         670     1.10352     1.18031   0.0112377
         671      1.1052     1.18019   0.0112215
         672     1.10683     1.18008   0.0112054
         673     1.10841     1.17998   0.0111892
         674     1.10993     1.17987   0.0111731
         675      1.1114     1.17977    0.011157
         676     1.11281     1.17967   0.0111409
         677     1.11417     1.17958   0.0111249
         678     1.11546     1.17948   0.0111089
         679     1.11669     1.17939   0.0110929
         680     1.11785      1.1793    0.011077
         681     1.11895     1.17921   0.0110611
         682     1.11999     1.17912   0.0110452
         683     1.12095     1.17904   0.0110293
         684     1.12185     1.17896   0.0110135
         685     1.12267     1.17887   0.0109978
         686     1.12342     1.17879    0.010982
         687     1.12409     1.17871   0.0109663
         688     1.12469     1.17863   0.0109507
         689     1.12521     1.17856   0.0109351
         690     1.12565     1.17848   0.0109195
         691     1.12601      1.1784   0.0109039
         692     1.12629     1.17833   0.0108884
         693     1.12649     1.17825    0.010873
         694     1.12661     1.17818   0.0108576
         695     1.12664     1.17811   0.0108422
         696     1.12659     1.17803   0.0108269
         697     1.12645     1.17796   0.0108116
         698     1.12623     1.17788   0.0107964
         699     1.12593     1.17781   0.0107812
         700     1.12554     1.17773    0.010766
         701     1.12507     1.17766   0.0107509
         702     1.12452     1.17758   0.0107359
         703     1.12388     1.17751   0.0107209
         704     1.12316     1.17743   0.0107059
         705     1.12235     1.17735    0.010691
         706     1.12147     1.17727   0.0106762
         707     1.12051     1.17719   0.0106614
         708     1.11947     1.17711   0.0106466
         709     1.11835     1.17703   0.0106319
         710     1.11715     1.17694   0.0106173
         711     1.11588     1.17686   0.0106027
         712     1.11454     1.17677   0.0105882
         713     1.11313     1.17668   0.0105737
         714     1.11165     1.17659   0.0105593
         715     1.11011      1.1765   0.0105449
         716     1.10849      1.1764   0.0105306
         717     1.10682      1.1763   0.0105164
         718     1.10509     1.17621   0.0105022
         719      1.1033      1.1761   0.0104881
         720     1.10145       1.176   0.0104741
         721     1.09956     1.17589   0.0104601
         722     1.09761     1.17579   0.0104461
         723     1.09562     1.17568   0.0104323
         724     1.09358     1.17556   0.0104185
         725     1.09149     1.17545   0.0104048
         726     1.08937     1.17533   0.0103911
         727     1.08721     1.17521   0.0103775
         728     1.08501     1.17508    0.010364
         729     1.08278     1.17496   0.0103506
         730     1.08052     1.17483   0.0103372
         731     1.07823     1.17469   0.0103239
         732     1.07592     1.17456   0.0103107
         733     1.07358     1.17442   0.0102975
         734     1.07122     1.17428   0.0102845
         735     1.06884     1.17414   0.0102715
         736     1.06643     1.17399   0.0102585
         737     1.06402     1.17384   0.0102457
         738     1.06158     1.17369    0.010233
         739     1.05913     1.17353   0.0102203
         740     1.05667     1.17338   0.0102077
         741      1.0542     1.17322   0.0101952
         742     1.05171     1.17305   0.0101828
         743     1.04922     1.17289   0.0101704
         744     1.04672     1.17272   0.0101582
         745     1.04421     1.17254    0.010146
         746      1.0417     1.17237   0.0101339
         747     1.03918     1.17219   0.0101219
         748     1.03666     1.17201     0.01011
         749     1.03413     1.17182   0.0100982
         750      1.0316     1.17164   0.0100864
         751     1.02908     1.17145   0.0100748
         752     1.02655     1.17126   0.0100632
         753     1.02402     1.17106   0.0100518
         754      1.0215     1.17086   0.0100404
         755     1.01898     1.17066   0.0100291
         756     1.01647     1.17046   0.0100179
         757     1.01396     1.17025   0.0100068
         758     1.01146     1.17004  0.00999582
         759     1.00897     1.16983   0.0099849
         760     1.00649     1.16961  0.00997408
         761     1.00402      1.1694  0.00996334
         762     1.00157     1.16917   0.0099527
         763    0.999128     1.16895  0.00994215
         764    0.996705     1.16873   0.0099317
         765    0.994302      1.1685  0.00992133
         766    0.991919     1.16827  0.00991106
         767     0.98956     1.16804  0.00990087
         768    0.987225      1.1678  0.00989078
         769    0.984918     1.16756  0.00988078
         770    0.982639     1.16732  0.00987086
         771    0.980391     1.16708  0.00986104
         772    0.978178     1.16683   0.0098513
         773    0.975999     1.16659  0.00984165
         774    0.973859     1.16634  0.00983208
         775    0.971758     1.16609   0.0098226
         776    0.969699     1.16583   0.0098132
         777    0.967684     1.16558  0.00980389
         778    0.965716     1.16532  0.00979465
         779    0.963796     1.16506  0.00978549
         780    0.961926      1.1648  0.00977641
         781    0.960109     1.16454  0.00976741
         782    0.958346     1.16428  0.00975847
         783    0.956639     1.16401  0.00974961
         784     0.95499     1.16375  0.00974082
         785    0.953402     1.16348   0.0097321
         786    0.951875     1.16321  0.00972344
         787    0.950411     1.16294  0.00971484
         788    0.949011     1.16267  0.00970631
         789    0.947677     1.16239  0.00969783
         790    0.946409     1.16212  0.00968941
         791     0.94521     1.16185  0.00968104
         792    0.944079     1.16157  0.00967272
         793    0.943018      1.1613  0.00966445
         794    0.942025     1.16102  0.00965622
         795    0.941103     1.16074  0.00964803
         796    0.940251     1.16047  0.00963989
         797    0.939469     1.16019  0.00963178
         798    0.938757     1.15991  0.00962371
         799    0.938116     1.15963  0.00961567
         800    0.937544     1.15936  0.00960765
         801    0.937042     1.15908  0.00959967
         802    0.936608      1.1588   0.0095917
         803    0.936242     1.15852  0.00958376
         804    0.935943     1.15825  0.00957584
         805    0.935709     1.15797  0.00956793
         806     0.93554      1.1577  0.00956004
         807    0.935435     1.15742  0.00955216
         808    0.935392     1.15714  0.00954429
         809    0.935409     1.15687  0.00953643
         810    0.935485      1.1566  0.00952857
         811     0.93562     1.15632  0.00952072
         812    0.935809     1.15605  0.00951286
         813    0.936053     1.15578  0.00950501
         814    0.936349     1.15551  0.00949716
         815    0.936696     1.15524   0.0094893
         816    0.937091     1.15498  0.00948143
         817    0.937532     1.15471  0.00947356
         818    0.938018     1.15445  0.00946568
         819    0.938548     1.15418   0.0094578
         820    0.939118     1.15392   0.0094499
         821    0.939728     1.15366  0.00944199
         822    0.940374      1.1534  0.00943407
         823    0.941056     1.15314  0.00942613
         824    0.941772     1.15289  0.00941818
         825    0.942519     1.15263  0.00941022
         826    0.943296     1.15238  0.00940224
         827    0.944101     1.15213  0.00939424
         828    0.944933     1.15188  0.00938623
         829    0.945792     1.15163   0.0093782
         830    0.946674     1.15138  0.00937015
         831    0.947579     1.15113  0.00936208
         832    0.948505     1.15089  0.00935399
         833     0.94945     1.15065  0.00934589
         834    0.950413     1.15041  0.00933777
         835    0.951394     1.15017  0.00932963
         836    0.952391     1.14993  0.00932147
         837    0.953403      1.1497  0.00931329
         838    0.954427     1.14947  0.00930509
         839    0.955464     1.14923  0.00929687
         840    0.956514     1.14901  0.00928863
         841    0.957573     1.14878  0.00928038
         842    0.958643     1.14855   0.0092721
         843    0.959722     1.14833  0.00926381
         844    0.960809     1.14811  0.00925549
         845    0.961905     1.14789  0.00924716
         846    0.963008     1.14767  0.00923882
         847    0.964118     1.14745  0.00923045
         848    0.965235     1.14724  0.00922206
         849    0.966358     1.14702  0.00921366
         850    0.967487     1.14681  0.00920524
         851     0.96862      1.1466  0.00919681
         852    0.969758     1.14639  0.00918836
         853      0.9709     1.14619  0.00917989
         854    0.972046     1.14598   0.0091714
         855    0.973194     1.14578   0.0091629
         856    0.974346     1.14558  0.00915439
         857    0.975499     1.14538  0.00914586
         858    0.976655     1.14519  0.00913731
         859    0.977813     1.14499  0.00912875
         860    0.978972      1.1448  0.00912018
         861    0.980131     1.14461  0.00911159
         862    0.981291     1.14442  0.00910299
         863    0.982451     1.14423  0.00909437
         864    0.983611     1.14404  0.00908575
         865    0.984771     1.14386  0.00907711
         866    0.985928     1.14368  0.00906846
         867    0.987085      1.1435   0.0090598
         868     0.98824     1.14332  0.00905113
         869    0.989393     1.14314  0.00904244
         870    0.990542     1.14297  0.00903375
         871    0.991688     1.14279  0.00902505
         872     0.99283     1.14262  0.00901634
         873    0.993968     1.14245  0.00900762
         874    0.995101     1.14228  0.00899889
         875     0.99623     1.14211  0.00899015
         876    0.997353     1.14195  0.00898141
         877     0.99847     1.14179  0.00897266
         878    0.999581     1.14162   0.0089639
         879     1.00068     1.14146  0.00895514
         880     1.00178      1.1413  0.00894637
         881     1.00286     1.14115  0.00893759
         882     1.00394     1.14099  0.00892881
         883     1.00501     1.14084  0.00892003
         884     1.00607     1.14069  0.00891124
         885     1.00711     1.14053  0.00890245
         886     1.00815     1.14039  0.00889366
         887     1.00917     1.14024  0.00888486
         888     1.01018     1.14009  0.00887606
         889     1.01118     1.13995  0.00886726
         890     1.01216      1.1398  0.00885846
         891     1.01313     1.13966  0.00884966
         892     1.01408     1.13952  0.00884086
         893     1.01502     1.13938  0.00883206
         894     1.01594     1.13924  0.00882326
         895     1.01684     1.13911  0.00881446
         896     1.01773     1.13897  0.00880566
         897      1.0186     1.13884  0.00879687
         898     1.01945      1.1387  0.00878807
         899     1.02028     1.13857  0.00877929
         900     1.02109     1.13844   0.0087705
         901     1.02188     1.13831  0.00876172
         902     1.02265     1.13818  0.00875295
         903      1.0234     1.13806  0.00874418
         904     1.02413     1.13793  0.00873541
         905     1.02484      1.1378  0.00872665
         906     1.02552     1.13768   0.0087179
         907     1.02617     1.13756  0.00870916
         908     1.02681     1.13744  0.00870042
         909     1.02742     1.13731  0.00869169
         910       1.028     1.13719  0.00868297
         911     1.02856     1.13708  0.00867426
         912     1.02909     1.13696  0.00866555
         913      1.0296     1.13684  0.00865686
         914     1.03008     1.13672  0.00864818
         915     1.03053     1.13661   0.0086395
         916     1.03095     1.13649  0.00863084
         917     1.03135     1.13638  0.00862219
         918     1.03172     1.13626  0.00861355
         919     1.03206     1.13615  0.00860493
         920     1.03236     1.13604  0.00859631
         921     1.03264     1.13592  0.00858771
         922     1.03289     1.13581  0.00857912
         923     1.03311      1.1357  0.00857055
         924      1.0333     1.13559  0.00856199
         925     1.03346     1.13548  0.00855345
         926     1.03358     1.13537  0.00854492
         927     1.03368     1.13526   0.0085364
         928     1.03374     1.13515  0.00852791
         929     1.03377     1.13504  0.00851942
         930     1.03377     1.13493  0.00851096
         931     1.03373     1.13482  0.00850251
         932     1.03367     1.13472  0.00849408
         933     1.03357     1.13461  0.00848567
         934     1.03344      1.1345  0.00847728
         935     1.03327     1.13439   0.0084689
         936     1.03308     1.13428  0.00846054
         937     1.03285     1.13417  0.00845221
         938     1.03259     1.13407  0.00844389
         939      1.0323     1.13396  0.00843559
         940     1.03197     1.13385  0.00842732
         941     1.03161     1.13374  0.00841906
         942     1.03123     1.13363  0.00841083
         943      1.0308     1.13352  0.00840262
         944     1.03035     1.13341  0.00839443
         945     1.02987      1.1333  0.00838626
         946     1.02936     1.13319  0.00837811
         947     1.02882     1.13308  0.00836999
         948     1.02824     1.13297  0.00836189
         949     1.02764     1.13286  0.00835382
         950     1.02701     1.13275  0.00834577
         951     1.02635     1.13264  0.00833774
         952     1.02567     1.13253  0.00832974
         953     1.02496     1.13241  0.00832176
         954     1.02422      1.1323  0.00831381
         955     1.02346     1.13219  0.00830589
         956     1.02267     1.13207  0.00829799
         957     1.02186     1.13196  0.00829012
         958     1.02103     1.13184  0.00828227
         959     1.02018     1.13172  0.00827446
         960      1.0193     1.13161  0.00826667
         961     1.01841     1.13149   0.0082589
         962      1.0175     1.13137  0.00825117
         963     1.01657     1.13125  0.00824346
         964     1.01563     1.13113  0.00823578
         965     1.01467     1.13101  0.00822813
         966     1.01369     1.13089  0.00822051
         967     1.01271     1.13077  0.00821292
         968     1.01171     1.13064  0.00820535
         969      1.0107     1.13052  0.00819782
         970     1.00969      1.1304  0.00819031
         971     1.00866     1.13027  0.00818284
         972     1.00763     1.13014  0.00817539
         973      1.0066     1.13002  0.00816798
         974     1.00556     1.12989  0.00816059
         975     1.00452     1.12976  0.00815323
         976     1.00348     1.12963  0.00814591
         977     1.00245      1.1295  0.00813861
         978     1.00141     1.12937  0.00813134
         979     1.00038     1.12924   0.0081241
         980    0.999354     1.12911  0.00811689
         981    0.998336     1.12897  0.00810971
         982    0.997327     1.12884  0.00810256
         983    0.996329      1.1287  0.00809544
         984    0.995344     1.12857  0.00808835
         985    0.994372     1.12843  0.00808128
         986    0.993416     1.12829  0.00807425
         987    0.992477     1.12816  0.00806724
         988    0.991557     1.12802  0.00806026
         989    0.990657     1.12788  0.00805331
         990    0.989779     1.12774  0.00804638
         991    0.988925      1.1276  0.00803948
         992    0.988097     1.12746  0.00803261
         993    0.987295     1.12732  0.00802576
         994    0.986522     1.12718  0.00801893
         995     0.98578     1.12704  0.00801213
         996    0.985069     1.12689  0.00800536
         997    0.984392     1.12675   0.0079986
         998     0.98375     1.12661  0.00799187
         999    0.983145     1.12646  0.00798516
        1000    0.982576     1.12632  0.00797847
