0 802.394 1000.57
1 810.81 959.477
2 789.411 906.764
3 789.411 870.519
4 789.411 855.352
5 777.004 834.676
6 761.622 817.269
7 742.238 797.598
8 726.026 797.021
9 726.026 783.541
10 726.026 779.063
11 699.853 761.565
12 673.349 751.724
13 673.349 728.446
14 653.876 716.392
15 626.38 691.739
16 634.25 680.003
17 615.09 667.146
18 609.063 648.629
19 609.038 636.646
20 603.011 627.198
21 593.362 621.805
22 573.954 613.049
23 569.12 606.454
24 569.12 593.423
25 551.758 588.94
26 551.747 584.129
27 549.335 576.927
28 503.404 571.037
29 503.404 567.853
30 503.404 550.193
31 501.507 533.823
32 494.944 526.843
33 493.046 511.157
34 493.046 501.505
35 493.046 496.708
36 483.853 494.08
37 483.853 493.195
38 483.853 492.473
39 483.843 490.512
40 480.479 487.852
41 472.596 484.218
42 472.596 484.266
43 462.206 483.788
44 458.933 478.563
45 456.881 474.349
46 450.052 468.876
47 450.052 459.228
48 443.738 454.193
49 439.528 450.759
50 439.528 448.387
51 439.528 445.686
52 436.442 443.297
53 428.466 440.053
54 428.466 438.084
55 428.466 436.191
56 425.381 433.028
57 421.988 430.043
58 419.046 428.108
59 417.96 427.776
60 411.625 422.701
61 409.108 420.438
62 407.26 417.386
63 406.317 414.701
64 405.243 411.419
65 403.394 408.83
66 403.394 407.629
67 403.394 405.716
68 403.394 404.726
69 403.394 403.537
70 403.394 403.394
71 403.394 403.394
72 403.166 403.392
73 403.166 403.383
74 403.166 403.351
75 403.166 403.262
76 403.166 403.205
77 403.166 403.166
78 403.166 403.166
79 403.166 403.166
80 403.166 403.166
81 403.166 403.166
82 403.166 403.166
83 403.166 403.166
84 403.166 403.166
85 403.166 403.166
86 401.476 403.149
87 401.476 403.014
88 397.153 402.539
89 392.471 401.963
90 392.471 401.105
91 392.471 401.253
92 386.656 400.993
93 380.911 405.639
94 380.911 407.562
95 374.643 403.361
96 374.643 399.478
97 374.643 400.375
98 374.643 395.243
99 374.643 396.132
100 374.643 387.504
101 374.643 381.935
102 371.394 380.696
103 371.394 380.406
104 371.202 380.28
105 371.202 374.436
106 371.202 373.525
107 371.202 371.511
108 371.202 371.208
109 366.829 371.158
110 366.829 371.071
111 363.533 370.672
112 363.533 370.223
113 363.533 369.188
114 363.533 368.651
115 363.533 368.274
116 363.533 365.061
117 363.533 364.937
118 363.533 363.598
119 363.533 363.533
120 363.533 363.533
121 363.533 363.533
122 363.533 363.533
123 363.533 363.533
124 363.533 363.533
125 363.533 363.533
126 363.533 363.533
127 363.533 363.533
128 363.533 363.533
129 363.533 363.533
130 359.929 363.494
131 359.929 363.337
132 359.929 363.371
133 355.843 363.871
134 355.843 365.002
135 350.739 364.493
136 350.739 363.954
137 348.325 359.227
138 345.069 359.079
139 345.069 351.842
140 345.069 352.523
141 344.911 353.966
142 343.165 353.228
143 343.165 354.832
144 341.078 354.073
145 341.078 350.555
146 339.574 349.324
147 339.574 347.567
148 339.574 346.583
149 337.693 343.547
150 337.693 341.381
151 337.693 341.007
152 337.693 339.988
153 337.693 339.534
154 337.693 340.104
155 337.693 338.866
156 336.261 337.679
157 330.42 337.444
158 330.42 336.389
159 330.42 334.747
160 330.42 332.848
161 330.42 330.635
162 330.42 330.463
163 328.863 330.404
164 328.863 330.373
165 328.863 330.14
166 328.863 329.548
167 328.863 328.987
168 328.863 328.863
169 328.863 328.863
170 328.863 328.863
171 328.863 328.863
172 328.863 328.863
173 327.802 328.852
174 327.802 328.725
175 327.802 328.449
176 327.802 328.026
177 327.347 327.872
178 327.347 327.752
179 327.347 327.584
180 327.347 327.484
181 326.858 327.342
182 326.858 327.288
183 326.858 327.19
184 326.858 326.999
185 326.085 326.847
186 326.085 326.772
187 326.085 326.493
188 326.085 326.245
189 326.085 326.085
190 326.085 326.085
191 326.085 326.085
192 325.016 326.074
193 325.016 325.999
194 325.016 325.85
195 325.016 325.633
196 325.016 325.43
197 325.016 325.016
198 325.016 325.016
199 325.016 325.016
200 322.713 324.991
201 322.713 324.803
202 322.713 324.484
203 322.082 323.91
204 322.082 322.568
205 322.082 322.247
206 322.082 322.082
207 322.082 322.082
208 322.082 322.082
209 322.082 322.082
210 322.082 322.082
211 322.082 322.082
212 322.082 322.082
213 322.082 322.082
214 322.082 322.082
215 322.082 322.082
216 322.082 322.082
217 322.082 322.082
218 322.054 322.082
219 322.054 322.082
220 318.213 322.042
221 318.213 321.67
222 318.213 320.866
223 318.213 319.189
224 318.213 318.361
225 317.944 318.21
226 317.944 318.159
227 317.944 318.046
228 317.944 317.949
229 317.944 317.944
230 317.944 317.944
231 317.944 317.944
232 317.944 317.944
233 317.944 317.944
234 317.944 317.944
235 317.944 317.944
236 317.944 317.944
237 317.944 317.944
238 317.944 317.944
239 317.944 317.944
240 317.944 317.944
241 317.944 317.944
242 317.944 317.944
243 317.944 317.944
244 315.927 317.923
245 315.927 317.742
246 315.927 317.357
247 315.927 316.75
248 315.927 315.966
249 315.927 315.927
250 315.927 315.927
251 315.927 315.927
252 315.039 315.909
253 312.776 315.684
254 312.776 315.324
255 312.776 315.226
256 312.776 316.038
257 312.776 317.2
258 312.776 317.662
259 312.776 317.902
260 312.776 316.264
261 312.776 315.924
262 312.776 316.443
263 312.776 315.409
264 312.776 315.275
265 312.776 315.289
266 312.776 315.876
267 312.776 315.194
268 312.776 313.953
269 312.776 312.971
270 312.776 312.776
271 312.776 312.776
272 312.776 312.776
273 312.776 312.776
274 312.776 312.776
275 312.776 312.776
276 312.776 312.776
277 312.776 312.776
278 312.776 312.776
279 312.776 312.776
280 312.776 312.776
281 311.912 312.768
282 311.912 312.655
283 311.912 312.543
284 311.912 312.232
285 311.912 312.059
286 311.912 311.912
287 311.912 311.912
288 311.912 311.912
289 310.121 311.894
290 310.121 311.697
291 310.121 311.159
292 310.121 310.318
293 310.121 310.121
294 310.121 310.121
295 310.121 310.121
296 310.121 310.121
297 310.121 310.121
298 310.121 310.121
299 310.121 310.121
300 310.121 310.121
301 310.121 310.121
302 310.121 310.121
303 310.121 310.121
304 310.121 310.121
305 310.121 310.121
306 310.121 310.121
307 310.121 310.121
308 310.121 310.121
309 310.121 310.121
310 310.121 310.121
311 310.121 310.121
312 310.121 310.121
313 310.121 310.121
314 310.121 310.121
315 310.121 310.121
316 310.121 310.121
317 310.121 310.121
318 310.121 310.121
319 310.121 310.121
320 310.121 310.121
321 310.121 310.121
322 310.121 310.121
323 310.121 310.121
324 310.121 310.121
325 310.121 310.121
326 310.121 310.121
327 310.121 310.121
328 310.121 310.121
329 310.121 310.121
330 310.121 310.121
331 310.121 310.121
332 310.121 310.121
333 310.121 310.121
334 310.121 310.121
335 310.121 310.121
336 310.121 310.121
337 310.121 310.121
338 310.121 310.121
339 310.121 310.121
340 310.121 310.121
341 310.121 310.121
342 310.121 310.121
343 310.121 310.121
344 310.121 310.121
345 310.121 310.121
346 310.121 310.121
347 310.121 310.121
348 310.121 310.121
349 310.121 310.121
350 310.121 310.121
351 310.121 310.121
352 310.121 310.121
353 310.121 310.121
354 310.121 310.121
355 310.121 310.121
356 310.121 310.121
357 302.554 310.045
358 302.554 308.91
359 302.554 306.64
360 302.554 303.442
361 302.554 302.554
362 302.358 302.552
363 298.652 302.493
364 293.367 301.804
365 293.367 299.512
366 293.367 296.351
367 293.367 294.274
368 293.367 293.367
369 293.367 293.367
370 293.367 293.367
371 293.367 293.367
372 293.367 293.367
373 293.367 293.367
374 293.367 293.367
375 293.367 293.367
376 293.367 293.367
377 293.367 293.367
378 293.367 293.367
379 293.367 293.367
380 293.367 293.367
381 293.367 293.367
382 293.367 293.367
383 293.367 293.367
384 293.367 293.367
385 293.367 293.367
386 293.367 293.367
387 293.367 293.367
388 293.367 293.367
389 293.367 293.367
390 293.367 293.367
391 293.367 293.367
392 293.367 293.367
393 293.367 293.367
394 293.367 293.367
395 293.367 293.367
396 293.367 293.367
397 293.367 293.367
398 293.367 293.367
399 293.367 293.367
400 293.367 293.367
401 293.367 293.367
402 293.367 293.367
403 291.991 293.353
404 291.991 293.312
405 290.823 293.025
406 290.823 292.541
407 290.823 292.164
408 290.823 292.016
409 290.823 291.208
410 290.823 291.033
411 290.823 290.87
412 290.823 290.823
413 290.823 290.823
414 290.823 290.823
415 290.823 290.823
416 290.823 290.823
417 290.823 290.823
418 290.823 290.823
419 290.823 290.823
420 290.823 290.823
421 290.823 290.823
422 290.823 290.823
423 290.823 290.823
424 290.823 290.823
425 290.823 290.823
426 290.823 290.823
427 290.823 290.823
428 290.823 290.823
429 290.823 290.823
430 290.823 290.823
431 290.823 290.823
432 290.823 290.823
433 290.823 290.823
434 290.823 290.823
435 290.823 290.823
436 290.823 290.823
437 290.823 290.823
438 290.823 290.823
439 290.823 290.823
440 290.823 290.823
441 290.823 290.823
442 290.823 290.823
443 290.823 290.823
444 290.823 290.823
445 290.823 290.823
446 290.823 290.823
447 290.823 290.823
448 290.823 290.823
449 290.823 290.823
450 290.823 290.823
451 290.823 290.823
452 290.823 290.823
453 290.823 290.823
454 290.823 290.823
455 290.823 290.823
456 290.823 290.823
457 290.823 290.823
458 290.823 290.823
459 290.823 290.823
460 290.823 290.823
461 290.823 290.823
462 290.823 290.823
463 290.823 290.823
464 290.823 290.823
465 290.823 290.823
466 290.823 290.823
467 290.823 290.823
468 290.823 290.823
469 290.823 290.823
470 290.823 290.823
471 290.823 290.823
472 290.823 290.823
473 290.823 290.823
474 290.823 290.823
475 290.823 290.823
476 290.823 290.823
477 290.823 290.823
478 290.823 290.823
479 290.823 290.823
480 290.823 290.823
481 288.467 290.8
482 288.467 290.564
483 288.467 290.106
484 288.467 289.809
485 288.467 289.326
486 288.467 289.114
487 288.467 288.467
488 288.467 288.467
489 288.467 288.467
490 288.467 288.467
491 288.467 288.467
492 288.467 288.467
493 288.467 288.467
494 288.467 288.467
495 288.467 288.467
496 288.467 288.467
497 288.467 288.467
498 288.467 288.467
499 288.467 288.467
500 288.467 288.467
501 288.467 288.467
502 288.467 288.467
503 288.467 288.467
504 288.467 288.467
505 288.467 288.467
506 288.467 288.467
507 288.467 288.467
508 288.467 288.467
509 288.467 288.467
510 288.467 288.467
511 288.467 288.467
512 288.467 288.467
513 288.467 288.467
514 288.467 288.467
515 288.467 288.467
516 288.467 288.467
517 288.467 288.467
518 288.467 288.467
519 288.467 288.467
520 288.467 288.467
521 288.467 288.467
522 288.467 288.467
523 288.467 288.467
524 288.467 288.467
525 288.467 288.467
526 288.467 288.467
527 288.467 288.467
528 288.467 288.467
529 288.467 288.467
530 288.467 288.467
531 288.467 288.467
532 288.467 288.467
533 288.467 288.467
534 288.467 288.467
535 288.467 288.467
536 288.467 288.467
537 288.467 288.467
538 288.467 288.467
539 288.467 288.467
540 288.467 288.467
541 288.467 288.467
542 288.467 288.467
543 288.467 288.467
544 288.467 288.467
545 288.467 288.467
546 288.467 288.467
547 288.467 288.467
548 288.467 288.467
549 288.467 288.467
550 288.467 288.467
551 288.467 288.467
552 288.467 288.467
553 288.467 288.467
554 288.467 288.467
555 288.467 288.467
556 288.467 288.467
557 288.467 288.467
558 288.467 288.467
559 288.467 288.467
560 288.467 288.467
561 288.467 288.467
562 288.467 288.467
563 288.467 288.467
564 288.467 288.467
565 288.467 288.467
566 288.467 288.467
567 288.467 288.467
568 288.467 288.467
569 288.467 288.467
570 288.467 288.467
571 288.467 288.467
572 288.467 288.467
573 288.467 288.467
574 288.467 288.467
575 288.467 288.467
576 288.467 288.467
577 288.467 288.467
578 288.467 288.467
579 288.467 288.467
580 288.467 288.467
581 288.467 288.467
582 288.467 288.467
583 288.467 288.467
584 288.467 288.467
585 288.467 288.467
586 288.467 288.467
587 288.467 288.467
588 288.467 288.467
589 288.467 288.467
590 288.467 288.467
591 288.467 288.467
592 288.467 288.467
593 288.467 288.467
594 288.467 288.467
595 288.467 288.467
596 288.467 288.467
597 288.467 288.467
598 288.467 288.467
599 288.467 288.467
600 288.467 288.467
601 288.467 288.467
602 288.467 288.467
603 288.467 288.467
604 288.467 288.467
605 288.467 288.467
606 288.467 288.467
607 288.467 288.467
608 288.467 288.467
609 288.467 288.467
610 288.467 288.467
611 288.467 288.467
612 288.467 288.467
613 288.467 288.467
614 288.467 288.467
615 288.467 288.467
616 288.467 288.467
617 288.467 288.467
618 288.467 288.467
619 288.467 288.467
620 288.467 288.467
621 288.467 288.467
622 288.467 288.467
623 288.467 288.467
624 288.467 288.467
625 288.467 288.467
626 288.467 288.467
627 288.467 288.467
628 288.467 288.467
629 288.467 288.467
630 288.467 288.467
631 288.467 288.467
632 288.467 288.467
633 288.467 288.467
634 288.467 288.467
635 288.467 288.467
636 288.467 288.467
637 288.467 288.467
638 288.467 288.467
639 288.467 288.467
640 288.467 288.467
641 288.467 288.467
642 288.467 288.467
643 288.467 288.467
644 288.467 288.467
645 288.467 288.467
646 288.467 288.467
647 288.467 288.467
648 288.467 288.467
649 288.467 288.467
650 288.467 288.467
651 288.467 288.467
652 288.467 288.467
653 288.467 288.467
654 288.467 288.467
655 288.467 288.467
656 288.467 288.467
657 288.467 288.467
658 288.467 288.467
659 288.467 288.467
660 288.467 288.467
661 288.467 288.467
662 288.467 288.467
663 288.467 288.467
664 288.467 288.467
665 288.467 288.467
666 288.467 288.467
667 288.467 288.467
668 288.467 288.467
669 288.467 288.467
670 288.467 288.467
671 288.467 288.467
672 288.467 288.467
673 287.901 288.461
674 287.901 288.421
675 287.901 288.286
676 287.901 288.139
677 287.839 287.901
678 287.839 287.9
679 287.274 287.859
680 287.274 287.668
681 287.274 287.382
682 287.274 287.274
683 287.274 287.274
684 287.274 287.274
685 287.274 287.274
686 287.274 287.274
687 287.274 287.274
688 287.274 287.274
689 287.274 287.274
690 287.274 287.274
691 287.274 287.274
692 287.274 287.274
693 287.274 287.274
694 287.274 287.274
695 287.274 287.274
696 287.274 287.274
697 287.274 287.274
698 287.274 287.274
699 287.274 287.274
700 287.274 287.274
701 287.274 287.274
702 287.274 287.274
703 287.274 287.274
704 287.274 287.274
705 287.274 287.274
706 287.274 287.274
707 287.274 287.274
708 287.274 287.274
709 287.274 287.274
710 287.274 287.274
711 287.274 287.274
712 287.274 287.274
713 287.274 287.274
714 287.274 287.274
715 287.274 287.274
716 287.274 287.274
717 287.274 287.274
718 287.274 287.274
719 287.274 287.274
720 287.274 287.274
721 287.274 287.274
722 287.274 287.274
723 287.274 287.274
724 287.274 287.274
725 287.274 287.274
726 287.274 287.274
727 287.274 287.274
728 287.274 287.274
729 287.274 287.274
730 287.274 287.274
731 287.274 287.274
732 287.274 287.274
733 287.274 287.274
734 287.274 287.274
735 287.274 287.274
736 287.274 287.274
737 287.274 287.274
738 287.274 287.274
739 287.274 287.274
740 287.274 287.274
741 287.274 287.274
742 287.274 287.274
743 287.274 287.274
744 287.274 287.274
745 287.274 287.274
746 287.274 287.274
747 287.274 287.274
748 287.274 287.274
749 287.274 287.274
750 287.274 287.274
751 287.274 287.274
752 287.274 287.274
753 287.274 287.274
754 287.274 287.274
755 287.274 287.274
756 287.274 287.274
757 287.274 287.274
758 287.274 287.274
759 287.274 287.274
760 287.274 287.274
761 287.274 287.274
762 287.274 287.274
763 287.274 287.274
764 287.274 287.274
765 287.274 287.274
766 287.274 287.274
767 287.274 287.274
768 287.274 287.274
769 287.274 287.274
770 287.274 287.274
771 287.274 287.274
772 287.274 287.274
773 287.274 287.274
774 287.274 287.274
775 287.274 287.274
776 287.274 287.274
777 287.274 287.274
778 287.274 287.274
779 287.274 287.274
780 287.274 287.274
781 287.274 287.274
782 287.274 287.274
783 287.274 287.274
784 287.274 287.274
785 287.274 287.274
786 287.274 287.274
787 287.274 287.274
788 287.274 287.274
789 287.274 287.274
790 287.274 287.274
791 287.274 287.274
792 287.274 287.274
793 287.274 287.274
794 287.274 287.274
795 287.274 287.274
796 287.274 287.274
797 287.274 287.274
798 287.274 287.274
799 287.274 287.274
800 287.274 287.274
801 287.274 287.274
802 287.274 287.274
803 287.274 287.274
804 287.274 287.274
805 287.274 287.274
806 287.274 287.274
807 287.274 287.274
808 287.274 287.274
809 287.274 287.274
810 287.274 287.274
811 287.274 287.274
812 287.274 287.274
813 287.274 287.274
814 287.274 287.274
815 287.274 287.274
816 287.274 287.274
817 287.274 287.274
818 287.274 287.274
819 287.274 287.274
820 287.274 287.274
821 287.274 287.274
822 287.274 287.274
823 287.274 287.274
824 287.274 287.274
825 287.274 287.274
826 287.274 287.274
827 287.274 287.274
828 287.274 287.274
829 287.274 287.274
830 287.274 287.274
831 287.274 287.274
832 287.274 287.274
833 287.274 287.274
834 287.274 287.274
835 287.274 287.274
836 287.274 287.274
837 287.274 287.274
838 287.274 287.274
839 287.274 287.274
840 287.274 287.274
841 287.274 287.274
842 287.274 287.274
843 287.274 287.274
844 287.274 287.274
845 287.274 287.274
846 287.274 287.274
847 287.274 287.274
848 287.274 287.274
849 287.274 287.274
850 287.274 287.274
851 287.274 287.274
852 287.274 287.274
853 287.274 287.274
854 287.274 287.274
855 287.274 287.274
856 287.274 287.274
857 287.274 287.274
858 287.274 287.274
859 287.274 287.274
860 287.274 287.274
861 287.274 287.274
862 287.274 287.274
863 287.274 287.274
864 287.274 287.274
865 287.274 287.274
866 287.274 287.274
867 287.274 287.274
868 287.274 287.274
869 287.274 287.274
870 287.274 287.274
871 287.274 287.274
872 287.274 287.274
873 287.274 287.274
874 287.274 287.274
875 287.274 287.274
876 287.274 287.274
877 287.274 287.274
878 287.274 287.274
879 287.274 287.274
880 287.274 287.274
881 287.274 287.274
882 287.274 287.274
883 287.274 287.274
884 287.274 287.274
885 287.274 287.274
886 287.274 287.274
887 287.274 287.274
888 287.274 287.274
889 287.274 287.274
890 287.274 287.274
891 287.274 287.274
892 287.274 287.274
893 287.274 287.274
894 287.274 287.274
895 279.2 287.193
896 279.2 286.969
897 279.2 286.522
898 279.2 286.376
899 279.2 286.36
900 279.2 287.666
901 279.2 285.915
902 279.2 283.96
903 279.2 281.424
904 279.2 279.4
905 279.2 279.2
906 279.2 279.2
907 279.2 279.2
908 279.2 279.2
909 279.2 279.2
910 279.2 279.2
911 279.2 279.2
912 279.2 279.2
913 279.2 279.2
914 279.2 279.2
915 279.2 279.2
916 279.2 279.2
917 279.2 279.2
918 279.2 279.2
919 279.2 279.2
920 279.2 279.2
921 279.2 279.2
922 279.2 279.2
923 279.2 279.2
924 279.2 279.2
925 279.2 279.2
926 279.2 279.2
927 279.2 279.2
928 279.2 279.2
929 279.2 279.2
930 279.2 279.2
931 279.2 279.2
932 279.2 279.2
933 279.2 279.2
934 279.2 279.2
935 279.2 279.2
936 279.2 279.2
937 279.2 279.2
938 279.2 279.2
939 279.2 279.2
940 279.2 279.2
941 279.2 279.2
942 279.2 279.2
943 279.2 279.2
944 279.2 279.2
945 279.2 279.2
946 279.2 279.2
947 279.2 279.2
948 279.2 279.2
949 279.2 279.2
950 279.2 279.2
951 279.2 279.2
952 279.2 279.2
953 279.2 279.2
954 279.2 279.2
955 279.2 279.2
956 279.2 279.2
957 279.2 279.2
958 279.2 279.2
959 279.2 279.2
960 278.56 279.194
961 278.56 279.117
962 278.56 278.867
963 278.56 278.566
964 278.56 278.56
965 278.56 278.56
966 278.56 278.56
967 278.56 278.56
968 278.56 278.56
969 278.56 278.56
970 278.56 278.56
971 278.56 278.56
972 278.56 278.56
973 278.56 278.56
974 278.56 278.56
975 278.56 278.56
976 278.56 278.56
977 278.56 278.56
978 278.56 278.56
979 278.56 278.56
980 278.56 278.56
981 278.56 278.56
982 278.56 278.56
983 278.56 278.56
984 278.56 278.56
985 278.56 278.56
986 278.56 278.56
987 278.56 278.56
988 278.56 278.56
989 278.56 278.56
990 278.56 278.56
991 278.56 278.56
992 278.56 278.56
993 278.56 278.56
994 278.56 278.56
995 278.56 278.56
996 278.56 278.56
997 278.56 278.56
998 278.56 278.56
999 278.56 278.56
1000 278.56 278.56
1001 278.56 278.56
1002 278.56 278.56
1003 278.56 278.56
1004 278.56 278.56
1005 278.56 278.56
1006 278.56 278.56
1007 278.56 278.56
1008 278.56 278.56
1009 278.56 278.56
1010 278.56 278.56
1011 278.56 278.56
1012 278.56 278.56
1013 278.56 278.56
1014 278.56 278.56
1015 278.56 278.56
1016 278.56 278.56
1017 278.56 278.56
1018 278.56 278.56
1019 278.56 278.56
1020 278.56 278.56
1021 278.56 278.56
1022 278.56 278.56
1023 278.56 278.56
1024 278.56 278.56
1025 278.56 278.56
1026 278.56 278.56
1027 278.56 278.56
1028 278.56 278.56
1029 278.56 278.56
1030 278.56 278.56
1031 278.56 278.56
1032 278.56 278.56
1033 278.56 278.56
1034 278.56 278.56
1035 278.56 278.56
1036 278.56 278.56
1037 278.56 278.56
1038 278.56 278.56
1039 278.56 278.56
1040 278.56 278.56
1041 278.56 278.56
1042 278.56 278.56
1043 278.56 278.56
1044 278.56 278.56
1045 278.56 278.56
1046 278.56 278.56
1047 278.56 278.56
1048 278.56 278.56
1049 278.56 278.56
1050 278.56 278.56
1051 278.56 278.56
1052 278.56 278.56
1053 278.56 278.56
1054 278.56 278.56
1055 278.56 278.56
1056 278.56 278.56
1057 278.56 278.56
1058 278.56 278.56
1059 278.56 278.56
1060 278.56 278.56
1061 278.56 278.56
1062 278.56 278.56
1063 278.56 278.56
1064 278.56 278.56
1065 278.56 278.56
1066 278.56 278.56
1067 278.56 278.56
1068 278.56 278.56
1069 278.56 278.56
1070 278.56 278.56
1071 278.56 278.56
1072 278.56 278.56
1073 278.56 278.56
1074 278.56 278.56
1075 278.56 278.56
1076 278.56 278.56
1077 278.56 278.56
1078 278.56 278.56
1079 278.56 278.56
1080 278.56 278.56
1081 278.56 278.56
1082 278.56 278.56
1083 278.56 278.56
1084 278.56 278.56
1085 278.56 278.56
1086 278.56 278.56
1087 278.56 278.56
1088 278.56 278.56
1089 278.56 278.56
1090 278.56 278.56
1091 278.56 278.56
1092 278.56 278.56
1093 278.56 278.56
1094 278.56 278.56
1095 278.56 278.56
1096 278.56 278.56
1097 278.56 278.56
1098 278.56 278.56
1099 278.56 278.56
1100 278.56 278.56
1101 278.56 278.56
1102 278.56 278.56
1103 278.56 278.56
1104 278.56 278.56
1105 278.56 278.56
1106 278.368 278.558
1107 278.368 278.552
1108 278.368 278.497
1109 278.368 278.456
1110 278.368 278.399
1111 278.368 278.368
1112 278.368 278.368
1113 278.368 278.368
1114 278.368 278.368
1115 278.368 278.368
1116 278.368 278.368
1117 278.368 278.368
1118 278.368 278.368
1119 278.368 278.368
1120 278.368 278.368
1121 278.368 278.368
1122 278.368 278.368
1123 278.368 278.368
1124 278.368 278.368
1125 278.368 278.368
1126 278.368 278.368
1127 278.368 278.368
1128 278.368 278.368
1129 278.368 278.368
1130 278.368 278.368
1131 278.368 278.368
1132 278.368 278.368
1133 278.368 278.368
1134 278.368 278.368
1135 278.368 278.368
1136 278.368 278.368
1137 278.368 278.368
1138 278.368 278.368
1139 278.368 278.368
1140 278.368 278.368
1141 278.368 278.368
1142 278.368 278.368
1143 278.368 278.368
1144 278.368 278.368
1145 278.368 278.368
1146 278.368 278.368
1147 278.368 278.368
1148 278.368 278.368
1149 278.368 278.368
1150 278.368 278.368
1151 278.368 278.368
1152 278.368 278.368
1153 278.368 278.368
1154 278.368 278.368
1155 278.368 278.368
1156 278.368 278.368
1157 278.368 278.368
1158 278.368 278.368
1159 278.368 278.368
1160 278.368 278.368
1161 278.368 278.368
1162 278.368 278.368
1163 278.368 278.368
1164 278.368 278.368
1165 278.368 278.368
1166 278.368 278.368
1167 278.368 278.368
1168 278.368 278.368
1169 278.368 278.368
1170 278.368 278.368
1171 278.368 278.368
1172 278.368 278.368
1173 278.368 278.368
1174 278.368 278.368
1175 278.368 278.368
1176 278.368 278.368
1177 278.368 278.368
1178 278.368 278.368
1179 278.368 278.368
1180 278.368 278.368
1181 278.368 278.368
1182 278.368 278.368
1183 278.368 278.368
1184 278.368 278.368
1185 278.368 278.368
1186 278.368 278.368
1187 278.368 278.368
1188 278.368 278.368
1189 278.368 278.368
1190 278.368 278.368
1191 278.368 278.368
1192 278.368 278.368
1193 278.368 278.368
1194 278.368 278.368
1195 278.368 278.368
1196 278.368 278.368
1197 278.368 278.368
1198 278.368 278.368
1199 278.368 278.368
1200 278.368 278.368
1201 278.368 278.368
1202 278.368 278.368
1203 278.368 278.368
1204 278.368 278.368
1205 278.368 278.368
1206 278.368 278.368
1207 278.368 278.368
1208 278.368 278.368
1209 278.368 278.368
1210 278.368 278.368
1211 278.368 278.368
1212 278.368 278.368
1213 278.368 278.368
1214 278.368 278.368
1215 278.368 278.368
1216 278.368 278.368
1217 278.368 278.368
1218 278.368 278.368
1219 278.368 278.368
1220 275.797 278.343
1221 275.797 278.06
1222 275.797 277.52
1223 275.797 276.543
1224 275.797 275.797
1225 275.797 275.797
1226 275.797 275.797
1227 275.797 275.797
1228 275.797 275.797
1229 275.797 275.797
1230 275.797 275.797
1231 275.797 275.797
1232 275.797 275.797
1233 275.797 275.797
1234 275.797 275.797
1235 275.797 275.797
1236 275.797 275.797
1237 275.797 275.797
1238 275.797 275.797
1239 275.797 275.797
1240 275.797 275.797
1241 275.797 275.797
1242 275.797 275.797
1243 275.797 275.797
1244 275.797 275.797
1245 275.797 275.797
1246 275.797 275.797
1247 275.797 275.797
1248 275.797 275.797
1249 275.797 275.797
1250 275.797 275.797
1251 275.797 275.797
1252 275.797 275.797
1253 275.797 275.797
1254 275.797 275.797
1255 275.797 275.797
1256 275.797 275.797
1257 275.797 275.797
1258 275.797 275.797
1259 275.797 275.797
1260 275.797 275.797
1261 275.797 275.797
1262 275.797 275.797
1263 275.797 275.797
1264 275.797 275.797
1265 275.797 275.797
1266 275.797 275.797
1267 275.797 275.797
1268 275.797 275.797
1269 275.797 275.797
1270 275.797 275.797
1271 275.797 275.797
1272 275.797 275.797
1273 275.797 275.797
1274 275.797 275.797
1275 275.797 275.797
1276 275.797 275.797
1277 275.797 275.797
1278 275.797 275.797
1279 275.797 275.797
1280 275.797 275.797
1281 275.797 275.797
1282 275.797 275.797
1283 275.797 275.797
1284 275.797 275.797
1285 275.797 275.797
1286 275.797 275.797
1287 275.797 275.797
1288 275.797 275.797
1289 275.797 275.797
1290 275.797 275.797
1291 275.797 275.797
1292 275.797 275.797
1293 275.797 275.797
1294 275.797 275.797
1295 275.797 275.797
1296 275.797 275.797
1297 275.797 275.797
1298 275.797 275.797
1299 275.797 275.797
1300 275.797 275.797
1301 275.797 275.797
1302 275.797 275.797
1303 275.797 275.797
1304 275.797 275.797
1305 275.797 275.797
1306 275.797 275.797
1307 275.797 275.797
1308 275.797 275.797
1309 275.797 275.797
1310 274.33 275.783
1311 274.33 275.636
1312 274.33 275.225
1313 274.33 274.623
1314 274.33 274.33
1315 274.33 274.33
1316 274.33 274.33
1317 274.33 274.33
1318 274.33 274.33
1319 274.33 274.33
1320 274.33 274.33
1321 274.33 274.33
1322 274.33 274.33
1323 274.33 274.33
1324 274.33 274.33
1325 274.33 274.33
1326 274.33 274.33
1327 274.33 274.33
1328 274.33 274.33
1329 274.33 274.33
1330 274.33 274.33
1331 274.33 274.33
1332 274.33 274.33
1333 274.33 274.33
1334 274.33 274.33
1335 274.33 274.33
1336 274.33 274.33
1337 274.33 274.33
1338 274.33 274.33
1339 274.33 274.33
1340 274.33 274.33
1341 274.33 274.33
1342 274.33 274.33
1343 274.33 274.33
1344 274.33 274.33
1345 274.33 274.33
1346 274.33 274.33
1347 274.33 274.33
1348 274.33 274.33
1349 274.33 274.33
1350 274.33 274.33
1351 274.33 274.33
1352 274.33 274.33
1353 274.33 274.33
1354 274.33 274.33
1355 274.33 274.33
1356 274.33 274.33
1357 274.33 274.33
1358 274.33 274.33
1359 274.33 274.33
1360 274.33 274.33
1361 274.33 274.33
1362 274.33 274.33
1363 274.33 274.33
1364 274.33 274.33
1365 274.33 274.33
1366 274.33 274.33
1367 274.33 274.33
1368 274.33 274.33
1369 274.33 274.33
1370 274.33 274.33
1371 274.33 274.33
1372 274.33 274.33
1373 274.33 274.33
1374 274.33 274.33
1375 274.33 274.33
1376 274.33 274.33
1377 274.33 274.33
1378 274.33 274.33
1379 274.33 274.33
1380 274.33 274.33
1381 274.33 274.33
1382 274.33 274.33
1383 274.33 274.33
1384 274.33 274.33
1385 274.33 274.33
1386 274.33 274.33
1387 274.33 274.33
1388 274.33 274.33
1389 274.33 274.33
1390 274.33 274.33
1391 274.33 274.33
1392 274.33 274.33
1393 274.33 274.33
1394 274.33 274.33
1395 274.33 274.33
1396 274.33 274.33
1397 274.33 274.33
1398 274.33 274.33
1399 274.33 274.33
1400 274.33 274.33
1401 274.33 274.33
1402 274.33 274.33
1403 274.33 274.33
1404 274.33 274.33
1405 274.33 274.33
1406 274.33 274.33
1407 274.33 274.33
1408 274.33 274.33
1409 274.33 274.33
1410 274.33 274.33
1411 274.33 274.33
1412 274.33 274.33
1413 274.33 274.33
1414 274.33 274.33
1415 274.33 274.33
1416 274.33 274.33
1417 274.33 274.33
1418 274.33 274.33
1419 274.33 274.33
1420 274.33 274.33
1421 274.33 274.33
1422 274.33 274.33
1423 274.33 274.33
1424 274.33 274.33
1425 274.33 274.33
1426 274.33 274.33
1427 274.33 274.33
1428 274.33 274.33
1429 274.33 274.33
1430 274.33 274.33
1431 274.33 274.33
1432 274.33 274.33
1433 274.33 274.33
1434 274.33 274.33
1435 274.33 274.33
1436 274.33 274.33
1437 274.33 274.33
1438 274.33 274.33
1439 274.33 274.33
1440 274.33 274.33
1441 274.33 274.33
1442 274.33 274.33
1443 274.33 274.33
1444 274.33 274.33
1445 274.33 274.33
1446 274.33 274.33
1447 274.33 274.33
1448 274.33 274.33
1449 274.33 274.33
1450 274.33 274.33
1451 274.33 274.33
1452 274.33 274.33
1453 274.33 274.33
1454 274.33 274.33
1455 274.33 274.33
1456 274.33 274.33
1457 274.33 274.33
1458 274.33 274.33
1459 274.33 274.33
1460 274.33 274.33
1461 274.33 274.33
1462 274.33 274.33
1463 274.33 274.33
1464 274.33 274.33
1465 274.33 274.33
1466 274.33 274.33
1467 274.33 274.33
1468 274.33 274.33
1469 274.33 274.33
1470 274.33 274.33
1471 274.33 274.33
1472 274.33 274.33
1473 274.33 274.33
1474 274.33 274.33
1475 274.33 274.33
1476 274.33 274.33
1477 274.33 274.33
1478 274.33 274.33
1479 274.33 274.33
1480 274.33 274.33
1481 274.33 274.33
1482 274.33 274.33
1483 274.33 274.33
1484 274.33 274.33
1485 274.33 274.33
1486 274.33 274.33
1487 274.33 274.33
1488 274.33 274.33
1489 274.33 274.33
1490 274.33 274.33
1491 274.33 274.33
1492 274.33 274.33
1493 274.33 274.33
1494 274.33 274.33
1495 274.33 274.33
1496 274.33 274.33
1497 274.33 274.33
1498 274.33 274.33
1499 274.33 274.33
1500 274.33 274.33
1501 274.33 274.33
1502 274.33 274.33
1503 274.33 274.33
1504 274.33 274.33
1505 274.33 274.33
1506 274.33 274.33
1507 274.33 274.33
1508 274.33 274.33
1509 274.33 274.33
1510 274.33 274.33
1511 274.33 274.33
1512 274.33 274.33
1513 274.33 274.33
1514 274.33 274.33
1515 274.33 274.33
1516 274.33 274.33
1517 274.33 274.33
1518 274.33 274.33
1519 274.33 274.33
1520 274.33 274.33
1521 274.33 274.33
1522 274.33 274.33
1523 274.33 274.33
1524 274.33 274.33
1525 274.33 274.33
1526 274.33 274.33
1527 274.33 274.33
1528 274.33 274.33
1529 274.33 274.33
1530 274.33 274.33
1531 274.33 274.33
1532 274.33 274.33
1533 274.33 274.33
1534 274.33 274.33
1535 274.33 274.33
1536 274.33 274.33
1537 274.33 274.33
1538 274.33 274.33
1539 274.33 274.33
1540 274.33 274.33
1541 274.33 274.33
1542 274.33 274.33
1543 274.33 274.33
1544 274.33 274.33
1545 274.33 274.33
1546 274.33 274.33
1547 274.33 274.33
1548 274.33 274.33
1549 274.33 274.33
1550 274.33 274.33
1551 274.33 274.33
1552 274.33 274.33
1553 274.33 274.33
1554 274.33 274.33
1555 274.33 274.33
1556 274.33 274.33
1557 274.33 274.33
1558 274.33 274.33
1559 274.33 274.33
1560 274.33 274.33
1561 274.33 274.33
1562 274.33 274.33
1563 274.33 274.33
1564 274.33 274.33
1565 274.33 274.33
1566 274.33 274.33
1567 274.33 274.33
1568 274.33 274.33
1569 274.33 274.33
1570 274.33 274.33
1571 274.33 274.33
1572 274.33 274.33
1573 274.33 274.33
1574 274.33 274.33
1575 274.33 274.33
1576 274.33 274.33
1577 274.33 274.33
1578 274.33 274.33
1579 274.33 274.33
1580 274.33 274.33
1581 274.33 274.33
1582 274.33 274.33
1583 274.33 274.33
1584 274.33 274.33
1585 274.33 274.33
1586 274.33 274.33
1587 274.33 274.33
1588 274.33 274.33
1589 274.33 274.33
1590 274.33 274.33
1591 274.33 274.33
1592 274.33 274.33
1593 274.33 274.33
1594 274.33 274.33
1595 274.33 274.33
1596 274.33 274.33
1597 274.33 274.33
1598 274.33 274.33
1599 274.33 274.33
1600 274.33 274.33
1601 274.33 274.33
1602 274.33 274.33
1603 274.33 274.33
1604 274.33 274.33
1605 274.33 274.33
1606 274.33 274.33
1607 274.33 274.33
1608 274.33 274.33
1609 274.33 274.33
1610 274.33 274.33
1611 274.33 274.33
1612 274.33 274.33
1613 274.33 274.33
1614 274.33 274.33
1615 274.33 274.33
1616 274.33 274.33
1617 274.33 274.33
1618 274.33 274.33
1619 274.33 274.33
1620 274.33 274.33
1621 274.33 274.33
1622 274.33 274.33
1623 274.33 274.33
1624 274.33 274.33
1625 274.33 274.33
1626 274.33 274.33
1627 274.33 274.33
1628 274.33 274.33
1629 274.33 274.33
1630 274.33 274.33
1631 274.33 274.33
1632 274.33 274.33
1633 274.33 274.33
1634 274.33 274.33
1635 274.33 274.33
1636 274.33 274.33
1637 274.33 274.33
1638 274.33 274.33
1639 274.33 274.33
1640 274.33 274.33
1641 274.33 274.33
1642 274.33 274.33
1643 274.33 274.33
1644 274.33 274.33
1645 274.33 274.33
1646 274.33 274.33
1647 274.33 274.33
1648 274.33 274.33
1649 274.33 274.33
1650 274.33 274.33
1651 274.33 274.33
1652 274.33 274.33
1653 274.33 274.33
1654 274.33 274.33
1655 274.33 274.33
1656 274.33 274.33
1657 274.33 274.33
1658 274.33 274.33
1659 274.33 274.33
1660 274.33 274.33
1661 274.33 274.33
1662 274.33 274.33
1663 274.33 274.33
1664 274.33 274.33
1665 274.33 274.33
1666 274.33 274.33
1667 274.33 274.33
1668 274.33 274.33
1669 274.33 274.33
1670 274.33 274.33
1671 274.33 274.33
1672 274.33 274.33
1673 274.33 274.33
1674 274.33 274.33
1675 274.33 274.33
1676 274.33 274.33
1677 274.33 274.33
1678 274.33 274.33
1679 274.33 274.33
1680 274.33 274.33
1681 274.33 274.33
1682 274.33 274.33
1683 274.33 274.33
1684 274.33 274.33
1685 274.33 274.33
1686 274.33 274.33
1687 274.33 274.33
1688 274.33 274.33
1689 274.33 274.33
1690 274.33 274.33
1691 274.33 274.33
1692 274.33 274.33
1693 274.33 274.33
1694 274.33 274.33
1695 274.33 274.33
1696 274.33 274.33
1697 274.33 274.33
1698 274.33 274.33
1699 274.33 274.33
1700 274.33 274.33
1701 274.33 274.33
1702 274.33 274.33
1703 274.33 274.33
1704 274.33 274.33
1705 274.33 274.33
1706 274.33 274.33
1707 274.33 274.33
1708 274.33 274.33
1709 274.33 274.33
1710 274.33 274.33
1711 274.33 274.33
1712 274.33 274.33
1713 274.33 274.33
1714 274.33 274.33
1715 274.33 274.33
1716 274.33 274.33
1717 274.33 274.33
1718 274.33 274.33
1719 274.33 274.33
1720 274.33 274.33
1721 274.33 274.33
1722 274.33 274.33
1723 274.33 274.33
1724 274.33 274.33
1725 274.33 274.33
1726 274.33 274.33
1727 274.33 274.33
1728 274.33 274.33
1729 274.33 274.33
1730 274.33 274.33
1731 274.33 274.33
1732 274.33 274.33
1733 274.33 274.33
1734 274.33 274.33
1735 274.33 274.33
1736 274.33 274.33
1737 274.33 274.33
1738 274.33 274.33
1739 274.33 274.33
1740 274.33 274.33
1741 274.33 274.33
1742 274.33 274.33
1743 274.33 274.33
1744 274.33 274.33
1745 274.33 274.33
1746 274.33 274.33
1747 274.33 274.33
1748 274.33 274.33
1749 274.33 274.33
1750 274.33 274.33
1751 274.33 274.33
1752 274.33 274.33
1753 274.33 274.33
1754 274.33 274.33
1755 274.33 274.33
1756 274.33 274.33
1757 274.33 274.33
1758 274.33 274.33
1759 274.33 274.33
1760 274.33 274.33
1761 274.33 274.33
1762 274.33 274.33
1763 274.33 274.33
1764 274.33 274.33
1765 274.33 274.33
1766 274.33 274.33
1767 274.33 274.33
1768 274.33 274.33
1769 274.33 274.33
1770 274.33 274.33
1771 274.33 274.33
1772 274.33 274.33
1773 274.33 274.33
1774 274.33 274.33
1775 274.33 274.33
1776 274.33 274.33
1777 274.33 274.33
1778 274.33 274.33
1779 274.33 274.33
1780 274.33 274.33
1781 274.33 274.33
1782 274.33 274.33
1783 274.33 274.33
1784 274.33 274.33
1785 274.33 274.33
1786 274.33 274.33
1787 274.33 274.33
1788 274.33 274.33
1789 274.33 274.33
1790 274.33 274.33
1791 274.33 274.33
1792 274.33 274.33
1793 274.33 274.33
1794 274.33 274.33
1795 274.33 274.33
1796 274.33 274.33
1797 274.33 274.33
1798 274.33 274.33
1799 274.33 274.33
1800 274.33 274.33
1801 274.33 274.33
1802 274.33 274.33
1803 274.33 274.33
1804 274.33 274.33
1805 274.33 274.33
1806 274.33 274.33
1807 274.33 274.33
1808 274.33 274.33
1809 274.33 274.33
1810 274.33 274.33
1811 274.33 274.33
1812 274.33 274.33
1813 274.33 274.33
1814 274.33 274.33
1815 274.33 274.33
1816 274.33 274.33
1817 274.33 274.33
1818 274.33 274.33
1819 274.33 274.33
1820 274.33 274.33
1821 274.33 274.33
1822 274.33 274.33
1823 274.33 274.33
1824 274.33 274.33
1825 274.33 274.33
1826 274.33 274.33
1827 274.33 274.33
1828 274.33 274.33
1829 274.33 274.33
1830 274.33 274.33
1831 274.33 274.33
1832 274.33 274.33
1833 274.33 274.33
1834 274.33 274.33
1835 274.33 274.33
1836 274.33 274.33
1837 274.33 274.33
1838 274.33 274.33
1839 274.33 274.33
1840 274.33 274.33
1841 274.33 274.33
1842 274.33 274.33
1843 274.33 274.33
1844 274.33 274.33
1845 274.33 274.33
1846 274.33 274.33
1847 274.33 274.33
1848 274.33 274.33
1849 274.33 274.33
1850 274.33 274.33
1851 274.33 274.33
1852 274.33 274.33
1853 274.33 274.33
1854 274.33 274.33
1855 274.33 274.33
1856 274.33 274.33
1857 274.33 274.33
1858 274.33 274.33
1859 274.33 274.33
1860 274.33 274.33
1861 274.33 274.33
1862 274.33 274.33
1863 274.33 274.33
1864 274.33 274.33
1865 274.33 274.33
1866 274.33 274.33
1867 274.33 274.33
1868 274.33 274.33
1869 274.33 274.33
1870 274.33 274.33
1871 274.33 274.33
1872 274.33 274.33
1873 274.33 274.33
1874 274.33 274.33
1875 274.33 274.33
1876 274.33 274.33
1877 274.33 274.33
1878 274.33 274.33
1879 274.33 274.33
1880 274.33 274.33
1881 274.33 274.33
1882 274.33 274.33
1883 274.33 274.33
1884 274.33 274.33
1885 274.33 274.33
1886 274.33 274.33
1887 274.33 274.33
1888 274.33 274.33
1889 274.33 274.33
1890 274.33 274.33
1891 274.33 274.33
1892 274.33 274.33
1893 274.33 274.33
1894 274.33 274.33
1895 274.33 274.33
1896 274.33 274.33
1897 274.33 274.33
1898 274.33 274.33
1899 274.33 274.33
1900 274.33 274.33
1901 274.33 274.33
1902 274.33 274.33
1903 274.33 274.33
1904 274.33 274.33
1905 274.33 274.33
1906 274.33 274.33
1907 274.33 274.33
1908 274.33 274.33
1909 274.33 274.33
1910 274.33 274.33
1911 274.33 274.33
1912 274.33 274.33
1913 274.33 274.33
1914 274.33 274.33
1915 274.33 274.33
1916 274.33 274.33
1917 274.33 274.33
1918 274.33 274.33
1919 274.33 274.33
1920 274.33 274.33
1921 274.33 274.33
1922 274.33 274.33
1923 274.33 274.33
1924 274.33 274.33
1925 274.33 274.33
1926 274.33 274.33
1927 274.33 274.33
1928 274.33 274.33
1929 274.33 274.33
1930 274.33 274.33
1931 274.33 274.33
1932 274.33 274.33
1933 274.33 274.33
1934 274.33 274.33
1935 274.33 274.33
1936 274.33 274.33
1937 274.33 274.33
1938 274.33 274.33
1939 274.33 274.33
1940 274.33 274.33
1941 274.33 274.33
1942 274.33 274.33
1943 274.33 274.33
1944 274.33 274.33
1945 274.33 274.33
1946 274.33 274.33
1947 274.33 274.33
1948 274.33 274.33
1949 274.33 274.33
1950 274.33 274.33
1951 274.33 274.33
1952 274.33 274.33
1953 274.33 274.33
1954 274.33 274.33
1955 274.33 274.33
1956 274.33 274.33
1957 274.33 274.33
1958 274.33 274.33
1959 274.33 274.33
1960 274.33 274.33
1961 274.33 274.33
1962 274.33 274.33
1963 274.33 274.33
1964 274.33 274.33
1965 274.33 274.33
1966 274.33 274.33
1967 274.33 274.33
1968 274.33 274.33
1969 274.33 274.33
1970 274.33 274.33
1971 274.33 274.33
1972 274.33 274.33
1973 274.33 274.33
1974 274.33 274.33
1975 274.33 274.33
1976 274.33 274.33
1977 274.33 274.33
1978 274.33 274.33
1979 274.33 274.33
1980 274.33 274.33
1981 274.33 274.33
1982 274.33 274.33
1983 274.33 274.33
1984 274.33 274.33
1985 274.33 274.33
1986 274.33 274.33
1987 274.33 274.33
1988 274.33 274.33
1989 274.33 274.33
1990 274.33 274.33
1991 274.33 274.33
1992 274.33 274.33
1993 274.33 274.33
1994 274.33 274.33
1995 274.33 274.33
1996 274.33 274.33
1997 274.33 274.33
1998 274.33 274.33
1999 274.33 274.33
2000 274.33 274.33
2001 274.33 274.33
2002 274.33 274.33
2003 274.33 274.33
2004 274.33 274.33
2005 274.33 274.33
2006 274.33 274.33
2007 274.33 274.33
2008 274.33 274.33
2009 274.33 274.33
2010 274.33 274.33
2011 274.33 274.33
2012 274.33 274.33
2013 274.33 274.33
2014 274.33 274.33
2015 274.33 274.33
2016 274.33 274.33
2017 274.33 274.33
2018 274.33 274.33
2019 274.33 274.33
2020 274.33 274.33
2021 274.33 274.33
2022 274.33 274.33
2023 274.33 274.33
2024 274.33 274.33
2025 274.33 274.33
2026 274.33 274.33
2027 274.33 274.33
2028 274.33 274.33
2029 274.33 274.33
2030 274.33 274.33
2031 274.33 274.33
2032 274.33 274.33
2033 274.33 274.33
2034 274.33 274.33
2035 274.33 274.33
2036 274.33 274.33
2037 274.33 274.33
2038 274.33 274.33
2039 274.33 274.33
2040 274.33 274.33
2041 274.33 274.33
2042 274.33 274.33
2043 274.33 274.33
2044 274.33 274.33
2045 274.33 274.33
2046 274.33 274.33
2047 274.33 274.33
2048 274.33 274.33
2049 274.33 274.33
2050 274.33 274.33
2051 274.33 274.33
2052 274.33 274.33
2053 274.33 274.33
2054 274.33 274.33
2055 274.33 274.33
2056 274.33 274.33
2057 274.33 274.33
2058 274.33 274.33
2059 274.33 274.33
2060 274.33 274.33
2061 274.33 274.33
2062 274.33 274.33
2063 274.33 274.33
2064 274.33 274.33
2065 274.33 274.33
2066 274.33 274.33
2067 274.33 274.33
2068 274.33 274.33
2069 274.33 274.33
2070 274.33 274.33
2071 274.33 274.33
2072 274.33 274.33
2073 274.33 274.33
2074 274.33 274.33
2075 274.33 274.33
2076 274.33 274.33
2077 274.33 274.33
2078 274.33 274.33
2079 274.33 274.33
2080 274.33 274.33
2081 274.33 274.33
2082 274.33 274.33
2083 274.33 274.33
2084 274.33 274.33
2085 274.33 274.33
2086 274.33 274.33
2087 274.33 274.33
2088 274.33 274.33
2089 274.33 274.33
2090 274.33 274.33
2091 274.33 274.33
2092 274.33 274.33
2093 274.33 274.33
2094 274.33 274.33
2095 274.33 274.33
2096 274.33 274.33
2097 274.33 274.33
2098 274.33 274.33
2099 274.33 274.33
2100 274.33 274.33
2101 274.33 274.33
2102 274.33 274.33
2103 274.33 274.33
2104 274.33 274.33
2105 274.33 274.33
2106 274.33 274.33
2107 274.33 274.33
2108 274.33 274.33
2109 274.33 274.33
2110 274.33 274.33
2111 274.33 274.33
2112 274.33 274.33
2113 274.33 274.33
2114 274.33 274.33
2115 274.33 274.33
2116 274.33 274.33
2117 274.33 274.33
2118 274.33 274.33
2119 274.33 274.33
2120 274.33 274.33
2121 274.33 274.33
2122 274.33 274.33
2123 274.33 274.33
2124 274.33 274.33
2125 274.33 274.33
2126 274.33 274.33
2127 274.33 274.33
2128 274.33 274.33
2129 274.33 274.33
2130 274.33 274.33
2131 274.33 274.33
2132 274.33 274.33
2133 274.33 274.33
2134 274.33 274.33
2135 274.33 274.33
2136 274.33 274.33
2137 274.33 274.33
2138 274.33 274.33
2139 274.33 274.33
2140 274.33 274.33
2141 274.33 274.33
2142 274.33 274.33
2143 274.33 274.33
2144 274.33 274.33
2145 274.33 274.33
2146 274.33 274.33
2147 274.33 274.33
2148 274.33 274.33
2149 274.33 274.33
2150 274.33 274.33
2151 274.33 274.33
2152 274.33 274.33
2153 274.33 274.33
2154 274.33 274.33
2155 274.33 274.33
2156 274.33 274.33
2157 274.33 274.33
2158 274.33 274.33
2159 274.33 274.33
2160 274.33 274.33
2161 274.33 274.33
2162 274.33 274.33
2163 274.33 274.33
2164 274.33 274.33
2165 274.33 274.33
2166 274.33 274.33
2167 274.33 274.33
2168 274.33 274.33
2169 274.33 274.33
2170 274.33 274.33
2171 274.33 274.33
2172 274.33 274.33
2173 274.33 274.33
2174 274.33 274.33
2175 274.33 274.33
2176 274.33 274.33
2177 274.33 274.33
2178 274.33 274.33
2179 274.33 274.33
2180 274.33 274.33
2181 274.33 274.33
2182 274.33 274.33
2183 274.33 274.33
2184 274.33 274.33
2185 274.33 274.33
2186 274.33 274.33
2187 274.33 274.33
2188 274.33 274.33
2189 274.33 274.33
2190 274.33 274.33
2191 274.33 274.33
2192 274.33 274.33
2193 274.33 274.33
2194 274.33 274.33
2195 274.33 274.33
2196 274.33 274.33
2197 274.33 274.33
2198 274.33 274.33
2199 274.33 274.33
2200 274.33 274.33
2201 274.33 274.33
2202 274.33 274.33
2203 274.33 274.33
2204 274.33 274.33
2205 274.33 274.33
2206 274.33 274.33
2207 274.33 274.33
2208 274.33 274.33
2209 274.33 274.33
2210 274.33 274.33
2211 274.33 274.33
2212 274.33 274.33
2213 274.33 274.33
2214 274.33 274.33
2215 274.33 274.33
2216 274.33 274.33
2217 274.33 274.33
2218 274.33 274.33
2219 274.33 274.33
2220 274.33 274.33
2221 274.33 274.33
2222 274.33 274.33
2223 274.33 274.33
2224 274.33 274.33
2225 274.33 274.33
2226 274.33 274.33
2227 274.33 274.33
2228 274.33 274.33
2229 274.33 274.33
2230 274.33 274.33
2231 274.33 274.33
2232 274.33 274.33
2233 274.33 274.33
2234 274.33 274.33
2235 274.33 274.33
2236 274.33 274.33
2237 274.33 274.33
2238 274.33 274.33
2239 274.33 274.33
2240 274.33 274.33
2241 274.33 274.33
2242 274.33 274.33
2243 274.33 274.33
2244 274.33 274.33
2245 274.33 274.33
2246 274.33 274.33
2247 274.33 274.33
2248 274.33 274.33
2249 274.33 274.33
2250 274.33 274.33
2251 274.33 274.33
2252 274.33 274.33
2253 274.33 274.33
2254 274.33 274.33
2255 274.33 274.33
2256 274.33 274.33
2257 274.33 274.33
2258 274.33 274.33
2259 274.33 274.33
2260 274.33 274.33
2261 274.33 274.33
2262 274.33 274.33
2263 274.33 274.33
2264 274.33 274.33
2265 274.33 274.33
2266 274.33 274.33
2267 274.33 274.33
2268 274.33 274.33
2269 274.33 274.33
2270 274.33 274.33
2271 274.33 274.33
2272 274.33 274.33
2273 274.33 274.33
2274 274.33 274.33
2275 274.33 274.33
2276 274.33 274.33
2277 274.33 274.33
2278 274.33 274.33
2279 274.33 274.33
2280 274.33 274.33
2281 274.33 274.33
2282 274.33 274.33
2283 274.33 274.33
2284 274.33 274.33
2285 274.33 274.33
2286 274.33 274.33
2287 274.33 274.33
2288 274.33 274.33
2289 274.33 274.33
2290 274.33 274.33
2291 274.33 274.33
2292 274.33 274.33
2293 274.33 274.33
2294 274.33 274.33
2295 274.33 274.33
2296 274.33 274.33
2297 274.33 274.33
2298 274.33 274.33
2299 274.33 274.33
2300 274.33 274.33
2301 274.33 274.33
2302 274.33 274.33
2303 274.33 274.33
2304 274.33 274.33
2305 274.33 274.33
2306 274.33 274.33
2307 274.33 274.33
2308 274.33 274.33
2309 274.33 274.33
2310 274.33 274.33
2311 274.33 274.33
2312 274.33 274.33
2313 274.33 274.33
2314 274.33 274.33
2315 274.33 274.33
2316 274.33 274.33
2317 274.33 274.33
2318 274.33 274.33
2319 274.33 274.33
2320 274.33 274.33
2321 274.33 274.33
2322 274.33 274.33
2323 274.33 274.33
2324 274.33 274.33
2325 274.33 274.33
2326 274.33 274.33
2327 274.33 274.33
2328 274.33 274.33
2329 274.33 274.33
2330 274.33 274.33
2331 274.33 274.33
2332 274.33 274.33
2333 274.33 274.33
2334 274.33 274.33
2335 274.33 274.33
2336 274.33 274.33
2337 274.33 274.33
2338 274.33 274.33
2339 274.33 274.33
2340 274.33 274.33
2341 274.33 274.33
2342 274.33 274.33
2343 274.33 274.33
2344 274.33 274.33
2345 274.33 274.33
2346 274.33 274.33
2347 274.33 274.33
2348 274.33 274.33
2349 274.33 274.33
2350 274.33 274.33
2351 274.33 274.33
2352 274.33 274.33
2353 274.33 274.33
2354 274.33 274.33
2355 274.33 274.33
2356 274.33 274.33
2357 274.33 274.33
2358 274.33 274.33
2359 274.33 274.33
2360 274.33 274.33
2361 274.33 274.33
2362 274.33 274.33
2363 274.33 274.33
2364 274.33 274.33
2365 274.33 274.33
2366 274.33 274.33
2367 274.33 274.33
2368 274.33 274.33
2369 274.33 274.33
2370 274.33 274.33
2371 274.33 274.33
2372 274.33 274.33
2373 274.33 274.33
2374 274.33 274.33
2375 274.33 274.33
2376 274.33 274.33
2377 274.33 274.33
2378 274.33 274.33
2379 274.33 274.33
2380 274.33 274.33
2381 274.33 274.33
2382 274.33 274.33
2383 274.33 274.33
2384 274.33 274.33
2385 274.33 274.33
2386 274.33 274.33
2387 274.33 274.33
2388 274.33 274.33
2389 274.33 274.33
2390 274.33 274.33
2391 274.33 274.33
2392 274.33 274.33
2393 274.33 274.33
2394 274.33 274.33
2395 274.33 274.33
2396 274.33 274.33
2397 274.33 274.33
2398 274.33 274.33
2399 274.33 274.33
2400 274.33 274.33
2401 274.33 274.33
2402 274.33 274.33
2403 274.33 274.33
2404 274.33 274.33
2405 274.33 274.33
2406 274.33 274.33
2407 274.33 274.33
2408 274.33 274.33
2409 274.33 274.33
2410 274.33 274.33
2411 274.33 274.33
2412 274.33 274.33
2413 274.33 274.33
2414 274.33 274.33
2415 274.33 274.33
2416 274.33 274.33
2417 274.33 274.33
2418 274.33 274.33
2419 274.33 274.33
2420 274.33 274.33
2421 274.33 274.33
2422 274.33 274.33
2423 274.33 274.33
2424 274.33 274.33
2425 274.33 274.33
2426 274.33 274.33
2427 274.33 274.33
2428 274.33 274.33
2429 274.33 274.33
2430 274.33 274.33
2431 274.33 274.33
2432 274.33 274.33
2433 274.33 274.33
2434 274.33 274.33
2435 274.33 274.33
2436 274.33 274.33
2437 274.33 274.33
2438 274.33 274.33
2439 274.33 274.33
2440 274.33 274.33
2441 274.33 274.33
2442 274.33 274.33
2443 274.33 274.33
2444 274.33 274.33
2445 274.33 274.33
2446 274.33 274.33
2447 274.33 274.33
2448 274.33 274.33
2449 274.33 274.33
2450 274.33 274.33
2451 274.33 274.33
2452 274.33 274.33
2453 274.33 274.33
2454 274.33 274.33
2455 274.33 274.33
2456 274.33 274.33
2457 274.33 274.33
2458 274.33 274.33
2459 274.33 274.33
2460 274.33 274.33
2461 274.33 274.33
2462 274.33 274.33
2463 274.33 274.33
2464 274.33 274.33
2465 274.33 274.33
2466 274.33 274.33
2467 274.33 274.33
2468 274.33 274.33
2469 274.33 274.33
2470 274.33 274.33
2471 274.33 274.33
2472 274.33 274.33
2473 274.33 274.33
2474 274.33 274.33
2475 274.33 274.33
2476 274.33 274.33
2477 274.33 274.33
2478 274.33 274.33
2479 274.33 274.33
2480 274.33 274.33
2481 274.33 274.33
2482 274.33 274.33
2483 274.33 274.33
2484 274.33 274.33
2485 274.33 274.33
2486 274.33 274.33
2487 274.33 274.33
2488 274.33 274.33
2489 274.33 274.33
2490 274.33 274.33
2491 274.33 274.33
2492 274.33 274.33
2493 274.33 274.33
2494 274.33 274.33
2495 274.33 274.33
2496 274.33 274.33
2497 274.33 274.33
2498 274.33 274.33
2499 274.33 274.33
