0 814.004 1003.06
1 798.348 942.046
2 782.825 894.938
3 777.025 855.812
4 752.614 837.423
5 714.031 814.443
6 674.285 777.54
7 673.455 757.022
8 673.455 738.337
9 672.784 719.398
10 672.784 698.928
11 669.045 685.671
12 656.001 679.047
13 642.758 672.103
14 642.422 666.657
15 628.653 657.786
16 617.684 651.391
17 617.684 649.08
18 604.894 641.143
19 603.309 632.817
20 584.358 624.712
21 568.871 614.721
22 561.49 602.232
23 559.992 590.616
24 553.703 581.528
25 543.818 568.91
26 535.519 562.529
27 529.956 553.839
28 519.7 550.068
29 519.7 545.85
30 505.552 536.46
31 499.751 530.501
32 488.075 517.463
33 472.196 505.617
34 472.023 495.34
35 472.023 483.566
36 462.096 478.955
37 454.899 474.255
38 454.899 469.241
39 453.995 463.255
40 451.326 461.888
41 446.557 458.684
42 442.709 454.104
43 442.709 450.436
44 442.709 449.256
45 442.709 447.014
46 440.731 444.045
47 440.731 443.165
48 440.731 442.541
49 436.251 441.855
50 436.251 441.232
51 436.251 440.316
52 432.389 441.309
53 432.248 438.929
54 432.248 436.954
55 426.995 435.497
56 425.305 434.073
57 425.305 431.893
58 423.876 430.282
59 423.876 427.472
60 423.876 426.129
61 423.876 424.314
62 423.876 423.876
63 423.876 423.876
64 423.876 423.876
65 422.59 423.863
66 422.59 423.806
67 422.59 423.583
68 422.59 423.279
69 422.59 422.975
70 421.748 422.57
71 421.748 422.383
72 421.748 422.093
73 421.698 421.747
74 421.698 421.741
75 421.698 421.728
76 421.698 421.714
77 421.698 421.698
78 421.698 421.698
79 421.698 421.698
80 421.698 421.698
81 421.407 421.695
82 421.407 421.684
83 413.068 421.548
84 413.068 421.402
85 412.531 420.774
86 413.068 421.258
87 409.514 417.961
88 404.678 415.104
89 404.678 412.84
90 404.678 412.453
91 404.678 412.088
92 404.576 409.239
93 402.238 408.944
94 401.849 405.176
95 401.849 404.408
96 401.59 403.288
97 401.361 403.657
98 401.361 402.432
99 401.361 401.751
100 401.361 401.574
101 401.361 401.42
102 401.361 401.361
103 401.361 401.361
104 401.361 401.361
105 401.361 401.361
106 398.817 401.335
107 394.97 401.111
108 394.97 400.368
109 389.008 398.637
110 384.382 396.07
111 384.382 391.707
112 383.961 389.479
113 383.961 386.901
114 383.961 385.589
115 383.916 384.374
116 383.916 384.093
117 383.496 383.984
118 383.405 383.809
119 383.405 383.631
120 382.318 383.438
121 382.318 383.23
122 382.318 382.73
123 382.318 382.472
124 382.318 382.318
125 381.207 382.296
126 381.207 382.152
127 381.207 381.874
128 381.207 381.513
129 381.207 381.216
130 381.207 381.207
131 381.207 381.207
132 380.88 381.204
133 380.88 381.164
134 380.88 381.069
135 380.788 380.97
136 380.588 380.867
137 380.588 380.829
138 379.461 380.742
139 379.369 380.529
140 379.17 380.395
141 379.17 380.17
142 379.17 379.906
143 379.17 379.499
144 379.17 379.217
145 379.17 379.17
146 379.17 379.17
147 379.17 379.17
148 379.17 379.17
149 379.17 379.17
150 379.17 379.17
151 379.17 379.17
152 379.17 379.17
153 379.17 379.17
154 379.17 379.17
155 379.17 379.17
156 378.911 379.167
157 378.911 379.131
158 378.911 379.059
159 378.911 378.96
160 378.911 378.924
161 378.911 378.911
162 378.911 378.911
163 373.991 378.862
164 373.991 378.616
165 373.991 378.307
166 373.991 377.454
167 373.991 376.542
168 373.991 375.795
169 373.991 374.722
170 373.991 374.211
171 370.557 373.956
172 370.557 373.682
173 370.557 372.503
174 369.033 371.394
175 368.829 370.609
176 366.779 370.367
177 363.428 369.899
178 361.7 369.478
179 361.7 369.294
180 358.1 366.346
181 356.371 362.916
182 356.371 360.597
183 356.371 358.3
184 351.679 356.873
185 350.751 356.378
186 341.932 355.543
187 341.932 353.847
188 341.932 351.023
189 341.932 349.47
190 341.932 347.608
191 341.932 343.753
192 341.932 341.932
193 341.932 341.932
194 341.932 341.932
195 341.932 341.932
196 341.598 341.929
197 341.598 341.919
198 341.598 341.855
199 341.598 341.778
200 341.598 341.618
201 341.598 341.598
202 341.598 341.598
203 341.598 341.598
204 341.598 341.598
205 341.598 341.598
206 341.598 341.598
207 341.598 341.598
208 341.598 341.598
209 341.598 341.598
210 341.598 341.598
211 341.598 341.598
212 340.75 341.59
213 340.75 341.505
214 340.75 341.242
215 340.75 341.089
216 340.75 340.75
217 340.75 340.75
218 340.75 340.75
219 340.75 340.75
220 340.75 340.75
221 340.75 340.75
222 340.75 340.75
223 340.75 340.75
224 340.75 340.75
225 340.75 340.75
226 337.487 340.717
227 337.487 340.587
228 337.487 340.195
229 333.854 338.867
230 334.218 337.601
231 334.218 336.625
232 333.203 335.671
233 332.041 334.833
234 332.041 334.061
235 332.041 333.225
236 331.197 332.348
237 331.197 331.832
238 331.197 331.526
239 331.197 331.197
240 331.197 331.197
241 331.197 331.197
242 328.773 331.173
243 328.773 330.826
244 328.773 330.041
245 328.773 328.874
246 328.773 328.773
247 328.773 328.773
248 328.773 328.773
249 328.773 328.773
250 328.773 328.773
251 322.76 328.713
252 322.76 328.473
253 322.76 328.263
254 322.76 327.322
255 322.724 325.526
256 321.014 323.325
257 321.014 322.692
258 317.866 322.018
259 317.866 321.276
260 314.643 319.809
261 314.643 318.322
262 314.643 316.963
263 314.643 315.989
264 309.577 314.592
265 309.577 314.519
266 309.577 313.952
267 309.577 312.852
268 309.577 311.159
269 309.577 309.69
270 309.577 309.577
271 307.395 309.555
272 309.577 309.577
273 309.577 309.577
274 308.567 309.557
275 305.701 309.385
276 305.701 308.828
277 305.701 307.885
278 305.701 306.842
279 305.701 305.701
280 305.701 305.701
281 305.469 305.698
282 305.469 305.685
283 305.469 305.636
284 305.469 305.55
285 305.469 305.504
286 305.469 305.469
287 305.469 305.469
288 305.091 305.465
289 305.091 305.413
290 305.091 305.277
291 305.091 305.156
292 305.091 305.091
293 305.091 305.091
294 304.464 305.079
295 304.464 305.01
296 304.464 304.931
297 304.464 304.651
298 304.464 304.464
299 304.464 304.464
300 304.464 304.464
301 304.464 304.464
302 304.464 304.464
303 304.464 304.464
304 303.208 304.451
305 303.208 304.313
306 303.208 304.126
307 303.208 303.861
308 303.208 303.647
309 303.208 303.273
310 303.208 303.208
311 303.208 303.208
312 303.208 303.208
313 303.208 303.208
314 303.208 303.208
315 303.208 303.208
316 303.208 303.208
317 303.208 303.208
318 303.208 303.208
319 303.208 303.208
320 303.208 303.208
321 303.208 303.208
322 303.208 303.208
323 303.208 303.208
324 303.208 303.208
325 303.208 303.208
326 303.208 303.208
327 303.208 303.208
328 303.208 303.208
329 303.208 303.208
330 303.208 303.208
331 303.208 303.208
332 303.208 303.208
333 303.208 303.208
334 300.72 303.181
335 300.72 302.918
336 300.72 302.235
337 300.512 301.175
338 298.83 300.687
339 298.83 300.527
340 298.83 300
341 298.83 299.26
342 298.83 298.832
343 298.83 298.83
344 298.83 298.83
345 298.83 298.83
346 298.83 298.83
347 298.83 298.83
348 298.83 298.83
349 298.83 298.83
350 298.83 298.83
351 297.966 298.822
352 297.966 298.753
353 297.966 298.58
354 297.966 298.277
355 297.966 297.966
356 297.966 297.966
357 297.966 297.966
358 297.966 297.966
359 297.966 297.966
360 297.966 297.966
361 297.966 297.966
362 297.966 297.966
363 297.966 297.966
364 297.966 297.966
365 297.966 297.966
366 297.966 297.966
367 297.966 297.966
368 297.966 297.966
369 297.966 297.966
370 297.966 297.966
371 297.966 297.966
372 297.966 297.966
373 297.966 297.966
374 297.966 297.966
375 295.948 297.946
376 295.948 297.926
377 295.948 297.583
378 295.948 296.977
379 295.948 295.968
380 295.948 295.948
381 295.948 295.948
382 295.948 295.948
383 295.196 295.941
384 295.196 295.903
385 295.196 295.805
386 295.196 295.7
387 295.196 295.489
388 295.196 295.354
389 295.196 295.196
390 294.952 295.194
391 294.952 295.179
392 294.952 295.128
393 294.952 295.059
394 294.952 294.974
395 294.952 294.952
396 294.952 294.952
397 294.952 294.952
398 294.952 294.952
399 294.952 294.952
400 294.952 294.952
401 294.952 294.952
402 294.952 294.952
403 291.647 294.919
404 291.053 294.61
405 291.053 293.469
406 291.053 292.708
407 291.053 291.89
408 291.053 291.073
409 291.053 291.053
410 291.053 291.053
411 291.053 291.053
412 291.053 291.053
413 291.053 291.053
414 291.053 291.053
415 291.053 291.053
416 291.053 291.053
417 291.053 291.053
418 291.053 291.053
419 291.053 291.053
420 291.053 291.053
421 291.053 291.053
422 291.053 291.053
423 291.053 291.053
424 291.053 291.053
425 291.053 291.053
426 291.053 291.053
427 291.053 291.053
428 291.053 291.053
429 291.053 291.053
430 290.923 291.052
431 290.923 291.037
432 290.923 290.975
433 287.944 290.907
434 287.944 290.535
435 287.944 289.358
436 287.944 288.033
437 287.944 287.944
438 287.944 287.944
439 287.944 287.944
440 287.944 287.944
441 286.291 287.927
442 286.291 287.861
443 282.958 287.445
444 282.958 286.559
445 282.958 285.118
446 282.953 283.992
447 282.707 283.441
448 282.707 282.931
449 282.707 282.967
450 282.707 282.832
451 281.925 282.719
452 281.925 282.474
453 281.925 282.192
454 281.719 281.923
455 281.719 281.902
456 281.719 281.879
457 281.719 281.818
458 281.719 281.746
459 281.719 281.719
460 281.719 281.719
461 281.719 281.719
462 281.719 281.719
463 281.719 281.719
464 281.719 281.719
465 281.719 281.719
466 281.719 281.719
467 281.719 281.719
468 281.719 281.719
469 281.719 281.719
470 281.719 281.719
471 281.719 281.719
472 281.719 281.719
473 281.719 281.719
474 281.719 281.719
475 281.719 281.719
476 281.719 281.719
477 281.719 281.719
478 281.719 281.719
479 281.719 281.719
480 281.719 281.719
481 281.719 281.719
482 281.719 281.719
483 281.719 281.719
484 281.719 281.719
485 281.719 281.719
486 281.719 281.719
487 281.719 281.719
488 281.719 281.719
489 281.708 281.719
490 281.708 281.718
491 281.708 281.713
492 281.708 281.711
493 281.708 281.708
494 281.708 281.708
495 281.708 281.708
496 281.708 281.708
497 281.708 281.708
498 281.708 281.708
499 281.708 281.708
500 281.708 281.708
501 281.708 281.708
502 281.708 281.708
503 281.701 281.708
504 281.701 281.707
505 281.701 281.707
506 281.701 281.705
507 281.701 281.704
508 281.701 281.705
509 281.701 282.368
510 281.701 281.702
511 281.701 281.701
512 281.701 281.701
513 281.701 281.701
514 281.701 281.701
515 281.701 281.701
516 281.701 281.701
517 281.701 281.701
518 281.701 281.701
519 281.701 281.701
520 281.701 281.701
521 281.701 281.701
522 281.701 281.701
523 281.701 281.701
524 281.701 281.701
525 281.701 281.701
526 281.701 281.701
527 281.701 281.701
528 281.701 281.701
529 281.701 281.701
530 281.701 281.701
531 281.701 281.701
532 281.701 281.701
533 281.701 281.701
534 281.701 281.701
535 281.701 281.701
536 281.701 281.701
537 281.701 281.701
538 281.701 281.701
539 281.701 281.701
540 281.701 281.701
541 281.701 281.701
542 281.701 281.701
543 281.701 281.701
544 281.701 281.701
545 281.701 281.701
546 281.701 281.701
547 281.701 281.701
548 281.701 281.701
549 281.701 281.701
550 281.701 281.701
551 281.701 281.701
552 281.701 281.701
553 281.701 281.701
554 281.701 281.701
555 281.701 281.701
556 281.701 281.701
557 281.701 281.701
558 281.701 281.701
559 281.701 281.701
560 281.701 281.701
561 281.701 281.701
562 281.701 281.701
563 281.701 281.701
564 281.701 281.701
565 281.701 281.701
566 281.701 281.701
567 281.701 281.701
568 281.701 281.701
569 281.701 281.701
570 281.701 281.701
571 281.701 281.701
572 281.701 281.701
573 281.701 281.701
574 281.701 281.701
575 281.701 281.701
576 281.701 281.701
577 281.701 281.701
578 281.701 281.701
579 281.701 281.701
580 281.701 281.701
581 281.701 281.701
582 281.701 281.701
583 281.701 281.701
584 281.701 281.701
585 281.701 281.701
586 281.701 281.701
587 281.701 281.701
588 281.701 281.701
589 281.701 281.701
590 281.701 281.701
591 281.701 281.701
592 281.701 281.701
593 281.701 281.701
594 281.701 281.701
595 281.701 281.701
596 281.701 281.701
597 281.701 281.701
598 281.701 281.701
599 281.701 281.701
600 281.701 281.701
601 281.701 281.701
602 281.701 281.701
603 281.701 281.701
604 281.701 281.701
605 281.701 281.701
606 281.701 281.701
607 281.701 281.701
608 281.701 281.701
609 281.701 281.701
610 281.701 281.701
611 281.701 281.701
612 281.701 281.701
613 281.701 281.701
614 281.701 281.701
615 281.701 281.701
616 281.701 281.701
617 281.701 281.701
618 281.701 281.701
619 281.701 281.701
620 281.701 281.701
621 281.701 281.701
622 281.701 281.701
623 281.701 281.701
624 281.701 281.701
625 281.701 281.701
626 281.701 281.701
627 281.701 281.701
628 281.701 281.701
629 281.701 281.701
630 281.701 281.701
631 281.701 281.701
632 281.701 281.701
633 281.701 281.701
634 281.701 281.701
635 281.701 281.701
636 281.701 281.701
637 281.701 281.701
638 281.701 281.701
639 281.701 281.701
640 281.701 281.701
641 281.701 281.701
642 281.701 281.701
643 281.701 281.701
644 281.701 281.701
645 281.701 281.701
646 281.701 281.701
647 281.701 281.701
648 281.701 281.701
649 281.701 281.701
650 281.701 281.701
651 281.701 281.701
652 281.701 281.701
653 281.701 281.701
654 281.701 281.701
655 281.701 281.701
656 281.701 281.701
657 281.701 281.701
658 281.701 281.701
659 281.701 281.701
660 281.701 281.701
661 281.701 281.701
662 281.701 281.701
663 281.701 281.736
664 281.701 281.701
665 281.701 281.701
666 281.701 281.701
667 281.701 281.701
668 281.701 281.701
669 281.701 281.701
670 281.701 281.703
671 281.701 281.701
672 281.701 281.701
673 281.701 281.701
674 281.701 281.701
675 281.701 281.701
676 281.701 281.701
677 281.701 281.701
678 281.701 281.701
679 281.701 281.701
680 281.701 281.701
681 281.701 281.701
682 281.701 281.701
683 281.701 281.701
684 281.701 281.701
685 281.701 281.701
686 281.701 281.701
687 281.701 281.701
688 281.701 281.701
689 281.701 281.701
690 281.701 281.701
691 281.701 281.701
692 281.701 281.701
693 281.701 281.701
694 281.701 281.701
695 281.701 281.701
696 281.701 281.701
697 281.701 281.701
698 281.701 281.701
699 281.701 281.701
700 281.701 281.701
701 281.701 281.701
702 281.701 281.701
703 281.701 281.701
704 281.701 281.701
705 281.701 281.701
706 281.701 281.701
707 281.701 281.701
708 281.701 281.701
709 281.701 281.701
710 281.701 281.701
711 281.701 281.701
712 281.701 281.701
713 281.701 281.701
714 281.701 281.701
715 281.701 281.701
716 281.701 281.701
717 281.701 281.701
718 281.701 281.701
719 281.701 281.701
720 281.701 281.701
721 281.701 281.701
722 281.701 281.701
723 281.701 281.701
724 281.701 281.701
725 281.701 281.701
726 281.701 281.701
727 281.701 281.701
728 281.701 281.701
729 281.701 281.701
730 281.701 281.701
731 281.701 281.701
732 281.701 281.701
733 281.701 281.701
734 281.701 281.701
735 281.701 281.701
736 281.701 281.701
737 281.701 281.701
738 281.701 281.701
739 281.13 281.696
740 281.13 281.65
741 281.13 281.53
742 281.13 281.439
743 281.13 281.311
744 281.13 281.136
745 281.13 281.13
746 281.13 281.13
747 281.13 281.13
748 281.13 281.13
749 281.13 281.13
750 281.13 281.13
751 281.13 281.13
752 281.13 281.13
753 281.13 281.13
754 281.13 281.13
755 281.13 281.13
756 281.13 281.13
757 281.13 281.13
758 281.13 281.13
759 281.13 281.13
760 281.13 281.13
761 281.13 281.13
762 281.13 281.13
763 281.13 281.13
764 281.13 281.13
765 281.13 281.13
766 281.13 281.13
767 281.13 281.13
768 281.13 281.13
769 281.13 281.13
770 281.13 281.13
771 281.13 281.13
772 281.13 281.13
773 281.13 281.13
774 281.13 281.13
775 281.13 281.13
776 281.13 281.13
777 281.13 281.13
778 281.13 281.13
779 281.13 281.13
780 281.13 281.13
781 281.13 281.13
782 281.13 281.13
783 281.13 281.13
784 281.13 281.13
785 281.13 281.13
786 281.13 281.13
787 281.13 281.13
788 281.13 281.13
789 281.13 281.13
790 281.13 281.13
791 281.13 281.13
792 281.13 281.13
793 281.13 281.13
794 281.13 281.13
795 281.13 281.13
796 281.13 281.13
797 281.13 281.13
798 281.13 281.13
799 281.13 281.13
800 281.13 281.13
801 281.13 281.13
802 281.13 281.13
803 281.13 281.13
804 281.13 281.13
805 281.13 281.13
806 281.13 281.13
807 281.13 281.13
808 281.13 281.13
809 281.13 281.13
810 281.13 281.13
811 281.13 281.13
812 281.13 281.13
813 281.13 281.13
814 281.13 281.13
815 281.13 281.13
816 281.13 281.13
817 281.13 281.13
818 281.13 281.13
819 281.13 281.13
820 281.13 281.13
821 281.13 281.13
822 281.13 281.13
823 281.13 281.13
824 281.13 281.13
825 281.13 281.13
826 281.13 281.13
827 281.13 281.13
828 281.13 281.13
829 281.13 281.13
830 281.13 281.13
831 281.13 281.13
832 281.13 281.13
833 281.13 281.13
834 281.13 281.13
835 281.13 281.13
836 281.13 281.13
837 281.13 281.13
838 281.13 281.13
839 281.13 281.13
840 281.13 281.13
841 281.13 281.13
842 281.13 281.13
843 281.13 281.13
844 281.13 281.13
845 281.13 281.13
846 281.13 281.13
847 281.13 281.13
848 281.13 281.13
849 281.13 281.13
850 281.13 281.13
851 281.13 281.13
852 281.13 281.13
853 281.13 281.13
854 281.13 281.13
855 281.13 281.13
856 281.13 281.13
857 281.13 281.13
858 281.13 281.13
859 281.13 281.13
860 281.13 281.13
861 281.13 281.13
862 281.13 281.13
863 281.13 281.13
864 281.13 281.13
865 281.13 281.13
866 281.13 281.13
867 281.13 281.13
868 281.13 281.13
869 281.13 281.13
870 281.13 281.13
871 281.13 281.13
872 281.13 281.13
873 281.13 281.13
874 281.13 281.13
875 281.13 281.13
876 281.13 281.13
877 281.13 281.13
878 281.13 281.13
879 281.13 281.13
880 281.13 281.13
881 281.13 281.13
882 281.13 281.13
883 281.13 281.13
884 281.13 281.13
885 281.13 281.13
886 281.13 281.13
887 281.13 281.13
888 281.13 281.13
889 281.13 281.13
890 281.13 281.13
891 281.13 281.13
892 281.13 281.13
893 281.13 281.13
894 281.13 281.13
895 281.13 281.13
896 281.13 281.13
897 281.13 281.13
898 281.13 281.13
899 281.13 281.13
900 281.13 281.13
901 281.13 281.13
902 281.13 281.13
903 281.13 281.13
904 281.13 281.13
905 281.13 281.13
906 281.13 281.13
907 281.13 281.13
908 281.13 281.13
909 281.13 281.13
910 281.13 281.13
911 281.13 281.13
912 281.13 281.13
913 281.13 281.13
914 281.13 281.13
915 281.13 281.13
916 281.13 281.13
917 281.13 281.13
918 281.13 281.13
919 281.13 281.13
920 281.13 281.13
921 281.13 281.13
922 281.13 281.13
923 281.13 281.13
924 281.13 281.13
925 281.13 281.13
926 281.13 281.13
927 281.13 281.13
928 281.13 281.13
929 281.13 281.13
930 281.13 281.13
931 281.13 281.13
932 281.13 281.13
933 281.13 281.13
934 281.13 281.13
935 281.13 281.13
936 281.13 281.13
937 281.13 281.13
938 281.13 281.13
939 281.13 281.13
940 281.13 281.13
941 281.13 281.13
942 281.13 281.13
943 281.13 281.13
944 281.13 281.13
945 281.13 281.13
946 281.13 281.13
947 281.13 281.13
948 281.13 281.13
949 281.13 281.13
950 281.13 281.13
951 281.13 281.13
952 281.13 281.13
953 281.13 281.13
954 281.13 281.13
955 281.13 281.13
956 281.13 281.13
957 281.13 281.13
958 281.13 281.13
959 281.13 281.13
960 281.13 281.13
961 281.13 281.13
962 281.13 281.13
963 281.13 281.13
964 281.13 281.13
965 281.13 281.13
966 281.13 281.13
967 281.13 281.13
968 281.13 281.13
969 281.13 281.13
970 281.13 281.13
971 281.13 281.13
972 281.13 281.13
973 281.13 281.13
974 281.13 281.13
975 281.13 281.13
976 281.13 281.13
977 281.13 281.13
978 281.13 281.13
979 281.13 281.13
980 281.13 281.13
981 281.13 281.13
982 281.13 281.13
983 281.13 281.13
984 281.13 281.13
985 281.13 281.13
986 281.13 281.13
987 281.13 281.13
988 281.13 281.13
989 281.13 281.13
990 281.13 281.13
991 281.13 281.13
992 281.13 281.13
993 281.13 281.13
994 281.13 281.13
995 281.13 281.13
996 281.13 281.13
997 281.13 281.13
998 281.13 281.13
999 281.13 281.13
1000 281.13 281.13
1001 281.13 281.13
1002 281.13 281.13
1003 281.13 281.13
1004 281.13 281.13
1005 281.13 281.13
1006 281.13 281.13
1007 281.13 281.13
1008 281.13 281.13
1009 281.13 281.13
1010 281.13 281.13
1011 281.13 281.13
1012 281.13 281.13
1013 281.13 281.13
1014 281.13 281.13
1015 281.13 281.13
1016 281.13 281.13
1017 281.13 281.13
1018 281.13 281.13
1019 281.13 281.13
1020 281.13 281.13
1021 281.13 281.13
1022 281.13 281.13
1023 281.13 281.13
1024 281.13 281.13
1025 281.13 281.13
1026 281.13 281.13
1027 281.13 281.13
1028 281.13 281.13
1029 281.13 281.13
1030 281.13 281.13
1031 281.13 281.13
1032 281.13 281.13
1033 281.13 281.13
1034 281.13 281.13
1035 281.13 281.13
1036 281.13 281.13
1037 281.13 281.13
1038 281.13 281.13
1039 281.13 281.13
1040 281.13 281.13
1041 281.13 281.13
1042 281.13 281.13
1043 281.13 281.13
1044 281.13 281.13
1045 281.13 281.13
1046 281.13 281.13
1047 281.13 281.13
1048 281.13 281.13
1049 281.13 281.13
1050 281.13 281.13
1051 281.13 281.13
1052 281.13 281.13
1053 281.13 281.13
1054 281.13 281.13
1055 281.13 281.13
1056 281.13 281.13
1057 281.13 281.13
1058 281.13 281.13
1059 281.13 281.13
1060 281.13 281.13
1061 281.13 281.13
1062 281.13 281.13
1063 281.13 281.13
1064 281.13 281.13
1065 281.13 281.13
1066 281.13 281.13
1067 281.13 281.13
1068 281.13 281.13
1069 281.13 281.13
1070 281.13 281.13
1071 281.13 281.13
1072 281.13 281.13
1073 281.13 281.13
1074 281.13 281.13
1075 281.13 281.13
1076 281.13 281.13
1077 281.13 281.13
1078 281.13 281.13
1079 281.13 281.13
1080 281.13 281.13
1081 281.13 281.13
1082 281.13 281.13
1083 281.13 281.13
1084 281.13 281.13
1085 281.13 281.13
1086 281.13 281.13
1087 281.13 281.13
1088 281.13 281.13
1089 281.13 281.13
1090 281.13 281.13
1091 281.13 281.13
1092 281.13 281.13
1093 281.13 281.13
1094 281.13 281.13
1095 281.13 281.13
1096 281.13 281.13
1097 281.13 281.13
1098 281.13 281.13
1099 281.13 281.13
1100 281.13 281.13
1101 281.13 281.13
1102 281.13 281.13
1103 281.13 281.13
1104 281.13 281.13
1105 281.13 281.13
1106 281.13 281.13
1107 281.13 281.13
1108 281.13 281.13
1109 281.13 281.13
1110 281.13 281.13
1111 281.13 281.13
1112 281.13 281.13
1113 281.13 281.13
1114 281.13 281.13
1115 281.13 281.13
1116 281.13 281.13
1117 281.13 281.13
1118 281.13 281.13
1119 281.13 281.13
1120 281.13 281.13
1121 281.13 281.13
1122 281.13 281.13
1123 281.13 281.13
1124 281.13 281.13
1125 281.13 281.13
1126 281.13 281.13
1127 280.564 281.124
1128 280.564 281.101
1129 280.564 281.028
1130 280.564 280.898
1131 280.564 280.734
1132 280.564 280.564
1133 280.564 280.564
1134 280.564 280.564
1135 280.564 280.564
1136 280.564 280.564
1137 280.564 280.564
1138 280.564 280.564
1139 280.564 280.564
1140 280.564 280.564
1141 280.564 280.564
1142 280.564 280.564
1143 280.564 280.564
1144 280.564 280.564
1145 280.564 280.564
1146 280.564 280.564
1147 280.564 280.564
1148 280.564 280.564
1149 280.564 280.564
1150 280.564 280.564
1151 280.564 280.564
1152 280.564 280.564
1153 280.564 280.564
1154 280.364 280.562
1155 280.364 280.55
1156 280.364 280.524
1157 280.364 280.484
1158 280.364 280.428
1159 280.364 280.372
1160 280.364 280.364
1161 280.364 280.364
1162 280.364 280.364
1163 280.364 280.364
1164 280.364 280.364
1165 280.364 280.364
1166 280.364 280.364
1167 280.364 280.364
1168 280.364 280.364
1169 280.364 280.364
1170 280.364 280.364
1171 280.364 280.364
1172 280.364 280.364
1173 280.364 280.364
1174 280.364 280.364
1175 280.364 280.364
1176 280.364 280.364
1177 280.364 280.364
1178 280.364 280.364
1179 280.364 280.364
1180 280.364 280.364
1181 280.364 280.364
1182 280.364 280.364
1183 280.364 280.364
1184 280.364 280.364
1185 280.364 280.364
1186 280.364 280.364
1187 280.364 280.364
1188 280.364 280.364
1189 280.364 280.364
1190 280.364 280.364
1191 280.364 280.364
1192 280.364 280.364
1193 280.364 280.364
1194 280.364 280.364
1195 280.364 280.364
1196 280.364 280.364
1197 280.364 280.364
1198 280.364 280.364
1199 280.364 280.364
1200 280.364 280.364
1201 280.364 280.364
1202 280.364 280.364
1203 280.364 280.364
1204 280.364 280.364
1205 280.364 280.364
1206 280.364 280.364
1207 280.364 280.364
1208 280.364 280.364
1209 280.364 280.364
1210 280.364 280.364
1211 280.364 280.364
1212 280.364 280.364
1213 280.364 280.364
1214 280.364 280.364
1215 280.364 280.364
1216 280.364 280.364
1217 280.364 280.364
1218 280.364 280.364
1219 280.364 280.364
1220 280.364 280.364
1221 280.364 280.364
1222 280.364 280.364
1223 280.364 280.364
1224 280.364 280.364
1225 280.364 280.364
1226 280.364 280.364
1227 280.364 280.364
1228 280.364 280.364
1229 280.364 280.364
1230 280.364 280.364
1231 280.364 280.364
1232 280.364 280.364
1233 280.364 280.364
1234 280.364 280.364
1235 280.364 280.364
1236 280.364 280.364
1237 280.364 280.364
1238 280.364 280.364
1239 280.364 280.364
1240 280.364 280.364
1241 280.364 280.364
1242 280.364 280.364
1243 280.364 280.364
1244 280.364 280.364
1245 280.364 280.364
1246 280.364 280.364
1247 280.364 280.364
1248 280.364 280.364
1249 280.364 280.364
1250 280.364 280.364
1251 280.364 280.364
1252 280.364 280.364
1253 280.364 280.364
1254 280.364 280.364
1255 280.364 280.364
1256 280.364 280.364
1257 280.364 280.364
1258 280.364 280.364
1259 280.364 280.364
1260 280.364 280.364
1261 280.364 280.364
1262 280.364 280.364
1263 280.364 280.364
1264 280.364 280.364
1265 280.364 280.364
1266 280.364 280.364
1267 280.364 280.364
1268 280.364 280.364
1269 280.364 280.364
1270 280.364 280.364
1271 280.364 280.364
1272 280.364 280.364
1273 280.364 280.364
1274 280.364 280.364
1275 280.364 280.364
1276 280.364 280.364
1277 280.364 280.364
1278 280.364 280.364
1279 280.364 280.364
1280 280.364 280.364
1281 280.364 280.364
1282 280.364 280.364
1283 280.364 280.364
1284 280.364 280.364
1285 280.364 280.364
1286 280.364 280.364
1287 280.364 280.364
1288 280.364 280.364
1289 280.364 280.364
1290 280.364 280.364
1291 280.364 280.364
1292 280.364 280.364
1293 280.364 280.364
1294 280.364 280.364
1295 280.364 280.364
1296 280.364 280.364
1297 280.364 280.364
1298 280.364 280.364
1299 280.364 280.364
1300 280.364 280.364
1301 280.364 280.364
1302 280.364 280.364
1303 280.364 280.364
1304 280.364 280.364
1305 280.364 280.364
1306 280.364 280.364
1307 280.364 280.364
1308 280.364 280.364
1309 280.364 280.364
1310 280.364 280.364
1311 280.364 280.364
1312 280.364 280.364
1313 280.364 280.364
1314 280.364 280.364
1315 280.364 280.364
1316 280.364 280.364
1317 280.364 280.364
1318 280.364 280.364
1319 280.364 280.364
1320 280.364 280.364
1321 280.364 280.364
1322 280.364 280.364
1323 280.364 280.364
1324 280.364 280.364
1325 280.364 280.364
1326 280.364 280.364
1327 280.364 280.364
1328 280.364 280.364
1329 280.364 280.364
1330 280.364 280.364
1331 278.382 280.344
1332 278.382 280.185
1333 278.382 279.908
1334 278.382 279.313
1335 278.382 278.481
1336 278.382 278.382
1337 278.382 278.382
1338 278.382 278.382
1339 278.382 278.382
1340 278.382 278.382
1341 278.382 278.382
1342 278.382 278.382
1343 278.382 278.382
1344 278.382 278.382
1345 278.382 278.382
1346 278.382 278.382
1347 278.382 278.382
1348 278.382 278.382
1349 278.382 278.382
1350 278.382 278.382
1351 278.382 278.382
1352 278.382 278.382
1353 278.382 278.382
1354 278.382 278.382
1355 278.382 278.382
1356 278.382 278.382
1357 278.382 278.382
1358 278.382 278.382
1359 278.382 278.382
1360 278.382 278.382
1361 278.382 278.382
1362 278.382 278.382
1363 278.382 278.382
1364 278.382 278.382
1365 278.382 278.382
1366 278.382 278.382
1367 278.382 278.382
1368 278.382 278.382
1369 278.382 278.382
1370 278.382 278.382
1371 278.382 278.382
1372 278.382 278.382
1373 278.382 278.382
1374 278.382 278.382
1375 278.382 278.382
1376 278.382 278.382
1377 278.382 278.382
1378 278.382 278.382
1379 278.382 278.382
1380 278.382 278.382
1381 278.382 278.382
1382 278.382 278.382
1383 278.382 278.382
1384 278.382 278.382
1385 278.382 278.382
1386 278.382 278.382
1387 278.382 278.382
1388 278.382 278.382
1389 278.382 278.382
1390 278.382 278.382
1391 278.382 278.382
1392 278.382 278.382
1393 278.382 278.382
1394 278.382 278.382
1395 278.382 278.382
1396 278.382 278.382
1397 278.382 278.382
1398 278.382 278.382
1399 278.382 278.382
1400 278.382 278.382
1401 278.382 278.382
1402 278.382 278.382
1403 278.382 278.382
1404 278.382 278.382
1405 278.382 278.382
1406 278.382 278.382
1407 278.382 278.382
1408 278.382 278.382
1409 278.382 278.382
1410 278.382 278.382
1411 278.382 278.382
1412 278.382 278.382
1413 278.382 278.382
1414 278.382 278.382
1415 278.382 278.382
1416 278.382 278.382
1417 278.382 278.382
1418 278.382 278.382
1419 278.382 278.382
1420 278.382 278.382
1421 278.382 278.382
1422 278.382 278.382
1423 278.382 278.382
1424 278.382 278.382
1425 278.382 278.382
1426 278.382 278.382
1427 278.382 278.382
1428 278.382 278.382
1429 278.382 278.382
1430 278.382 278.382
1431 278.382 278.382
1432 278.382 278.382
1433 278.382 278.382
1434 278.382 278.382
1435 278.382 278.382
1436 278.382 278.382
1437 278.382 278.382
1438 278.382 278.382
1439 278.382 278.382
1440 278.382 278.382
1441 278.382 278.382
1442 278.382 278.382
1443 278.382 278.382
1444 278.382 278.382
1445 278.382 278.382
1446 278.382 278.382
1447 278.382 278.382
1448 278.382 278.382
1449 278.382 278.382
1450 278.382 278.382
1451 278.382 278.382
1452 278.382 278.382
1453 278.382 278.382
1454 278.382 278.382
1455 278.382 278.382
1456 278.382 278.382
1457 278.382 278.382
1458 278.382 278.382
1459 278.382 278.382
1460 278.382 278.382
1461 278.382 278.382
1462 278.382 278.382
1463 278.382 278.382
1464 278.382 278.382
1465 278.382 278.382
1466 278.382 278.382
1467 278.382 278.382
1468 278.382 278.382
1469 278.382 278.382
1470 278.382 278.382
1471 278.382 278.382
1472 278.382 278.382
1473 278.382 278.382
1474 278.382 278.382
1475 278.382 278.382
1476 278.382 278.382
1477 278.382 278.382
1478 278.382 278.382
1479 278.382 278.382
1480 278.382 278.382
1481 278.382 278.382
1482 278.382 278.382
1483 278.382 278.382
1484 278.382 278.382
1485 278.382 278.382
1486 278.382 278.382
1487 278.382 278.382
1488 278.382 278.382
1489 278.382 278.382
1490 278.382 278.382
1491 278.382 278.382
1492 278.382 278.382
1493 278.382 278.382
1494 278.382 278.382
1495 278.382 278.382
1496 278.382 278.382
1497 278.382 278.382
1498 278.382 278.382
1499 278.382 278.382
1500 278.382 278.382
1501 278.382 278.382
1502 278.382 278.382
1503 278.382 278.382
1504 278.382 278.382
1505 278.382 278.382
1506 278.382 278.382
1507 278.382 278.382
1508 278.382 278.382
1509 278.382 278.382
1510 278.382 278.382
1511 278.382 278.382
1512 278.382 278.382
1513 278.382 278.382
1514 278.382 278.382
1515 278.382 278.382
1516 278.382 278.382
1517 278.382 278.382
1518 278.382 278.382
1519 278.382 278.382
1520 278.382 278.382
1521 278.382 278.382
1522 278.382 278.382
1523 278.382 278.382
1524 278.382 278.382
1525 278.382 278.382
1526 278.382 278.382
1527 278.382 278.382
1528 278.382 278.382
1529 278.382 278.382
1530 278.382 278.382
1531 278.382 278.382
1532 278.382 278.382
1533 278.382 278.382
1534 278.382 278.382
1535 278.382 278.382
1536 278.382 278.382
1537 278.382 278.382
1538 278.382 278.382
1539 278.382 278.382
1540 278.382 278.382
1541 278.382 278.382
1542 278.382 278.382
1543 278.382 278.382
1544 278.382 278.382
1545 278.382 278.382
1546 278.382 278.382
1547 278.382 278.382
1548 278.382 278.382
1549 278.382 278.382
1550 278.382 278.382
1551 278.382 278.382
1552 278.382 278.382
1553 278.382 278.382
1554 278.382 278.382
1555 278.382 278.382
1556 278.382 278.382
1557 278.382 278.382
1558 278.382 278.382
1559 278.382 278.382
1560 278.382 278.382
1561 278.382 278.382
1562 278.382 278.382
1563 278.382 278.382
1564 278.382 278.382
1565 278.382 278.382
1566 278.382 278.382
1567 278.382 278.382
1568 278.382 278.382
1569 278.382 278.382
1570 278.382 278.382
1571 278.382 278.382
1572 278.382 278.382
1573 278.382 278.382
1574 278.382 278.382
1575 278.382 278.382
1576 278.382 278.382
1577 278.382 278.382
1578 278.382 278.382
1579 278.382 278.382
1580 278.382 278.382
1581 278.382 278.382
1582 278.382 278.382
1583 278.382 278.382
1584 278.382 278.382
1585 278.382 278.382
1586 278.382 278.382
1587 278.382 278.382
1588 278.382 278.382
1589 278.382 278.382
1590 278.382 278.382
1591 278.382 278.382
1592 278.382 278.382
1593 278.382 278.382
1594 278.382 278.382
1595 277.426 278.372
1596 276.657 278.263
1597 276.657 278.046
1598 275.976 277.604
1599 275.976 277.234
1600 275.976 276.695
1601 275.976 276.214
1602 275.976 276.058
1603 275.976 275.976
1604 275.976 275.976
1605 275.976 275.976
1606 275.976 275.976
1607 275.976 275.976
1608 275.976 275.976
1609 275.976 275.976
1610 275.976 275.976
1611 275.976 275.976
1612 275.976 275.976
1613 275.976 275.976
1614 275.976 275.976
1615 275.976 275.976
1616 275.976 275.976
1617 275.976 275.976
1618 275.976 275.976
1619 275.976 275.976
1620 275.976 275.976
1621 275.976 275.976
1622 275.976 275.976
1623 275.976 275.976
1624 275.976 275.976
1625 275.976 275.976
1626 275.976 275.976
1627 275.976 275.976
1628 275.976 275.976
1629 275.976 275.976
1630 275.976 275.976
1631 275.976 275.976
1632 275.976 275.976
1633 275.976 275.976
1634 275.976 275.976
1635 275.976 275.976
1636 275.976 275.976
1637 275.976 275.976
1638 275.976 275.976
1639 275.976 275.976
1640 275.976 275.976
1641 275.976 275.976
1642 275.976 275.976
1643 275.976 275.976
1644 275.976 275.976
1645 275.976 275.976
1646 275.976 275.976
1647 275.976 275.976
1648 275.976 275.976
1649 275.976 275.976
1650 275.976 275.976
1651 275.976 275.976
1652 275.976 275.976
1653 275.976 275.976
1654 275.976 275.976
1655 275.976 275.976
1656 275.976 275.976
1657 275.976 275.976
1658 275.976 275.976
1659 275.976 275.976
1660 275.976 275.976
1661 275.976 275.976
1662 275.976 275.976
1663 275.976 275.976
1664 275.976 275.976
1665 275.976 275.976
1666 275.976 275.976
1667 275.976 275.976
1668 275.976 275.976
1669 275.976 275.976
1670 275.976 275.976
1671 275.976 275.976
1672 275.976 275.976
1673 275.976 275.976
1674 275.976 275.976
1675 275.976 275.976
1676 275.976 275.976
1677 275.976 275.976
1678 275.976 275.976
1679 275.976 275.976
1680 275.976 275.976
1681 275.976 275.976
1682 275.976 275.976
1683 275.976 275.976
1684 275.976 275.976
1685 275.976 275.976
1686 275.976 275.976
1687 275.976 275.976
1688 275.976 275.976
1689 275.976 275.976
1690 275.976 275.976
1691 275.976 275.976
1692 275.976 275.976
1693 275.976 275.976
1694 275.976 275.976
1695 275.976 275.976
1696 275.976 275.976
1697 275.976 275.976
1698 275.976 275.976
1699 275.976 275.976
1700 275.976 275.976
1701 275.976 275.976
1702 275.976 275.976
1703 275.976 275.976
1704 275.976 275.976
1705 275.976 275.976
1706 275.976 275.976
1707 275.976 275.976
1708 275.976 275.976
1709 275.976 275.976
1710 275.976 275.976
1711 275.976 275.976
1712 275.976 275.976
1713 275.976 275.976
1714 275.976 275.976
1715 275.976 275.976
1716 275.976 275.976
1717 275.976 275.976
1718 275.976 275.976
1719 275.976 275.976
1720 275.976 275.976
1721 275.976 275.976
1722 275.976 275.976
1723 275.976 275.976
1724 275.976 275.976
1725 275.976 275.976
1726 275.976 275.976
1727 275.976 275.976
1728 275.976 275.976
1729 275.976 275.976
1730 275.976 275.976
1731 275.976 275.976
1732 275.976 275.976
1733 275.976 275.976
1734 275.976 275.976
1735 275.976 275.976
1736 275.976 275.976
1737 275.976 275.976
1738 275.976 275.976
1739 275.976 275.976
1740 275.976 275.976
1741 275.976 275.976
1742 275.976 275.976
1743 275.976 275.976
1744 275.976 275.976
1745 275.976 275.976
1746 275.976 275.976
1747 275.976 275.976
1748 275.976 275.976
1749 275.976 275.976
1750 275.976 275.976
1751 275.976 275.976
1752 275.976 275.976
1753 275.976 275.976
1754 275.976 275.976
1755 275.976 275.976
1756 275.976 275.976
1757 275.976 275.976
1758 275.976 275.976
1759 275.976 275.976
1760 275.976 275.976
1761 275.976 275.976
1762 275.976 275.976
1763 275.976 275.976
1764 275.976 275.976
1765 275.976 275.976
1766 275.976 275.976
1767 275.976 275.976
1768 275.976 275.976
1769 275.976 275.976
1770 275.976 275.976
1771 275.976 275.976
1772 275.976 275.976
1773 275.976 275.976
1774 275.976 275.976
1775 275.976 275.976
1776 275.976 275.976
1777 275.976 275.976
1778 275.976 275.976
1779 275.976 275.976
1780 275.976 275.976
1781 275.976 275.976
1782 275.976 275.976
1783 275.976 275.976
1784 275.976 275.976
1785 275.976 275.976
1786 275.976 275.976
1787 275.976 275.976
1788 275.976 275.976
1789 275.976 275.976
1790 275.976 275.976
1791 275.976 275.976
1792 275.976 275.976
1793 275.976 275.976
1794 275.976 275.976
1795 275.976 275.976
1796 275.976 275.976
1797 275.976 275.976
1798 275.976 275.976
1799 275.976 275.976
1800 275.976 275.976
1801 275.976 275.976
1802 275.976 275.976
1803 275.976 275.976
1804 275.976 275.976
1805 275.976 275.976
1806 275.976 275.976
1807 275.976 275.976
1808 275.976 275.976
1809 275.976 275.976
1810 275.976 275.976
1811 275.976 275.976
1812 275.976 275.976
1813 275.976 275.976
1814 275.976 275.976
1815 275.976 275.976
1816 275.976 275.976
1817 275.976 275.976
1818 275.976 275.976
1819 275.976 275.976
1820 275.976 275.976
1821 275.976 275.976
1822 275.976 275.976
1823 275.976 275.976
1824 275.976 275.976
1825 275.976 275.976
1826 275.976 275.976
1827 275.976 275.976
1828 275.976 275.976
1829 275.976 275.976
1830 275.976 275.976
1831 275.976 275.976
1832 275.976 275.976
1833 275.976 275.976
1834 275.976 275.976
1835 275.976 275.976
1836 275.976 275.976
1837 275.976 275.976
1838 275.976 275.976
1839 275.976 275.976
1840 275.976 275.976
1841 275.976 275.976
1842 275.976 275.976
1843 275.976 275.976
1844 275.976 275.976
1845 275.976 275.976
1846 275.976 275.976
1847 275.976 275.976
1848 275.976 275.976
1849 275.976 275.976
1850 275.976 275.976
1851 275.976 275.976
1852 275.976 275.976
1853 275.976 275.976
1854 275.976 275.976
1855 275.976 275.976
1856 275.976 275.976
1857 275.976 275.976
1858 275.976 275.976
1859 275.976 275.976
1860 275.976 275.976
1861 275.976 275.976
1862 275.976 275.976
1863 275.976 275.976
1864 275.976 275.976
1865 275.976 275.976
1866 275.976 275.976
1867 275.976 275.976
1868 275.976 275.976
1869 275.976 275.976
1870 275.976 275.976
1871 275.976 275.976
1872 275.976 275.976
1873 275.976 275.976
1874 275.976 275.976
1875 275.976 275.976
1876 275.976 275.976
1877 275.976 275.976
1878 275.976 275.976
1879 275.976 275.976
1880 275.976 275.976
1881 275.976 275.976
1882 275.976 275.976
1883 275.976 275.976
1884 275.976 275.976
1885 275.976 275.976
1886 275.976 275.976
1887 275.976 275.976
1888 275.976 275.976
1889 275.976 275.976
1890 275.976 275.976
1891 275.976 275.976
1892 275.976 275.976
1893 275.976 275.976
1894 275.976 275.976
1895 275.976 275.976
1896 275.976 275.976
1897 275.976 275.976
1898 275.976 275.976
1899 275.976 275.976
1900 275.976 275.976
1901 275.976 275.976
1902 275.976 275.976
1903 275.976 275.976
1904 275.976 275.976
1905 275.976 275.976
1906 275.976 275.976
1907 275.976 275.976
1908 275.976 275.976
1909 275.976 275.976
1910 275.976 275.976
1911 275.976 275.976
1912 275.976 275.976
1913 275.976 275.976
1914 275.976 275.976
1915 275.976 275.976
1916 275.976 275.976
1917 275.976 275.976
1918 275.976 275.976
1919 275.976 275.976
1920 275.976 275.976
1921 275.976 275.976
1922 275.976 275.976
1923 275.976 275.976
1924 275.976 275.976
1925 275.976 275.976
1926 275.976 275.976
1927 275.976 275.976
1928 275.976 275.976
1929 275.976 275.976
1930 275.976 275.976
1931 275.976 275.976
1932 275.976 275.976
1933 275.976 275.976
1934 275.976 275.976
1935 275.976 275.976
1936 275.976 275.976
1937 275.976 275.976
1938 275.976 275.976
1939 275.976 275.976
1940 275.976 275.976
1941 275.976 275.976
1942 275.976 275.976
1943 275.976 275.976
1944 275.976 275.976
1945 275.976 275.976
1946 275.976 275.976
1947 275.976 275.976
1948 275.976 275.976
1949 275.976 275.976
1950 275.976 275.976
1951 275.976 275.976
1952 275.976 275.976
1953 275.976 275.976
1954 275.976 275.976
1955 275.976 275.976
1956 275.976 275.976
1957 275.976 275.976
1958 275.976 275.976
1959 275.976 275.976
1960 275.976 275.976
1961 275.976 275.976
1962 275.976 275.976
1963 275.976 275.976
1964 275.976 275.976
1965 275.976 275.976
1966 275.976 275.976
1967 275.976 275.976
1968 275.976 275.976
1969 275.976 275.976
1970 275.976 275.976
1971 275.976 275.976
1972 275.976 275.976
1973 275.976 275.976
1974 275.976 275.976
1975 275.976 275.976
1976 275.976 275.976
1977 275.976 275.976
1978 275.976 275.976
1979 275.976 275.976
1980 275.976 275.976
1981 275.976 275.976
1982 275.976 275.976
1983 275.976 275.976
1984 275.976 275.976
1985 275.976 275.976
1986 275.976 275.976
1987 275.976 275.976
1988 275.976 275.976
1989 275.976 275.976
1990 275.976 275.976
1991 275.976 275.976
1992 275.976 275.976
1993 275.976 275.976
1994 275.976 275.976
1995 275.976 275.976
1996 275.976 275.976
1997 275.976 275.976
1998 275.976 275.976
1999 275.976 275.976
2000 275.976 275.976
2001 275.976 275.976
2002 275.976 275.976
2003 275.976 275.976
2004 275.976 275.976
2005 275.976 275.976
2006 275.976 275.976
2007 275.976 275.976
2008 275.893 275.975
2009 275.893 275.971
2010 275.893 275.962
2011 275.893 275.943
2012 275.893 275.926
2013 275.893 275.904
2014 275.893 275.893
2015 275.893 275.893
2016 275.893 275.893
2017 275.893 275.893
2018 275.893 275.893
2019 275.893 275.893
2020 275.893 275.893
2021 275.893 275.893
2022 275.893 275.893
2023 275.893 275.893
2024 275.893 275.893
2025 275.893 275.893
2026 275.893 275.893
2027 275.893 275.893
2028 275.893 275.893
2029 275.893 275.893
2030 275.893 275.893
2031 275.893 275.893
2032 275.893 275.893
2033 275.893 275.893
2034 275.893 275.893
2035 275.893 275.893
2036 275.893 275.893
2037 275.893 275.893
2038 275.893 275.893
2039 275.893 275.893
2040 275.893 275.893
2041 275.893 275.893
2042 275.893 275.893
2043 275.893 275.893
2044 275.893 275.893
2045 275.893 275.893
2046 275.893 275.893
2047 275.893 275.893
2048 275.893 275.893
2049 275.893 275.893
2050 275.893 275.893
2051 275.893 275.893
2052 275.893 275.893
2053 275.893 275.893
2054 275.893 275.893
2055 275.893 275.893
2056 275.893 275.893
2057 275.893 275.893
2058 275.893 275.893
2059 275.893 275.893
2060 275.893 275.893
2061 275.893 275.893
2062 275.893 275.893
2063 275.893 275.893
2064 275.893 275.893
2065 275.893 275.893
2066 275.893 275.893
2067 275.893 275.893
2068 275.893 275.893
2069 275.893 275.893
2070 275.893 275.893
2071 275.893 275.893
2072 275.893 275.893
2073 275.893 275.893
2074 275.893 275.893
2075 275.893 275.893
2076 275.893 275.893
2077 275.893 275.893
2078 275.893 275.893
2079 275.893 275.893
2080 275.893 275.893
2081 275.893 275.893
2082 275.893 275.893
2083 275.893 275.893
2084 275.893 275.893
2085 275.893 275.893
2086 275.893 275.893
2087 275.893 275.893
2088 275.893 275.893
2089 275.893 275.893
2090 275.893 275.893
2091 275.893 275.893
2092 275.893 275.893
2093 275.893 275.893
2094 275.893 275.893
2095 275.893 275.893
2096 275.893 275.893
2097 275.893 275.893
2098 275.893 275.893
2099 275.893 275.893
2100 275.893 275.893
2101 275.893 275.893
2102 275.893 275.893
2103 275.893 275.893
2104 275.893 275.893
2105 275.893 275.893
2106 275.893 275.893
2107 275.893 275.893
2108 275.893 275.893
2109 275.893 275.893
2110 275.893 275.893
2111 275.893 275.893
2112 275.893 275.893
2113 275.893 275.893
2114 275.893 275.893
2115 275.893 275.893
2116 275.893 275.893
2117 275.893 275.893
2118 275.893 275.893
2119 275.893 275.893
2120 275.893 275.893
2121 275.893 275.893
2122 275.893 275.893
2123 275.893 275.893
2124 275.893 275.893
2125 275.893 275.893
2126 275.893 275.893
2127 275.893 275.893
2128 275.893 275.893
2129 275.893 275.893
2130 275.893 275.893
2131 275.893 275.893
2132 275.893 275.893
2133 275.893 275.893
2134 275.893 275.893
2135 275.893 275.893
2136 275.893 275.893
2137 275.893 275.893
2138 275.893 275.893
2139 275.893 275.893
2140 275.893 275.893
2141 275.893 275.893
2142 275.893 275.893
2143 275.893 275.893
2144 275.893 275.893
2145 275.893 275.893
2146 275.893 275.893
2147 275.893 275.893
2148 275.893 275.893
2149 275.893 275.893
2150 275.893 275.893
2151 275.893 275.893
2152 275.893 275.893
2153 275.893 275.893
2154 275.893 275.893
2155 275.893 275.893
2156 275.893 275.893
2157 275.893 275.893
2158 275.893 275.893
2159 275.893 275.893
2160 275.893 275.893
2161 275.893 275.893
2162 275.893 275.893
2163 275.893 275.893
2164 275.893 275.893
2165 275.893 275.893
2166 275.893 275.893
2167 275.893 275.893
2168 275.893 275.893
2169 275.893 275.893
2170 275.893 275.893
2171 275.893 275.893
2172 275.893 275.893
2173 275.893 275.893
2174 275.893 275.893
2175 275.893 275.893
2176 275.893 275.893
2177 275.893 275.893
2178 275.893 275.893
2179 275.893 275.893
2180 275.893 275.893
2181 275.893 275.893
2182 275.893 275.893
2183 275.893 275.893
2184 275.893 275.893
2185 275.893 275.893
2186 275.893 275.893
2187 275.893 275.893
2188 275.893 275.893
2189 275.893 275.893
2190 275.893 275.893
2191 275.893 275.893
2192 275.893 275.893
2193 275.893 275.893
2194 275.893 275.893
2195 275.893 275.893
2196 275.893 275.893
2197 275.893 275.893
2198 275.893 275.893
2199 275.893 275.893
2200 275.893 275.893
2201 275.893 275.893
2202 275.893 275.893
2203 275.893 275.893
2204 275.893 275.893
2205 275.893 275.893
2206 275.893 275.893
2207 275.893 275.893
2208 275.893 275.893
2209 275.893 275.893
2210 275.893 275.893
2211 275.893 275.893
2212 275.893 275.893
2213 275.893 275.893
2214 275.893 275.893
2215 275.893 275.893
2216 275.893 275.893
2217 275.893 275.893
2218 275.893 275.893
2219 275.893 275.893
2220 275.893 275.893
2221 275.893 275.893
2222 275.893 275.893
2223 275.893 275.893
2224 275.893 275.893
2225 275.893 275.893
2226 275.893 275.893
2227 275.893 275.893
2228 275.893 275.893
2229 275.893 275.893
2230 275.893 275.893
2231 275.893 275.893
2232 275.893 275.893
2233 275.893 275.893
2234 275.893 275.893
2235 275.893 275.893
2236 275.893 275.893
2237 275.893 275.893
2238 275.893 275.893
2239 275.893 275.893
2240 275.893 275.893
2241 275.893 275.893
2242 275.893 275.893
2243 275.893 275.893
2244 275.893 275.893
2245 275.893 275.893
2246 275.893 275.893
2247 275.893 275.893
2248 275.893 275.893
2249 275.893 275.893
2250 275.893 275.893
2251 275.893 275.893
2252 275.893 275.893
2253 275.893 275.893
2254 275.893 275.893
2255 275.893 275.893
2256 275.893 275.893
2257 275.893 275.893
2258 275.893 275.893
2259 275.893 275.893
2260 275.893 275.893
2261 275.893 275.893
2262 275.893 275.893
2263 275.893 275.893
2264 275.893 275.893
2265 275.893 275.893
2266 275.893 275.893
2267 275.893 275.893
2268 275.893 275.893
2269 275.893 275.893
2270 275.893 275.893
2271 275.893 275.893
2272 275.893 275.893
2273 275.893 275.893
2274 275.893 275.893
2275 275.893 275.893
2276 275.893 275.893
2277 275.893 275.893
2278 275.893 275.893
2279 275.893 275.893
2280 275.893 275.893
2281 275.893 275.893
2282 275.893 275.893
2283 275.893 275.893
2284 275.893 275.893
2285 275.893 275.893
2286 275.893 275.893
2287 275.893 275.893
2288 275.893 275.893
2289 275.893 275.893
2290 275.893 275.893
2291 275.893 275.893
2292 275.893 275.893
2293 275.893 275.893
2294 275.893 275.893
2295 275.893 275.893
2296 275.893 275.893
2297 275.893 275.893
2298 275.893 275.893
2299 275.893 275.893
2300 275.893 275.893
2301 275.893 275.893
2302 275.893 275.893
2303 275.893 275.893
2304 275.893 275.893
2305 275.893 275.893
2306 275.893 275.893
2307 275.893 275.893
2308 275.893 275.893
2309 275.893 275.893
2310 275.893 275.893
2311 275.893 275.893
2312 275.893 275.893
2313 275.893 275.893
2314 275.893 275.893
2315 275.893 275.893
2316 275.893 275.893
2317 275.893 275.893
2318 275.893 275.893
2319 275.893 275.893
2320 275.893 275.893
2321 275.893 275.893
2322 275.893 275.893
2323 275.893 275.893
2324 275.893 275.893
2325 275.893 275.893
2326 275.893 275.893
2327 275.893 275.893
2328 275.893 275.893
2329 275.893 275.893
2330 275.893 275.893
2331 275.893 275.893
2332 275.893 275.893
2333 275.893 275.893
2334 275.893 275.893
2335 275.893 275.893
2336 275.893 275.893
2337 275.893 275.893
2338 275.893 275.893
2339 275.893 275.893
2340 275.893 275.893
2341 275.893 275.893
2342 275.893 275.893
2343 275.893 275.893
2344 275.893 275.893
2345 275.893 275.893
2346 275.893 275.893
2347 275.893 275.893
2348 275.893 275.893
2349 275.893 275.893
2350 275.893 275.893
2351 275.893 275.893
2352 275.893 275.893
2353 275.893 275.893
2354 275.893 275.893
2355 275.893 275.893
2356 275.893 275.893
2357 275.893 275.893
2358 275.893 275.893
2359 275.893 275.893
2360 275.893 275.893
2361 275.893 275.893
2362 275.893 275.893
2363 275.893 275.893
2364 275.893 275.893
2365 275.893 275.893
2366 275.893 275.893
2367 275.893 275.893
2368 275.893 275.893
2369 275.893 275.893
2370 275.893 275.893
2371 275.893 275.893
2372 275.893 275.893
2373 275.893 275.893
2374 275.893 275.893
2375 275.893 275.893
2376 275.893 275.893
2377 275.893 275.893
2378 275.893 275.893
2379 275.893 275.893
2380 275.893 275.893
2381 275.893 275.893
2382 275.893 275.893
2383 275.893 275.893
2384 275.893 275.893
2385 275.893 275.893
2386 275.893 275.893
2387 275.893 275.893
2388 275.893 275.893
2389 275.893 275.893
2390 275.893 275.893
2391 275.893 275.893
2392 275.893 275.893
2393 275.893 275.893
2394 275.893 275.893
2395 275.893 275.893
2396 275.893 275.893
2397 275.893 275.893
2398 275.893 275.893
2399 275.893 275.893
2400 275.893 275.893
2401 275.893 275.893
2402 275.893 275.893
2403 275.893 275.893
2404 275.893 275.893
2405 275.893 275.893
2406 275.893 275.893
2407 275.893 275.893
2408 275.893 275.893
2409 275.893 275.893
2410 275.893 275.893
2411 275.893 275.893
2412 275.893 275.893
2413 275.893 275.893
2414 275.893 275.893
2415 275.893 275.893
2416 275.893 275.893
2417 275.893 275.893
2418 275.893 275.893
2419 275.893 275.893
2420 275.893 275.893
2421 275.893 275.893
2422 275.893 275.893
2423 275.893 275.893
2424 275.893 275.893
2425 275.893 275.893
2426 275.893 275.893
2427 275.893 275.893
2428 275.893 275.893
2429 275.893 275.893
2430 275.893 275.893
2431 275.893 275.893
2432 275.893 275.893
2433 275.893 275.893
2434 275.893 275.893
2435 275.893 275.893
2436 275.893 275.893
2437 275.893 275.893
2438 275.893 275.893
2439 275.893 275.893
2440 275.893 275.893
2441 275.893 275.893
2442 275.893 275.893
2443 275.893 275.893
2444 275.893 275.893
2445 275.893 275.893
2446 275.893 275.893
2447 275.893 275.893
2448 275.893 275.893
2449 275.893 275.893
2450 275.893 275.893
2451 275.893 275.893
2452 275.893 275.893
2453 275.893 275.893
2454 275.893 275.893
2455 275.893 275.893
2456 275.893 275.893
2457 275.893 275.893
2458 275.893 275.893
2459 275.893 275.893
2460 275.893 275.893
2461 275.893 275.893
2462 275.893 275.893
2463 275.893 275.893
2464 275.893 275.893
2465 275.893 275.893
2466 275.893 275.893
2467 275.893 275.893
2468 275.893 275.893
2469 275.893 275.893
2470 275.893 275.893
2471 275.893 275.893
2472 275.893 275.893
2473 275.893 275.893
2474 275.893 275.893
2475 275.893 275.893
2476 275.893 275.893
2477 275.893 275.893
2478 275.893 275.893
2479 275.893 275.893
2480 275.893 275.893
2481 275.893 275.893
2482 275.893 275.893
2483 275.893 275.893
2484 275.893 275.893
2485 275.893 275.893
2486 275.893 275.893
2487 275.893 275.893
2488 275.893 275.893
2489 275.893 275.893
2490 275.893 275.893
2491 275.893 275.893
2492 275.893 275.893
2493 275.893 275.893
2494 275.893 275.893
2495 275.893 275.893
2496 275.893 275.893
2497 275.893 275.893
2498 275.893 275.893
2499 275.893 275.893
