0 871.704 985.819
1 802.377 942
2 776.134 895.703
3 748.451 847.496
4 710.034 821.364
5 711.837 796.078
6 704.45 767.652
7 695.844 756.84
8 690.754 746.918
9 674.652 742.076
10 670.896 734.299
11 653.089 717.018
12 622.039 698.661
13 604.529 694.782
14 601.12 672.983
15 584.079 654.932
16 578.428 639.407
17 578.038 614.983
18 578.038 609.306
19 574.7 602.19
20 574.31 597.219
21 573.629 587.64
22 572.105 578.234
23 567.742 575.564
24 561.706 573.068
25 561.706 570.601
26 555.146 568.944
27 549.11 565.568
28 549.11 562.9
29 539.509 558.507
30 535.736 554.371
31 531.247 549.135
32 529.26 545.057
33 529.26 539.703
34 529.26 534.88
35 529.26 532.288
36 523.178 530.844
37 506.889 528.464
38 506.889 525.612
39 506.889 521.135
40 505.739 515.928
41 503.054 513.537
42 503.054 513.576
43 503.054 510.476
44 498.457 509.497
45 497.462 511.004
46 495.242 512.193
47 492.272 512.755
48 491.457 515.441
49 485.083 513.029
50 468.745 509.018
51 466.352 501.293
52 465.821 495.158
53 446.08 489.896
54 446.08 480.041
55 446.08 466.519
56 438.655 457.894
57 438.107 456.5
58 438.042 450.879
59 424.667 445.937
60 424.118 440.947
61 422.97 433.075
62 422.707 429.474
63 422.707 426.784
64 422.707 424.764
65 409.694 423.037
66 409.629 421.436
67 408.687 418.33
68 407.558 411.835
69 394.739 408.3
70 394.739 405.965
71 393.675 399.898
72 393.514 394.855
73 392.449 394.33
74 392.449 393.969
75 390.945 393.077
76 390.55 392.401
77 390.55 391.761
78 390.55 391.416
79 390.55 391.919
80 390.55 395.074
81 389.419 399.294
82 389.419 402.093
83 389.419 406.007
84 389.419 401.523
85 389.419 399.961
86 389.419 399.788
87 389.419 394.688
88 388.498 394.373
89 383.154 389.436
90 383.154 388.974
91 383.154 388.638
92 383.154 387.005
93 383.154 384.87
94 382.67 383.149
95 382.67 383.144
96 382.67 383.07
97 382.67 382.902
98 381.729 382.716
99 377.65 382.611
100 377.65 381.827
101 377.65 380.391
102 377.65 378.3
103 377.65 377.65
104 377.65 377.65
105 377.65 377.65
106 377.65 377.65
107 377.65 377.65
108 377.65 377.65
109 377.65 377.65
110 377.65 377.65
111 377.65 377.65
112 377.457 377.648
113 370.8 377.42
114 363.923 376.771
115 363.923 376.753
116 363.923 377.188
117 361.103 371.441
118 358.276 369.356
119 358.276 365.523
120 346.506 363.022
121 346.506 360.657
122 342.79 353.625
123 342.79 350.699
124 342.726 348.256
125 342.726 346.315
126 342.726 344.012
127 342.726 342.766
128 337.699 342.673
129 337.699 342.07
130 337.699 341.209
131 337.699 339.655
132 337.699 338.278
133 335.995 337.67
134 335.668 337.515
135 335.264 337.04
136 331.927 336.26
137 331.927 334.575
138 331.927 333.201
139 331.523 332.236
140 331.523 331.871
141 331.523 331.757
142 331.523 331.673
143 331.523 331.567
144 331.159 331.519
145 331.159 331.501
146 329.128 331.339
147 329.128 330.715
148 329.128 329.914
149 329.128 329.188
150 329.128 329.128
151 329.128 329.128
152 329.128 329.128
153 329.128 329.128
154 329.128 329.128
155 329.128 329.128
156 329.128 329.128
157 329.128 329.128
158 326.085 329.068
159 326.085 328.92
160 326.085 328.235
161 323.132 326.943
162 323.132 326.294
163 321.865 325.015
164 323.132 324.571
165 323.132 323.767
166 323.132 323.246
167 323.132 323.132
168 323.132 323.132
169 323.132 323.132
170 323.132 323.132
171 323.132 323.132
172 323.132 323.132
173 323.132 323.132
174 323.132 323.132
175 322.554 323.126
176 322.554 323.126
177 323.132 323.132
178 323.132 323.132
179 323.132 323.132
180 323.132 323.132
181 323.132 323.132
182 323.132 323.132
183 323.132 323.132
184 323.132 323.132
185 323.132 323.132
186 323.132 323.132
187 323.132 323.132
188 323.132 323.132
189 323.132 323.132
190 323.132 323.132
191 322.635 323.127
192 322.635 323.112
193 321.72 323.033
194 321.72 322.744
195 321.72 322.325
196 321.666 321.752
197 321.666 321.71
198 321.666 321.695
199 321.666 321.669
200 321.666 321.666
201 321.666 321.666
202 321.666 321.666
203 321.666 321.666
204 321.666 321.666
205 321.666 321.666
206 321.666 321.666
207 321.666 321.666
208 321.666 321.666
209 321.666 321.666
210 321.666 321.666
211 321.666 321.666
212 321.666 321.666
213 321.666 321.666
214 321.666 321.666
215 321.666 321.666
216 321.666 321.666
217 321.666 321.666
218 321.666 321.666
219 321.666 321.666
220 321.666 321.666
221 321.666 321.666
222 321.666 321.666
223 321.666 321.666
224 321.666 321.666
225 321.666 321.666
226 321.666 321.666
227 321.666 321.666
228 319.963 321.649
229 319.963 321.462
230 319.963 320.941
231 319.963 320.384
232 319.963 320.243
233 319.963 319.963
234 319.963 319.963
235 319.963 319.963
236 319.963 319.963
237 319.963 319.963
238 319.963 319.963
239 319.963 319.963
240 319.963 319.963
241 318.271 319.946
242 318.922 319.952
243 318.922 321.33
244 319.963 326.532
245 319.963 327.173
246 319.963 327.569
247 319.963 324.55
248 319.963 322.87
249 319.963 323.927
250 319.963 320.641
251 316.826 319.931
252 316.826 319.743
253 316.826 318.739
254 315.831 317.945
255 315.831 317.608
256 313.718 316.545
257 313.718 316.419
258 313.718 315.685
259 311.77 314.293
260 311.77 313.22
261 311.77 312.509
262 311.77 311.77
263 311.77 311.77
264 311.77 311.77
265 311.77 311.77
266 311.77 311.77
267 311.77 311.77
268 311.77 311.77
269 311.77 311.77
270 311.77 311.77
271 311.77 311.77
272 311.77 311.77
273 311.77 311.77
274 311.77 311.77
275 311.77 311.77
276 311.77 311.77
277 311.77 311.77
278 311.77 311.77
279 311.77 311.77
280 311.77 311.77
281 311.77 311.77
282 311.77 311.77
283 311.192 311.765
284 310.536 311.746
285 310.498 311.751
286 310.498 311.441
287 310.498 312.452
288 310.498 315.587
289 310.498 320.479
290 310.498 320.307
291 310.124 319.581
292 310.124 317.024
293 310.124 314.291
294 310.124 313.223
295 310.124 311.278
296 310.124 310.162
297 310.124 310.234
298 308.913 310.112
299 305.397 310.043
300 305.397 309.695
301 305.397 311.048
302 305.397 309.822
303 305.397 308.853
304 305.397 306.161
305 305.397 305.397
306 305.397 305.397
307 305.397 305.397
308 305.397 305.397
309 305.397 305.397
310 305.397 305.397
311 305.397 305.397
312 305.397 305.397
313 303.395 305.377
314 303.395 305.317
315 303.395 304.975
316 303.233 304.453
317 303.233 303.737
318 303.233 303.4
319 303.233 303.335
320 303.233 303.285
321 303.233 303.263
322 303.233 303.233
323 303.233 303.237
324 303.233 303.233
325 303.233 303.233
326 303.233 303.233
327 303.233 303.233
328 303.233 303.233
329 303.233 303.233
330 303.233 303.233
331 303.233 303.233
332 303.233 303.233
333 303.233 303.233
334 303.233 303.233
335 303.233 303.233
336 303.233 303.233
337 303.233 303.233
338 303.233 303.233
339 303.233 303.233
340 303.233 303.233
341 303.233 303.233
342 303.233 303.233
343 301.428 303.215
344 301.428 303.071
345 301.428 302.71
346 301.428 302.295
347 301.428 301.699
348 301.428 301.428
349 301.428 301.428
350 301.428 301.428
351 301.428 301.428
352 301.428 301.428
353 301.428 301.428
354 301.428 301.428
355 301.428 301.428
356 299.002 301.404
357 299.002 301.161
358 299.002 300.773
359 299.002 300.212
360 299.002 299.194
361 299.002 299.002
362 299.002 299.002
363 299.002 299.002
364 299.002 299.002
365 299.002 299.002
366 299.002 299.002
367 299.002 299.002
368 299.002 299.002
369 299.002 299.002
370 299.002 299.002
371 299.002 299.002
372 299.002 299.002
373 299.002 299.002
374 299.002 299.002
375 299.002 299.002
376 299.002 299.002
377 299.002 299.002
378 299.002 299.002
379 299.002 299.002
380 299.002 299.002
381 299.002 299.002
382 299.002 299.002
383 299.002 299.002
384 299.002 299.002
385 299.002 299.002
386 299.002 299.002
387 299.002 299.002
388 299.002 299.002
389 299.002 299.002
390 299.002 299.002
391 299.002 299.002
392 299.002 299.002
393 299.002 299.002
394 299.002 299.002
395 299.002 299.002
396 299.002 299.002
397 299.002 299.002
398 299.002 299.002
399 299.002 299.002
400 299.002 299.002
401 299.002 299.002
402 299.002 299.002
403 299.002 299.002
404 299.002 299.002
405 299.002 299.002
406 299.002 299.002
407 299.002 299.002
408 299.002 299.002
409 299.002 299.002
410 299.002 299.002
411 299.002 299.002
412 299.002 299.002
413 299.002 299.002
414 299.002 299.002
415 299.002 299.002
416 299.002 299.002
417 299.002 299.002
418 299.002 299.002
419 299.002 299.002
420 299.002 299.002
421 299.002 299.002
422 299.002 299.002
423 299.002 299.002
424 298.235 298.994
425 298.235 298.971
426 298.235 298.849
427 298.235 298.603
428 298.235 298.412
429 298.235 298.235
430 298.235 298.235
431 298.235 298.235
432 298.235 298.235
433 298.235 298.235
434 298.235 298.235
435 298.235 298.235
436 298.235 298.235
437 298.235 298.235
438 298.235 298.235
439 298.235 298.235
440 298.235 298.235
441 298.235 298.235
442 298.235 298.235
443 298.235 298.235
444 298.235 298.235
445 298.235 298.235
446 298.235 298.235
447 298.235 298.235
448 298.235 298.235
449 298.235 298.235
450 298.235 298.235
451 298.235 298.235
452 298.235 298.235
453 298.235 298.235
454 298.235 298.235
455 298.235 298.235
456 298.235 298.235
457 298.235 298.235
458 298.235 298.235
459 298.235 298.235
460 298.235 298.235
461 298.235 298.235
462 298.235 298.235
463 298.235 298.235
464 298.235 298.235
465 298.235 298.235
466 298.235 298.235
467 298.235 298.235
468 298.235 298.235
469 298.235 298.235
470 298.235 298.235
471 298.235 298.235
472 298.235 298.235
473 298.235 298.235
474 298.235 298.235
475 298.235 298.235
476 298.235 298.235
477 298.235 298.235
478 295.566 298.209
479 295.566 298.129
480 295.566 297.702
481 295.566 296.741
482 295.566 295.78
483 295.566 295.566
484 295.566 295.566
485 295.566 295.566
486 295.566 295.566
487 295.566 295.566
488 295.566 295.566
489 295.566 295.566
490 295.566 295.566
491 295.566 295.566
492 295.566 295.566
493 295.566 295.566
494 295.566 295.566
495 295.566 295.566
496 295.566 295.566
497 295.566 295.566
498 295.566 295.566
499 295.566 295.566
500 295.566 295.566
501 295.566 295.566
502 295.566 295.566
503 295.566 295.566
504 295.566 295.566
505 295.566 295.566
506 294.758 295.558
507 294.758 295.445
508 294.758 295.292
509 294.758 295.147
510 294.758 295.148
511 294.758 294.865
512 294.758 294.758
513 294.758 294.758
514 294.758 294.758
515 294.758 294.758
516 294.758 294.758
517 294.758 294.758
518 294.758 294.758
519 294.758 294.758
520 292.293 294.734
521 292.293 294.512
522 292.293 293.664
523 292.293 292.579
524 292.293 292.293
525 292.293 292.293
526 292.293 292.293
527 292.293 292.293
528 292.293 292.293
529 292.293 292.293
530 292.293 292.293
531 292.293 292.293
532 292.293 292.293
533 292.293 292.293
534 292.293 292.293
535 292.293 292.293
536 292.293 292.293
537 292.293 292.293
538 292.293 292.293
539 292.293 292.293
540 292.293 292.293
541 292.293 292.293
542 292.293 292.293
543 292.293 292.293
544 292.293 292.293
545 292.293 292.293
546 292.293 292.293
547 292.293 292.293
548 292.293 292.293
549 292.293 292.293
550 292.293 292.293
551 292.293 292.293
552 292.293 292.293
553 292.293 292.293
554 292.293 292.293
555 292.293 292.293
556 292.293 292.293
557 292.293 292.293
558 292.293 292.293
559 292.293 292.293
560 292.293 292.293
561 292.293 292.293
562 292.293 292.293
563 292.293 292.293
564 292.293 292.293
565 292.293 292.293
566 292.293 292.293
567 292.293 292.293
568 292.293 292.293
569 292.293 292.293
570 292.293 292.293
571 292.293 292.293
572 292.293 292.293
573 292.293 292.293
574 292.293 292.293
575 292.293 292.293
576 292.293 292.293
577 292.293 292.293
578 292.293 292.293
579 292.293 292.293
580 292.293 292.293
581 292.293 292.293
582 292.293 292.293
583 292.293 292.293
584 292.293 292.293
585 292.293 292.293
586 292.293 292.293
587 292.293 292.293
588 292.293 292.293
589 292.293 292.293
590 292.293 292.293
591 292.293 292.293
592 292.293 292.293
593 292.293 292.293
594 292.293 292.293
595 292.293 292.293
596 292.293 292.293
597 292.293 292.293
598 292.293 292.293
599 292.293 292.293
600 292.293 292.293
601 292.293 292.293
602 292.293 292.293
603 292.293 292.293
604 292.293 292.293
605 292.293 292.293
606 292.293 292.293
607 292.293 292.293
608 292.293 292.293
609 292.293 292.293
610 292.293 292.293
611 292.293 292.293
612 292.293 292.293
613 292.293 292.293
614 292.293 292.293
615 292.293 292.293
616 292.293 292.293
617 292.293 292.293
618 292.293 292.293
619 292.293 292.293
620 292.293 292.293
621 292.293 292.293
622 292.293 292.293
623 292.293 292.293
624 292.293 292.293
625 292.293 292.293
626 292.293 292.293
627 292.293 292.293
628 292.293 292.293
629 292.293 292.293
630 292.293 292.293
631 292.293 292.293
632 292.293 292.293
633 292.293 292.293
634 292.293 292.293
635 292.293 292.293
636 292.293 292.293
637 292.293 292.293
638 292.293 292.293
639 292.293 292.293
640 292.293 292.293
641 292.293 292.293
642 292.293 292.293
643 292.293 292.293
644 292.293 292.293
645 292.293 292.293
646 291.397 292.284
647 291.397 292.266
648 291.397 292.15
649 291.397 292.002
650 288.26 291.874
651 288.26 291.399
652 288.26 290.799
653 288.26 289.743
654 288.26 288.359
655 288.26 288.26
656 288.26 288.26
657 288.26 288.26
658 288.26 288.26
659 288.26 288.26
660 288.26 288.26
661 288.26 288.26
662 288.26 288.26
663 288.26 288.26
664 288.26 288.26
665 288.26 288.26
666 288.26 288.26
667 288.26 288.26
668 288.26 288.26
669 288.26 288.26
670 288.26 288.26
671 288.26 288.26
672 288.26 288.26
673 288.26 288.26
674 288.26 288.26
675 288.26 288.26
676 288.26 288.26
677 288.26 288.26
678 288.26 288.26
679 288.26 288.26
680 288.26 288.26
681 288.26 288.26
682 288.26 288.26
683 288.26 288.26
684 288.26 288.26
685 288.26 288.26
686 288.26 288.26
687 288.26 288.26
688 288.26 288.26
689 288.26 288.26
690 288.26 288.26
691 288.26 288.26
692 288.26 288.26
693 288.26 288.26
694 288.26 288.26
695 288.26 288.26
696 288.26 288.26
697 288.26 288.26
698 288.26 288.26
699 288.26 288.26
700 288.26 288.26
701 288.26 288.26
702 288.26 288.26
703 288.26 288.26
704 288.26 288.26
705 288.26 288.26
706 288.26 288.26
707 288.26 288.26
708 288.26 288.26
709 288.26 288.26
710 288.26 288.26
711 288.26 288.26
712 288.26 288.26
713 288.26 288.26
714 288.26 288.26
715 288.26 288.26
716 288.26 288.26
717 288.26 288.26
718 288.26 288.26
719 288.26 288.26
720 288.26 288.26
721 288.26 288.26
722 288.26 288.26
723 288.26 288.26
724 288.26 288.26
725 288.26 288.26
726 288.26 288.26
727 288.26 288.26
728 288.26 288.26
729 288.26 288.26
730 288.26 288.26
731 288.26 288.26
732 288.26 288.26
733 288.26 288.26
734 288.26 288.26
735 288.26 288.26
736 288.26 288.26
737 288.26 288.26
738 288.26 288.26
739 288.26 288.26
740 288.26 288.26
741 288.26 288.26
742 288.26 288.26
743 288.26 288.26
744 288.26 288.26
745 288.26 288.26
746 288.26 288.26
747 288.26 288.26
748 288.26 288.26
749 288.26 288.26
750 288.26 288.26
751 288.26 288.26
752 288.26 288.26
753 288.26 288.26
754 288.26 288.26
755 288.26 288.26
756 288.26 288.26
757 288.26 288.26
758 288.26 288.26
759 288.26 288.26
760 288.26 288.26
761 288.26 288.26
762 288.187 288.259
763 288.187 288.251
764 288.187 288.235
765 288.187 288.214
766 288.187 288.19
767 288.187 288.187
768 288.187 288.187
769 288.187 288.187
770 288.187 288.187
771 288.187 288.187
772 288.187 288.187
773 288.187 288.187
774 288.187 288.187
775 288.187 288.187
776 288.187 288.187
777 288.187 288.187
778 288.187 288.187
779 288.187 288.187
780 288.187 288.187
781 288.187 288.187
782 288.187 288.187
783 288.187 288.187
784 288.187 288.187
785 288.187 288.187
786 288.187 288.187
787 288.187 288.187
788 288.187 288.187
789 288.187 288.187
790 288.187 288.187
791 288.187 288.187
792 288.187 288.187
793 288.187 288.187
794 288.187 288.187
795 288.187 288.187
796 288.187 288.187
797 288.187 288.187
798 288.187 288.187
799 288.187 288.187
800 288.187 288.187
801 288.187 288.187
802 288.187 288.187
803 288.187 288.187
804 288.187 288.187
805 288.187 288.187
806 288.187 288.187
807 288.187 288.187
808 288.187 288.187
809 288.187 288.187
810 288.187 288.187
811 288.187 288.187
812 288.187 288.187
813 288.187 288.187
814 288.187 288.187
815 288.187 288.187
816 288.187 288.187
817 288.187 288.187
818 288.187 288.187
819 288.187 288.187
820 288.187 288.187
821 288.028 288.185
822 288.028 288.174
823 288.028 288.152
824 288.028 288.115
825 288.028 288.058
826 288.028 288.028
827 288.028 288.028
828 288.028 288.028
829 288.028 288.028
830 288.028 288.028
831 288.028 288.028
832 288.028 288.028
833 288.028 288.028
834 288.028 288.028
835 288.028 288.028
836 288.028 288.028
837 288.028 288.028
838 288.028 288.028
839 288.028 288.028
840 288.028 288.028
841 288.028 288.028
842 288.028 288.028
843 288.028 288.028
844 288.028 288.028
845 288.028 288.028
846 288.028 288.028
847 288.028 288.028
848 288.028 288.028
849 288.028 288.028
850 288.028 288.028
851 288.028 288.028
852 288.028 288.028
853 288.028 288.028
854 288.028 288.028
855 288.028 288.028
856 288.028 288.028
857 288.028 288.028
858 288.028 288.028
859 288.028 288.028
860 288.028 288.028
861 288.028 288.028
862 288.028 288.028
863 288.028 288.028
864 288.028 288.028
865 288.028 288.028
866 288.028 288.028
867 288.028 288.028
868 288.028 288.028
869 288.028 288.028
870 288.028 288.028
871 288.028 288.028
872 288.028 288.028
873 288.028 288.028
874 288.028 288.028
875 288.028 288.028
876 288.028 288.028
877 288.028 288.028
878 288.028 288.028
879 288.028 288.028
880 288.028 288.028
881 288.028 288.028
882 288.028 288.028
883 288.028 288.028
884 288.028 288.028
885 288.028 288.028
886 288.028 288.028
887 288.028 288.028
888 288.028 288.028
889 288.028 288.028
890 288.028 288.028
891 288.028 288.028
892 288.028 288.028
893 288.028 288.028
894 288.028 288.028
895 287.641 288.024
896 287.641 288.012
897 287.641 287.993
898 287.641 287.943
899 287.641 287.869
900 287.641 287.811
901 287.641 287.788
902 287.641 287.652
903 287.641 287.641
904 287.641 287.641
905 286.202 287.626
906 286.202 287.511
907 286.202 287.008
908 286.202 286.634
909 286.202 286.202
910 286.202 286.202
911 286.202 286.202
912 286.202 286.202
913 286.202 286.202
914 286.202 286.202
915 286.202 286.202
916 286.202 286.202
917 286.202 286.202
918 286.202 286.202
919 286.202 286.202
920 286.202 286.202
921 286.202 286.202
922 286.202 286.202
923 286.202 286.202
924 286.202 286.202
925 286.202 286.202
926 286.202 286.202
927 286.202 286.202
928 286.202 286.202
929 286.202 286.202
930 286.202 286.202
931 286.202 286.202
932 286.202 286.202
933 286.202 286.202
934 286.202 286.202
935 286.202 286.202
936 286.202 286.202
937 286.202 286.202
938 286.202 286.202
939 286.202 286.202
940 286.202 286.202
941 286.202 286.202
942 286.202 286.202
943 286.202 286.202
944 286.202 286.202
945 286.202 286.202
946 286.202 286.202
947 286.202 286.202
948 286.202 286.202
949 286.202 286.202
950 286.202 286.202
951 286.202 286.202
952 286.202 286.202
953 286.202 286.202
954 286.202 286.202
955 286.202 286.202
956 286.202 286.202
957 286.202 286.202
958 286.202 286.202
959 286.202 286.202
960 286.202 286.202
961 286.202 286.202
962 286.202 286.202
963 286.202 286.202
964 286.202 286.202
965 286.202 286.202
966 286.202 286.202
967 286.202 286.202
968 286.202 286.202
969 286.202 286.202
970 286.202 286.202
971 286.202 286.202
972 286.202 286.202
973 286.202 286.202
974 286.202 286.202
975 286.202 286.202
976 286.202 286.202
977 286.202 286.202
978 286.202 286.202
979 286.202 286.202
980 286.202 286.202
981 286.202 286.202
982 286.202 286.202
983 286.202 286.202
984 286.202 286.202
985 286.202 286.202
986 286.202 286.202
987 286.202 286.202
988 286.202 286.202
989 286.202 286.202
990 286.202 286.202
991 286.202 286.202
992 286.202 286.202
993 286.202 286.202
994 286.202 286.202
995 286.202 286.202
996 286.202 286.202
997 286.202 286.202
998 286.202 286.202
999 286.202 286.202
1000 285.805 286.198
1001 285.805 286.158
1002 285.805 286.015
1003 285.805 285.884
1004 285.805 285.805
1005 285.805 285.805
1006 285.805 285.805
1007 285.805 285.805
1008 285.805 285.805
1009 285.805 285.805
1010 285.805 285.805
1011 285.805 285.805
1012 285.805 285.805
1013 285.805 285.805
1014 285.805 285.805
1015 281.038 285.757
1016 281.038 285.424
1017 281.038 284.236
1018 281.038 282.897
1019 281.038 281.944
1020 281.038 281.038
1021 281.038 281.038
1022 281.038 281.038
1023 281.038 281.038
1024 281.038 281.038
1025 281.038 281.038
1026 281.038 281.038
1027 281.038 281.038
1028 281.038 281.038
1029 281.038 281.038
1030 281.038 281.038
1031 281.038 281.038
1032 281.038 281.038
1033 281.038 281.038
1034 281.038 281.038
1035 281.038 281.038
1036 281.038 281.038
1037 281.038 281.038
1038 281.038 281.038
1039 281.038 281.038
1040 281.038 281.038
1041 281.038 281.038
1042 281.038 281.038
1043 281.038 281.038
1044 281.038 281.038
1045 281.038 281.038
1046 281.038 281.038
1047 281.038 281.038
1048 281.038 281.038
1049 281.038 281.038
1050 281.038 281.038
1051 281.038 281.038
1052 281.038 281.038
1053 281.038 281.038
1054 281.038 281.038
1055 281.038 281.038
1056 281.038 281.038
1057 281.038 281.038
1058 281.038 281.038
1059 281.038 281.038
1060 281.038 281.038
1061 281.038 281.038
1062 281.038 281.038
1063 281.038 281.038
1064 281.038 281.038
1065 281.038 281.038
1066 281.038 281.038
1067 281.038 281.038
1068 281.038 281.038
1069 281.038 281.038
1070 281.038 281.038
1071 281.038 281.038
1072 281.038 281.038
1073 281.038 281.038
1074 281.038 281.038
1075 281.038 281.038
1076 281.038 281.038
1077 281.038 281.038
1078 281.038 281.038
1079 281.038 281.038
1080 281.038 281.038
1081 281.038 281.038
1082 281.038 281.038
1083 281.038 281.038
1084 281.038 281.038
1085 281.038 281.038
1086 281.038 281.038
1087 281.038 281.038
1088 281.038 281.038
1089 281.038 281.038
1090 281.038 281.038
1091 281.038 281.038
1092 281.038 281.038
1093 281.038 281.038
1094 281.038 281.038
1095 281.038 281.038
1096 281.038 281.038
1097 281.038 281.038
1098 281.038 281.038
1099 281.038 281.038
1100 281.038 281.038
1101 281.038 281.038
1102 281.038 281.038
1103 281.038 281.038
1104 281.038 281.038
1105 281.038 281.038
1106 281.038 281.038
1107 281.038 281.038
1108 281.038 281.038
1109 281.038 281.038
1110 281.038 281.038
1111 281.038 281.038
1112 281.038 281.038
1113 281.038 281.038
1114 281.038 281.038
1115 281.038 281.038
1116 281.038 281.038
1117 281.038 281.038
1118 281.038 281.038
1119 281.038 281.038
1120 281.038 281.038
1121 281.038 281.038
1122 281.038 281.038
1123 281.038 281.038
1124 281.038 281.038
1125 281.038 281.038
1126 281.038 281.038
1127 281.038 281.038
1128 281.038 281.038
1129 281.038 281.038
1130 281.038 281.038
1131 281.038 281.038
1132 281.038 281.038
1133 281.038 281.038
1134 281.038 281.038
1135 281.038 281.038
1136 281.038 281.038
1137 281.038 281.038
1138 281.038 281.038
1139 281.038 281.038
1140 281.038 281.038
1141 281.038 281.038
1142 281.038 281.038
1143 281.038 281.038
1144 281.038 281.038
1145 281.038 281.038
1146 281.038 281.038
1147 281.038 281.038
1148 281.038 281.038
1149 281.038 281.038
1150 281.038 281.038
1151 281.038 281.038
1152 281.038 281.038
1153 281.038 281.038
1154 281.038 281.038
1155 281.038 281.038
1156 281.038 281.038
1157 281.038 281.038
1158 281.038 281.038
1159 281.038 281.038
1160 281.038 281.038
1161 281.038 281.038
1162 281.038 281.038
1163 281.038 281.038
1164 281.038 281.038
1165 281.038 281.038
1166 281.038 281.038
1167 281.038 281.038
1168 281.038 281.038
1169 281.038 281.038
1170 281.038 281.038
1171 281.038 281.038
1172 281.038 281.038
1173 281.038 281.038
1174 281.038 281.038
1175 281.038 281.038
1176 281.038 281.038
1177 281.038 281.038
1178 281.038 281.038
1179 281.038 281.038
1180 281.038 281.038
1181 281.038 281.038
1182 281.038 281.038
1183 281.038 281.038
1184 281.038 281.038
1185 281.038 281.038
1186 281.038 281.038
1187 281.038 281.038
1188 281.038 281.038
1189 281.038 281.038
1190 281.038 281.038
1191 281.038 281.038
1192 281.038 281.038
1193 281.038 281.038
1194 281.038 281.038
1195 281.038 281.038
1196 281.038 281.038
1197 281.038 281.038
1198 281.038 281.038
1199 281.038 281.038
1200 281.038 281.038
1201 281.038 281.038
1202 281.038 281.038
1203 281.038 281.038
1204 281.038 281.038
1205 281.038 281.038
1206 281.038 281.038
1207 281.038 281.038
1208 281.038 281.038
1209 281.038 281.038
1210 281.038 281.038
1211 281.038 281.038
1212 281.038 281.038
1213 281.038 281.038
1214 281.038 281.038
1215 281.038 281.038
1216 281.038 281.038
1217 281.038 281.038
1218 281.038 281.038
1219 281.038 281.038
1220 281.038 281.038
1221 281.038 281.038
1222 281.038 281.038
1223 281.038 281.038
1224 281.038 281.038
1225 281.038 281.038
1226 281.038 281.038
1227 281.038 281.038
1228 281.038 281.038
1229 281.038 281.038
1230 281.038 281.038
1231 281.038 281.038
1232 281.038 281.038
1233 281.038 281.038
1234 281.038 281.038
1235 281.038 281.038
1236 281.038 281.038
1237 281.038 281.038
1238 281.038 281.038
1239 281.038 281.038
1240 281.038 281.038
1241 281.038 281.038
1242 281.038 281.038
1243 281.038 281.038
1244 281.038 281.038
1245 281.038 281.038
1246 281.038 281.038
1247 281.038 281.038
1248 281.038 281.038
1249 281.038 281.038
1250 281.038 281.038
1251 281.038 281.038
1252 281.038 281.038
1253 281.038 281.038
1254 281.038 281.038
1255 281.038 281.038
1256 281.038 281.038
1257 281.038 281.038
1258 281.038 281.038
1259 281.038 281.038
1260 281.038 281.038
1261 281.038 281.038
1262 281.038 281.038
1263 281.038 281.038
1264 281.038 281.038
1265 281.038 281.038
1266 281.038 281.038
1267 281.038 281.038
1268 281.038 281.038
1269 281.038 281.038
1270 281.038 281.038
1271 281.038 281.038
1272 281.038 281.038
1273 281.038 281.038
1274 281.038 281.038
1275 281.038 281.038
1276 281.038 281.038
1277 281.038 281.038
1278 281.038 281.038
1279 281.038 281.038
1280 281.038 281.038
1281 281.038 281.038
1282 281.038 281.038
1283 281.038 281.038
1284 281.038 281.038
1285 281.038 281.038
1286 281.038 281.038
1287 281.038 281.038
1288 281.038 281.038
1289 281.038 281.038
1290 281.038 281.038
1291 281.038 281.038
1292 281.038 281.038
1293 281.038 281.038
1294 281.038 281.038
1295 281.038 281.038
1296 281.038 281.038
1297 281.038 281.038
1298 281.038 281.038
1299 281.038 281.038
1300 281.038 281.038
1301 281.038 281.038
1302 281.038 281.038
1303 281.038 281.038
1304 281.038 281.038
1305 281.038 281.038
1306 281.038 281.038
1307 281.038 281.038
1308 281.038 281.038
1309 281.038 281.038
1310 281.038 281.038
1311 281.038 281.038
1312 278.437 281.012
1313 278.437 280.882
1314 278.437 280.465
1315 278.437 280.022
1316 278.437 279.423
1317 278.437 278.437
1318 278.437 278.437
1319 278.437 278.437
1320 278.437 278.437
1321 278.437 278.437
1322 278.437 278.437
1323 278.437 278.437
1324 278.437 278.437
1325 278.437 278.437
1326 278.437 278.437
1327 278.437 278.437
1328 278.437 278.437
1329 278.437 278.437
1330 278.437 278.437
1331 278.437 278.437
1332 278.437 278.437
1333 278.437 278.437
1334 278.437 278.437
1335 278.437 278.437
1336 278.437 278.437
1337 278.437 278.437
1338 278.437 278.437
1339 278.437 278.437
1340 278.437 278.437
1341 278.437 278.437
1342 277.809 278.431
1343 277.809 278.418
1344 278.437 278.437
1345 278.437 278.437
1346 278.437 278.437
1347 278.437 278.437
1348 278.437 278.437
1349 278.437 278.437
1350 278.437 278.437
1351 278.437 278.437
1352 278.437 278.437
1353 277.428 278.427
1354 277.428 278.387
1355 277.428 278.276
1356 277.428 277.983
1357 277.428 277.712
1358 277.428 277.428
1359 277.428 277.428
1360 277.428 277.428
1361 277.428 277.428
1362 277.428 277.428
1363 277.428 277.428
1364 277.428 277.428
1365 277.428 277.428
1366 277.428 277.428
1367 277.428 277.428
1368 277.428 277.428
1369 277.428 277.428
1370 277.428 277.428
1371 277.428 277.428
1372 277.428 277.428
1373 277.428 277.428
1374 277.428 277.428
1375 277.428 277.428
1376 277.428 277.428
1377 277.428 277.428
1378 277.428 277.428
1379 277.428 277.428
1380 277.428 277.428
1381 277.428 277.428
1382 277.428 277.428
1383 277.428 277.428
1384 277.428 277.428
1385 277.428 277.428
1386 277.428 277.428
1387 277.428 277.428
1388 277.428 277.428
1389 277.428 277.428
1390 277.428 277.428
1391 277.428 277.428
1392 277.428 277.428
1393 277.428 277.428
1394 277.428 277.428
1395 277.428 277.428
1396 277.428 277.428
1397 277.428 277.428
1398 277.428 277.428
1399 277.428 277.428
1400 277.428 277.428
1401 277.428 277.428
1402 277.428 277.428
1403 277.428 277.428
1404 277.428 277.428
1405 277.428 277.428
1406 277.428 277.428
1407 277.428 277.428
1408 277.428 277.428
1409 277.428 277.428
1410 277.428 277.428
1411 277.428 277.428
1412 277.428 277.428
1413 277.428 277.428
1414 277.428 277.428
1415 277.428 277.428
1416 277.428 277.428
1417 277.428 277.428
1418 277.428 277.428
1419 277.428 277.428
1420 277.428 277.428
1421 277.428 277.428
1422 277.428 277.428
1423 277.428 277.428
1424 277.428 277.428
1425 277.428 277.428
1426 277.428 277.428
1427 277.428 277.428
1428 277.428 277.428
1429 277.428 277.428
1430 277.428 277.428
1431 277.428 277.428
1432 277.428 277.428
1433 277.428 277.428
1434 277.428 277.428
1435 277.428 277.428
1436 277.428 277.428
1437 277.428 277.428
1438 277.428 277.428
1439 277.428 277.428
1440 277.428 277.428
1441 277.428 277.428
1442 277.428 277.428
1443 277.428 277.428
1444 277.428 277.428
1445 277.428 277.428
1446 277.428 277.428
1447 277.428 277.428
1448 277.428 277.428
1449 277.428 277.428
1450 277.428 277.428
1451 277.428 277.428
1452 277.428 277.428
1453 277.428 277.428
1454 277.428 277.428
1455 277.428 277.428
1456 277.428 277.428
1457 277.428 277.428
1458 277.428 277.428
1459 277.428 277.428
1460 277.428 277.428
1461 277.428 277.428
1462 277.428 277.428
1463 277.428 277.428
1464 277.428 277.428
1465 277.428 277.428
1466 277.428 277.428
1467 277.428 277.428
1468 277.428 277.428
1469 277.428 277.428
1470 277.428 277.428
1471 277.428 277.428
1472 277.428 277.428
1473 277.428 277.428
1474 277.428 277.428
1475 277.428 277.428
1476 277.428 277.428
1477 277.428 277.428
1478 277.428 277.428
1479 277.428 277.428
1480 277.428 277.428
1481 277.428 277.428
1482 277.428 277.428
1483 277.428 277.428
1484 277.428 277.428
1485 277.428 277.428
1486 277.428 277.428
1487 277.428 277.428
1488 277.428 277.428
1489 277.428 277.428
1490 277.428 277.428
1491 277.428 277.428
1492 277.428 277.428
1493 277.428 277.428
1494 277.428 277.428
1495 277.428 277.428
1496 277.428 277.428
1497 277.428 277.428
1498 277.428 277.428
1499 277.428 277.428
1500 277.428 277.428
1501 277.428 277.428
1502 277.428 277.428
1503 277.428 277.428
1504 277.428 277.428
1505 277.428 277.428
1506 277.428 277.428
1507 277.428 277.428
1508 277.428 277.428
1509 277.428 277.428
1510 277.428 277.428
1511 277.428 277.428
1512 277.428 277.428
1513 277.428 277.428
1514 277.428 277.428
1515 277.428 277.428
1516 277.428 277.428
1517 277.428 277.428
1518 277.428 277.428
1519 277.428 277.428
1520 277.428 277.428
1521 277.428 277.428
1522 277.428 277.428
1523 277.428 277.428
1524 277.428 277.428
1525 277.428 277.428
1526 277.428 277.428
1527 277.428 277.428
1528 277.428 277.428
1529 277.428 277.428
1530 277.428 277.428
1531 277.428 277.428
1532 277.428 277.428
1533 277.428 277.428
1534 277.428 277.428
1535 277.428 277.428
1536 277.428 277.428
1537 277.428 277.428
1538 277.428 277.428
1539 277.428 277.428
1540 277.428 277.428
1541 277.428 277.428
1542 277.428 277.428
1543 277.428 277.428
1544 277.428 277.428
1545 277.428 277.428
1546 277.428 277.428
1547 277.428 277.428
1548 277.428 277.428
1549 277.428 277.428
1550 277.428 277.428
1551 277.428 277.428
1552 277.428 277.428
1553 277.428 277.428
1554 277.428 277.428
1555 277.428 277.428
1556 277.428 277.428
1557 277.428 277.428
1558 277.428 277.428
1559 277.428 277.428
1560 277.428 277.428
1561 277.428 277.428
1562 277.428 277.428
1563 277.428 277.428
1564 277.428 277.428
1565 277.428 277.428
1566 277.428 277.428
1567 277.428 277.428
1568 277.428 277.428
1569 277.428 277.428
1570 277.428 277.428
1571 277.428 277.428
1572 277.428 277.428
1573 277.428 277.428
1574 277.428 277.428
1575 277.428 277.428
1576 277.428 277.428
1577 277.428 277.428
1578 277.428 277.428
1579 277.428 277.428
1580 277.428 277.428
1581 277.428 277.428
1582 277.428 277.428
1583 277.428 277.428
1584 277.428 277.428
1585 277.428 277.428
1586 277.428 277.428
1587 277.428 277.428
1588 277.428 277.428
1589 277.428 277.428
1590 277.428 277.428
1591 277.428 277.428
1592 277.428 277.428
1593 277.428 277.428
1594 277.428 277.428
1595 277.428 277.428
1596 277.428 277.428
1597 277.428 277.428
1598 277.428 277.428
1599 277.428 277.428
1600 277.428 277.428
1601 277.428 277.428
1602 277.428 277.428
1603 277.428 277.428
1604 277.428 277.428
1605 277.428 277.428
1606 277.428 277.428
1607 277.428 277.428
1608 277.428 277.428
1609 277.428 277.428
1610 277.428 277.428
1611 277.428 277.428
1612 277.428 277.428
1613 277.428 277.428
1614 277.428 277.428
1615 277.428 277.428
1616 277.428 277.428
1617 277.428 277.428
1618 277.428 277.428
1619 277.428 277.428
1620 277.428 277.428
1621 277.428 277.428
1622 277.428 277.428
1623 277.428 277.428
1624 277.428 277.428
1625 277.428 277.428
1626 277.428 277.428
1627 277.428 277.428
1628 277.428 277.428
1629 277.428 277.428
1630 277.428 277.428
1631 277.428 277.428
1632 277.428 277.428
1633 277.428 277.428
1634 277.428 277.428
1635 277.428 277.428
1636 277.428 277.428
1637 277.428 277.428
1638 277.428 277.428
1639 277.428 277.428
1640 277.428 277.428
1641 277.428 277.428
1642 277.428 277.428
1643 277.428 277.428
1644 277.428 277.428
1645 277.428 277.428
1646 277.428 277.428
1647 277.428 277.428
1648 277.428 277.428
1649 277.428 277.428
1650 277.428 277.428
1651 277.428 277.428
1652 277.428 277.428
1653 277.428 277.428
1654 277.428 277.428
1655 277.428 277.428
1656 277.428 277.428
1657 277.428 277.428
1658 277.428 277.428
1659 277.428 277.428
1660 277.428 277.428
1661 277.428 277.428
1662 277.428 277.428
1663 277.428 277.428
1664 277.428 277.428
1665 277.428 277.428
1666 277.428 277.428
1667 277.428 277.428
1668 277.428 277.428
1669 277.428 277.428
1670 277.428 277.428
1671 277.428 277.428
1672 277.428 277.428
1673 277.428 277.428
1674 277.428 277.428
1675 277.428 277.428
1676 277.428 277.428
1677 277.428 277.428
1678 277.428 277.428
1679 277.428 277.428
1680 277.428 277.428
1681 277.428 277.428
1682 277.428 277.428
1683 277.428 277.428
1684 277.428 277.428
1685 277.428 277.428
1686 277.428 277.428
1687 277.428 277.428
1688 277.428 277.428
1689 277.428 277.428
1690 277.428 277.428
1691 277.428 277.428
1692 277.428 277.428
1693 277.428 277.428
1694 277.428 277.428
1695 274.75 277.401
1696 274.75 277.133
1697 274.75 276.517
1698 274.75 275.39
1699 274.75 274.75
1700 274.75 274.75
1701 274.75 274.75
1702 274.75 274.75
1703 274.75 274.75
1704 274.75 274.75
1705 274.75 274.75
1706 274.75 274.75
1707 274.75 274.75
1708 274.75 274.75
1709 274.75 274.75
1710 274.75 274.75
1711 274.75 274.75
1712 274.75 274.75
1713 274.75 274.75
1714 274.75 274.75
1715 274.75 274.75
1716 274.75 274.75
1717 274.75 274.75
1718 274.75 274.75
1719 274.75 274.75
1720 274.75 274.75
1721 274.75 274.75
1722 274.75 274.75
1723 274.75 274.75
1724 274.75 274.75
1725 274.75 274.75
1726 274.75 274.75
1727 274.75 274.75
1728 274.75 274.75
1729 274.75 274.75
1730 274.75 274.75
1731 274.75 274.75
1732 274.75 274.75
1733 274.75 274.75
1734 274.75 274.75
1735 274.75 274.75
1736 274.75 274.75
1737 274.75 274.75
1738 274.75 274.75
1739 274.75 274.75
1740 274.75 274.75
1741 274.75 274.75
1742 274.75 274.75
1743 274.75 274.75
1744 274.75 274.75
1745 274.75 274.75
1746 274.75 274.75
1747 274.75 274.75
1748 274.75 274.75
1749 274.75 274.75
1750 274.75 274.75
1751 274.75 274.75
1752 274.75 274.75
1753 274.75 274.75
1754 274.75 274.75
1755 274.75 274.75
1756 274.75 274.75
1757 274.75 274.75
1758 274.75 274.75
1759 274.75 274.75
1760 274.75 274.75
1761 274.75 274.75
1762 274.75 274.75
1763 274.75 274.75
1764 274.75 274.75
1765 274.75 274.75
1766 274.75 274.75
1767 274.75 274.75
1768 274.75 274.75
1769 274.75 274.75
1770 274.75 274.75
1771 274.75 274.75
1772 274.75 274.75
1773 274.75 274.75
1774 274.75 274.75
1775 274.75 274.75
1776 274.75 274.75
1777 274.75 274.75
1778 274.75 274.75
1779 274.75 274.75
1780 274.75 274.75
1781 274.75 274.75
1782 274.75 274.75
1783 274.75 274.75
1784 274.75 274.75
1785 274.75 274.75
1786 274.75 274.75
1787 274.75 274.75
1788 274.75 274.75
1789 274.75 274.75
1790 274.75 274.75
1791 274.75 274.75
1792 274.75 274.75
1793 274.75 274.75
1794 274.75 274.75
1795 274.75 274.75
1796 274.75 274.75
1797 274.75 274.75
1798 274.75 274.75
1799 274.75 274.75
1800 274.75 274.75
1801 274.75 274.75
1802 274.75 274.75
1803 274.75 274.75
1804 274.75 274.75
1805 274.75 274.75
1806 274.75 274.75
1807 274.75 274.75
1808 274.75 274.75
1809 274.75 274.75
1810 274.75 274.75
1811 274.75 274.75
1812 274.75 274.75
1813 274.75 274.75
1814 274.75 274.75
1815 274.75 274.75
1816 274.75 274.75
1817 274.75 274.75
1818 274.75 274.75
1819 274.75 274.75
1820 274.75 274.75
1821 274.75 274.75
1822 274.75 274.75
1823 274.75 274.75
1824 274.75 274.75
1825 274.75 274.75
1826 274.75 274.75
1827 274.75 274.75
1828 274.75 274.75
1829 274.75 274.75
1830 274.75 274.75
1831 274.75 274.75
1832 274.75 274.75
1833 274.75 274.75
1834 274.75 274.75
1835 274.75 274.75
1836 274.75 274.75
1837 274.75 274.75
1838 274.75 274.75
1839 274.75 274.75
1840 274.75 274.75
1841 274.75 274.75
1842 274.75 274.75
1843 274.75 274.75
1844 274.75 274.75
1845 274.75 274.75
1846 274.75 274.75
1847 274.75 274.75
1848 274.75 274.75
1849 274.75 274.75
1850 274.75 274.75
1851 274.75 274.75
1852 274.75 274.75
1853 274.75 274.75
1854 274.75 274.75
1855 274.75 274.75
1856 274.75 274.75
1857 274.75 274.75
1858 274.75 274.75
1859 274.75 274.75
1860 274.75 274.75
1861 274.75 274.75
1862 274.75 274.75
1863 274.75 274.75
1864 274.75 274.75
1865 274.75 274.75
1866 274.75 274.75
1867 274.75 274.75
1868 274.75 274.75
1869 274.75 274.75
1870 274.75 274.75
1871 274.75 274.75
1872 274.75 274.75
1873 274.75 274.75
1874 274.75 274.75
1875 274.75 274.75
1876 274.75 274.75
1877 274.75 274.75
1878 274.75 274.75
1879 274.75 274.75
1880 274.75 274.75
1881 274.75 274.75
1882 274.75 274.75
1883 274.75 274.75
1884 274.75 274.75
1885 274.75 274.75
1886 274.75 274.75
1887 274.75 274.75
1888 274.75 274.75
1889 274.75 274.75
1890 274.75 274.75
1891 274.75 274.75
1892 274.75 274.75
1893 274.75 274.75
1894 274.75 274.75
1895 274.75 274.75
1896 274.75 274.75
1897 274.75 274.75
1898 274.75 274.75
1899 274.75 274.75
1900 274.75 274.75
1901 274.75 274.75
1902 274.75 274.75
1903 274.75 274.75
1904 274.75 274.75
1905 274.75 274.75
1906 274.75 274.75
1907 274.75 274.75
1908 274.75 274.75
1909 274.75 274.75
1910 274.75 274.75
1911 274.75 274.75
1912 274.75 274.75
1913 274.75 274.75
1914 274.75 274.75
1915 274.75 274.75
1916 274.75 274.75
1917 274.75 274.75
1918 274.75 274.75
1919 274.75 274.75
1920 274.75 274.75
1921 274.75 274.75
1922 274.75 274.75
1923 274.75 274.75
1924 274.75 274.75
1925 274.75 274.75
1926 274.75 274.75
1927 274.75 274.75
1928 274.75 274.75
1929 274.75 274.75
1930 274.75 274.75
1931 274.75 274.75
1932 274.75 274.75
1933 274.75 274.75
1934 274.75 274.75
1935 274.75 274.75
1936 274.75 274.75
1937 274.75 274.75
1938 274.75 274.75
1939 274.75 274.75
1940 274.75 274.75
1941 274.75 274.75
1942 274.75 274.75
1943 274.75 274.75
1944 274.75 274.75
1945 274.75 274.75
1946 274.75 274.75
1947 274.75 274.75
1948 274.75 274.75
1949 274.75 274.75
1950 274.75 274.75
1951 274.75 274.75
1952 274.75 274.75
1953 274.75 274.75
1954 274.75 274.75
1955 274.75 274.75
1956 274.75 274.75
1957 274.75 274.75
1958 274.75 274.75
1959 274.75 274.75
1960 274.75 274.75
1961 274.75 274.75
1962 274.75 274.75
1963 274.75 274.75
1964 274.75 274.75
1965 274.75 274.75
1966 274.75 274.75
1967 274.75 274.75
1968 274.75 274.75
1969 274.75 274.75
1970 274.75 274.75
1971 274.75 274.75
1972 274.75 274.75
1973 274.75 274.75
1974 274.75 274.75
1975 274.75 274.75
1976 274.75 274.75
1977 274.75 274.75
1978 274.75 274.75
1979 274.75 274.75
1980 274.75 274.75
1981 274.75 274.75
1982 274.75 274.75
1983 274.75 274.75
1984 274.75 274.75
1985 274.75 274.75
1986 274.75 274.75
1987 274.75 274.75
1988 274.75 274.75
1989 274.75 274.75
1990 274.75 274.75
1991 274.75 274.75
1992 274.75 274.75
1993 274.75 274.75
1994 274.75 274.75
1995 274.75 274.75
1996 274.75 274.75
1997 274.75 274.75
1998 274.75 274.75
1999 274.75 274.75
2000 274.75 274.75
2001 274.75 274.75
2002 274.75 274.75
2003 274.75 274.75
2004 274.75 274.75
2005 274.75 274.75
2006 274.75 274.75
2007 274.75 274.75
2008 274.75 274.75
2009 274.75 274.75
2010 274.75 274.75
2011 274.75 274.75
2012 274.75 274.75
2013 274.75 274.75
2014 274.75 274.75
2015 274.75 274.75
2016 274.75 274.75
2017 274.75 274.75
2018 274.75 274.75
2019 274.75 274.75
2020 274.75 274.75
2021 274.75 274.75
2022 274.75 274.75
2023 274.75 274.75
2024 274.75 274.75
2025 274.75 274.75
2026 274.75 274.75
2027 274.75 274.75
2028 274.75 274.75
2029 274.75 274.75
2030 274.75 274.75
2031 274.75 274.75
2032 274.75 274.75
2033 274.75 274.75
2034 274.75 274.75
2035 274.75 274.75
2036 274.75 274.75
2037 274.75 274.75
2038 274.75 274.75
2039 274.75 274.75
2040 274.75 274.75
2041 274.75 274.75
2042 274.75 274.75
2043 274.75 274.75
2044 274.75 274.75
2045 274.75 274.75
2046 274.75 274.75
2047 274.75 274.75
2048 274.75 274.75
2049 274.75 274.75
2050 274.75 274.75
2051 274.75 274.75
2052 274.75 274.75
2053 274.75 274.75
2054 274.75 274.75
2055 274.75 274.75
2056 274.75 274.75
2057 274.75 274.75
2058 274.75 274.75
2059 274.75 274.75
2060 274.75 274.75
2061 274.75 274.75
2062 274.75 274.75
2063 274.75 274.75
2064 274.75 274.75
2065 274.75 274.75
2066 274.75 274.75
2067 274.75 274.75
2068 274.75 274.75
2069 274.75 274.75
2070 274.75 274.75
2071 274.75 274.75
2072 274.75 274.75
2073 274.75 274.75
2074 274.75 274.75
2075 274.75 274.75
2076 274.75 274.75
2077 274.75 274.75
2078 274.75 274.75
2079 274.75 274.75
2080 274.75 274.75
2081 274.75 274.75
2082 274.75 274.75
2083 274.75 274.75
2084 274.75 274.75
2085 274.75 274.75
2086 274.75 274.75
2087 274.75 274.75
2088 274.75 274.75
2089 274.75 274.75
2090 274.75 274.75
2091 274.75 274.75
2092 274.75 274.75
2093 274.75 274.75
2094 274.75 274.75
2095 274.75 274.75
2096 274.75 274.75
2097 274.75 274.75
2098 274.75 274.75
2099 274.75 274.75
2100 274.75 274.75
2101 274.75 274.75
2102 274.75 274.75
2103 274.75 274.75
2104 274.75 274.75
2105 274.75 274.75
2106 274.75 274.75
2107 274.75 274.75
2108 274.75 274.75
2109 274.75 274.75
2110 274.75 274.75
2111 274.75 274.75
2112 274.75 274.75
2113 274.75 274.75
2114 274.75 274.75
2115 274.75 274.75
2116 274.75 274.75
2117 274.75 274.75
2118 274.75 274.75
2119 274.75 274.75
2120 274.75 274.75
2121 274.75 274.75
2122 274.75 274.75
2123 274.75 274.75
2124 274.75 274.75
2125 274.75 274.75
2126 274.75 274.75
2127 274.75 274.75
2128 274.75 274.75
2129 274.75 274.75
2130 274.75 274.75
2131 274.75 274.75
2132 274.75 274.75
2133 274.75 274.75
2134 274.75 274.75
2135 274.75 274.75
2136 274.75 274.75
2137 274.75 274.75
2138 274.75 274.75
2139 274.75 274.75
2140 274.75 274.75
2141 274.75 274.75
2142 274.75 274.75
2143 274.75 274.75
2144 274.75 274.75
2145 274.75 274.75
2146 274.75 274.75
2147 274.75 274.75
2148 274.75 274.75
2149 274.75 274.75
2150 274.75 274.75
2151 274.75 274.75
2152 274.75 274.75
2153 274.75 274.75
2154 274.75 274.75
2155 274.75 274.75
2156 274.75 274.75
2157 274.75 274.75
2158 274.75 274.75
2159 274.75 274.75
2160 274.75 274.75
2161 274.545 274.748
2162 274.545 274.738
2163 274.545 274.688
2164 274.545 274.6
2165 273.979 274.533
2166 273.979 274.494
2167 273.979 274.398
2168 273.979 274.234
2169 273.979 274.081
2170 273.979 274.075
2171 273.979 273.979
2172 273.979 273.979
2173 273.979 273.979
2174 273.979 273.979
2175 273.979 273.979
2176 273.979 273.979
2177 273.979 273.979
2178 273.979 273.979
2179 273.979 273.979
2180 273.979 273.979
2181 273.979 273.979
2182 273.979 273.979
2183 273.979 273.979
2184 273.979 273.979
2185 273.979 273.979
2186 273.979 273.979
2187 273.979 273.979
2188 273.979 273.979
2189 273.979 273.979
2190 273.979 273.979
2191 273.979 273.979
2192 273.979 273.979
2193 273.979 273.979
2194 273.979 273.979
2195 273.979 273.979
2196 273.979 273.979
2197 273.979 273.979
2198 273.979 273.979
2199 273.979 273.979
2200 273.979 273.979
2201 273.979 273.979
2202 273.979 273.979
2203 273.979 273.979
2204 273.979 273.979
2205 273.979 273.979
2206 273.979 273.979
2207 273.979 273.979
2208 273.979 273.979
2209 273.979 273.979
2210 273.979 273.979
2211 273.979 273.979
2212 273.979 273.979
2213 273.979 273.979
2214 273.979 273.979
2215 273.979 273.979
2216 273.979 273.979
2217 273.979 273.979
2218 273.979 273.979
2219 273.979 273.979
2220 273.979 273.979
2221 273.979 273.979
2222 273.979 273.979
2223 273.979 273.979
2224 273.979 273.979
2225 273.979 273.979
2226 273.979 273.979
2227 273.979 273.979
2228 273.979 273.979
2229 273.979 273.979
2230 273.979 273.979
2231 273.979 273.979
2232 273.979 273.979
2233 273.979 273.979
2234 273.979 273.979
2235 273.979 273.979
2236 273.979 273.979
2237 273.979 273.979
2238 273.979 273.979
2239 273.979 273.979
2240 273.979 273.979
2241 273.979 273.979
2242 273.979 273.979
2243 273.979 273.979
2244 273.979 273.979
2245 273.979 273.979
2246 273.979 273.979
2247 273.979 273.979
2248 273.979 273.979
2249 273.979 273.979
2250 273.979 273.979
2251 273.979 273.979
2252 273.979 273.979
2253 273.979 273.979
2254 273.979 273.979
2255 273.979 273.979
2256 273.979 273.979
2257 273.979 273.979
2258 273.979 273.979
2259 273.979 273.979
2260 273.979 273.979
2261 273.979 273.979
2262 273.979 273.979
2263 273.979 273.979
2264 273.979 273.979
2265 273.979 273.979
2266 273.979 273.979
2267 273.979 273.979
2268 273.979 273.979
2269 273.979 273.979
2270 273.979 273.979
2271 273.979 273.979
2272 273.979 273.979
2273 273.979 273.979
2274 273.979 273.979
2275 273.979 273.979
2276 273.979 273.979
2277 273.979 273.979
2278 273.979 273.979
2279 273.979 273.979
2280 273.979 273.979
2281 273.979 273.979
2282 273.979 273.979
2283 273.979 273.979
2284 273.979 273.979
2285 273.979 273.979
2286 273.979 273.979
2287 273.979 273.979
2288 273.979 273.979
2289 273.979 273.979
2290 273.979 273.979
2291 273.979 273.979
2292 273.979 273.979
2293 273.979 273.979
2294 273.979 273.979
2295 273.979 273.979
2296 273.979 273.979
2297 273.979 273.979
2298 273.979 273.979
2299 273.979 273.979
2300 273.979 273.979
2301 273.979 273.979
2302 273.979 273.979
2303 273.979 273.979
2304 273.979 273.979
2305 273.979 273.979
2306 273.979 273.979
2307 273.979 273.979
2308 273.979 273.979
2309 273.979 273.979
2310 273.979 273.979
2311 273.979 273.979
2312 273.979 273.979
2313 273.979 273.979
2314 273.979 273.979
2315 273.979 273.979
2316 273.979 273.979
2317 273.979 273.979
2318 273.979 273.979
2319 273.979 273.979
2320 273.979 273.979
2321 273.979 273.979
2322 273.979 273.979
2323 273.979 273.979
2324 273.979 273.979
2325 273.979 273.979
2326 273.979 273.979
2327 273.979 273.979
2328 273.979 273.979
2329 273.979 273.979
2330 273.979 273.979
2331 273.979 273.979
2332 273.979 273.979
2333 273.979 273.979
2334 273.979 273.979
2335 273.979 273.979
2336 273.979 273.979
2337 273.979 273.979
2338 273.979 273.979
2339 273.979 273.979
2340 273.979 273.979
2341 273.979 273.979
2342 273.979 273.979
2343 273.979 273.979
2344 273.979 273.979
2345 273.979 273.979
2346 273.979 273.979
2347 273.979 273.979
2348 273.979 273.979
2349 273.979 273.979
2350 273.979 273.979
2351 273.979 273.979
2352 273.979 273.979
2353 273.979 273.979
2354 273.979 273.979
2355 273.979 273.979
2356 273.979 273.979
2357 273.979 273.979
2358 273.979 273.979
2359 273.979 273.979
2360 273.979 273.979
2361 273.979 273.979
2362 273.979 273.979
2363 273.979 273.979
2364 273.979 273.979
2365 273.979 273.979
2366 273.979 273.979
2367 273.979 273.979
2368 273.979 273.979
2369 273.979 273.979
2370 273.979 273.979
2371 273.979 273.979
2372 273.979 273.979
2373 273.979 273.979
2374 273.979 273.979
2375 273.979 273.979
2376 273.979 273.979
2377 273.979 273.979
2378 273.979 273.979
2379 273.979 273.979
2380 273.979 273.979
2381 273.979 273.979
2382 273.979 273.979
2383 273.979 273.979
2384 273.979 273.979
2385 273.979 273.979
2386 273.979 273.979
2387 273.979 273.979
2388 273.979 273.979
2389 273.979 273.979
2390 273.979 273.979
2391 273.979 273.979
2392 273.979 273.979
2393 273.979 273.979
2394 273.979 273.979
2395 273.979 273.979
2396 273.979 273.979
2397 273.979 273.979
2398 273.979 273.979
2399 273.979 273.979
2400 273.979 273.979
2401 273.979 273.979
2402 273.979 273.979
2403 273.979 273.979
2404 273.979 273.979
2405 273.979 273.979
2406 273.979 273.979
2407 273.979 273.979
2408 273.979 273.979
2409 273.979 273.979
2410 273.979 273.979
2411 273.979 273.979
2412 273.979 273.979
2413 273.979 273.979
2414 273.979 273.979
2415 273.979 273.979
2416 273.979 273.979
2417 273.979 273.979
2418 273.979 273.979
2419 273.979 273.979
2420 273.979 273.979
2421 273.979 273.979
2422 273.979 273.979
2423 273.979 273.979
2424 273.979 273.979
2425 273.979 273.979
2426 273.979 273.979
2427 273.979 273.979
2428 273.979 273.979
2429 273.979 273.979
2430 273.979 273.979
2431 273.979 273.979
2432 273.979 273.979
2433 273.979 273.979
2434 273.979 273.979
2435 273.979 273.979
2436 273.979 273.979
2437 273.979 273.979
2438 273.979 273.979
2439 273.979 273.979
2440 273.979 273.979
2441 273.979 273.979
2442 273.979 273.979
2443 273.979 273.979
2444 273.979 273.979
2445 273.979 273.979
2446 273.979 273.979
2447 273.979 273.979
2448 273.979 273.979
2449 273.979 273.979
2450 273.979 273.979
2451 273.979 273.979
2452 273.979 273.979
2453 273.979 273.979
2454 273.979 273.979
2455 273.979 273.979
2456 273.979 273.979
2457 273.979 273.979
2458 273.979 273.979
2459 273.979 273.979
2460 273.979 273.979
2461 273.979 273.979
2462 273.979 273.979
2463 273.979 273.979
2464 273.979 273.979
2465 273.979 273.979
2466 273.979 273.979
2467 273.979 273.979
2468 273.979 273.979
2469 273.979 273.979
2470 273.979 273.979
2471 273.979 273.979
2472 273.979 273.979
2473 273.979 273.979
2474 273.979 273.979
2475 273.979 273.979
2476 273.979 273.979
2477 273.979 273.979
2478 273.979 273.979
2479 273.979 273.979
2480 273.979 273.979
2481 273.979 273.979
2482 273.979 273.979
2483 273.979 273.979
2484 273.979 273.979
2485 273.979 273.979
2486 273.979 273.979
2487 273.979 273.979
2488 273.979 273.979
2489 273.979 273.979
2490 273.979 273.979
2491 273.979 273.979
2492 273.979 273.979
2493 273.979 273.979
2494 273.979 273.979
2495 273.979 273.979
2496 273.979 273.979
2497 273.979 273.979
2498 273.979 273.979
2499 273.979 273.979
