0 854.808 993.833
1 792.599 930.682
2 776.057 895.421
3 764.169 857.436
4 745.049 828.153
5 741.77 810.448
6 720.753 797.019
7 717.672 784.339
8 708.471 770.273
9 683.688 751.728
10 667.203 732.024
11 661.093 710.199
12 629.924 699.401
13 625.408 685.393
14 614.483 670.477
15 614.483 649.755
16 608.631 640.692
17 600.139 626.233
18 595.261 613.898
19 593.474 606.862
20 580.093 603.25
21 576.405 602.236
22 577.982 599.208
23 567.225 592.811
24 567.225 591.809
25 556.199 583.781
26 552.233 575.894
27 547.34 570.304
28 547.34 566.155
29 546.914 558.84
30 544.821 551.961
31 544.821 548.106
32 544.821 546.641
33 529.549 546.283
34 522.32 543.965
35 522.32 541.18
36 522.32 535.42
37 507.057 528.407
38 506.631 521.257
39 506.631 516.323
40 497.037 509.385
41 497.037 505.047
42 497.037 502.005
43 497.037 497.584
44 493.191 496.944
45 493.191 496.702
46 481.009 495.891
47 481.009 497.042
48 470.044 492.614
49 464.737 484.575
50 464.737 478.175
51 464.737 470.703
52 464.737 468.37
53 464.212 466.207
54 464.152 464.82
55 464.152 464.524
56 460.51 464.164
57 455.627 463.535
58 455.042 461.59
59 455.042 459.415
60 455.042 457.051
61 455.042 455.475
62 455.042 455.171
63 450.176 454.994
64 441.479 454.384
65 441.479 453.354
66 441.479 451.978
67 441.479 450.432
68 441.479 448.22
69 441.479 446.175
70 441.479 442.534
71 441.479 442.213
72 426.093 441.743
73 425.177 439.765
74 425.177 436.908
75 425.177 432.468
76 425.177 427.01
77 425.177 425.452
78 425.177 425.177
79 420.986 425.115
80 420.986 424.769
81 420.986 424.746
82 420.986 424.858
83 414.271 423.252
84 414.271 427.018
85 418.525 428.925
86 418.525 425.453
87 418.525 423.136
88 417.067 420.908
89 417.067 419.152
90 417.067 418.193
91 416.947 417.972
92 414.744 417.225
93 413.286 416.938
94 413.286 416.607
95 413.2 416.401
96 413.2 414.845
97 411.036 413.341
98 405.666 412.998
99 405.666 412.71
100 405.666 412.231
101 403.501 410.705
102 402.125 410.239
103 402.125 407.869
104 401.67 407.85
105 401.67 405.63
106 401.67 403.357
107 401.67 402.325
108 401.67 402.021
109 401.67 401.702
110 401.67 401.67
111 401.67 401.67
112 398.038 401.634
113 397.959 401.232
114 397.872 400.344
115 397.794 399.422
116 397.794 398.088
117 397.794 397.885
118 397.794 397.84
119 391.604 397.733
120 391.604 396.874
121 391.604 395.591
122 391.604 393.04
123 391.604 391.895
124 391.604 391.604
125 387.591 391.527
126 387.591 391.218
127 387.591 390.481
128 387.591 389.175
129 385.902 388.519
130 385.902 387.4
131 384.145 387.027
132 377.632 386.044
133 377.632 384.345
134 375.875 382.231
135 375.875 379.159
136 375.875 376.55
137 375.875 376.107
138 375.875 375.875
139 375.875 375.875
140 375.875 375.875
141 375.875 375.875
142 373.367 375.85
143 373.367 375.775
144 373.367 375.262
145 373.367 374.571
146 373.367 373.743
147 373.367 373.367
148 372.985 373.363
149 372.985 373.34
150 371.692 373.22
151 370.405 372.917
152 370.024 372.318
153 370.024 371.761
154 370.024 371.152
155 370.024 370.317
156 370.024 370.081
157 370.024 370.028
158 370.024 370.024
159 370.024 370.024
160 370.024 370.024
161 369.096 370.015
162 369.096 369.978
163 369.096 369.801
164 369.096 369.523
165 369.096 369.291
166 369.096 369.096
167 369.096 369.096
168 369.096 369.096
169 368.375 369.089
170 368.375 369.022
171 368.375 368.838
172 368.375 368.578
173 368.375 368.385
174 367.888 368.37
175 367.888 368.316
176 367.888 368.151
177 367.888 367.961
178 367.888 367.888
179 367.888 367.888
180 367.888 367.888
181 367.888 367.888
182 367.888 367.888
183 367.888 367.888
184 367.888 367.888
185 367.888 367.888
186 367.888 367.888
187 367.888 367.888
188 367.888 367.888
189 367.888 367.888
190 367.888 367.888
191 367.888 367.888
192 367.888 367.888
193 367.888 367.888
194 367.888 367.888
195 367.888 367.888
196 367.888 367.888
197 367.888 367.888
198 367.888 367.888
199 367.888 367.888
200 367.888 367.888
201 367.888 367.888
202 367.888 367.888
203 367.888 367.888
204 367.888 367.888
205 367.888 367.888
206 367.888 367.888
207 367.888 367.888
208 366.639 367.852
209 359.899 367.641
210 359.899 367.232
211 359.899 366.789
212 358.427 365.928
213 357.067 366.608
214 351.791 362.816
215 351.791 360.444
216 351.791 360.108
217 351.119 357.451
218 351.119 354.3
219 351.119 351.859
220 351.119 351.321
221 346.836 351.076
222 346.836 350.717
223 346.836 350.021
224 346.836 348.458
225 346.836 347.743
226 346.836 347.203
227 346.836 346.836
228 346.836 346.836
229 346.836 346.836
230 346.836 346.836
231 346.836 346.836
232 346.836 346.836
233 346.836 346.836
234 346.836 346.836
235 346.836 346.836
236 345.123 346.819
237 345.123 346.819
238 345.123 346.819
239 346.836 346.836
240 346.836 346.836
241 346.836 346.836
242 346.836 346.836
243 346.836 346.836
244 346.836 346.836
245 346.836 346.836
246 346.836 346.836
247 346.836 346.836
248 346.836 346.836
249 340.341 346.753
250 340.341 346.114
251 339.605 344.764
252 339.605 342.645
253 338.744 341.501
254 334.364 339.977
255 333.503 339.212
256 333.503 338.31
257 333.503 337.347
258 331.516 335.806
259 331.516 334.532
260 331.516 333.424
261 331.516 332.943
262 330.409 332.353
263 330.409 331.605
264 330.409 331.045
265 330.409 330.733
266 330.409 330.409
267 330.409 330.409
268 330.409 330.409
269 330.409 330.409
270 330.409 330.409
271 329.718 330.402
272 329.718 330.347
273 329.718 330.105
274 329.718 329.781
275 329.718 329.718
276 329.718 329.718
277 329.718 329.718
278 329.718 329.718
279 329.718 329.718
280 329.718 329.718
281 329.718 329.718
282 328.931 329.711
283 328.931 329.711
284 328.931 329.663
285 328.931 329.546
286 328.931 329.342
287 328.931 329.205
288 328.931 329.178
289 328.931 328.931
290 328.931 328.931
291 328.931 328.931
292 328.931 328.931
293 328.931 328.931
294 328.931 328.931
295 328.931 328.931
296 328.931 328.931
297 328.931 328.931
298 328.931 328.931
299 328.931 328.931
300 328.931 328.931
301 328.931 328.931
302 328.931 328.931
303 328.931 328.931
304 328.931 328.931
305 328.931 328.931
306 328.931 328.931
307 328.931 328.931
308 328.931 328.931
309 328.931 328.931
310 328.931 328.931
311 328.931 328.931
312 328.931 328.931
313 328.931 328.931
314 328.931 328.931
315 328.931 328.931
316 328.931 328.931
317 328.931 328.931
318 326.863 328.911
319 326.844 328.6
320 323.339 327.661
321 323.339 326.964
322 323.339 325.869
323 323.339 325.11
324 323.339 324.106
325 323.339 324.061
326 323.339 323.947
327 323.339 323.339
328 323.339 323.339
329 323.339 323.339
330 323.339 323.339
331 323.339 323.339
332 323.339 323.339
333 323.339 323.339
334 323.339 323.339
335 323.339 323.339
336 323.339 323.339
337 323.339 323.339
338 323.339 323.339
339 323.339 323.339
340 323.339 323.339
341 323.339 323.339
342 323.339 323.339
343 323.339 323.339
344 323.339 323.339
345 323.339 323.339
346 323.339 323.339
347 323.339 323.339
348 323.339 323.339
349 323.339 323.339
350 323.339 323.339
351 323.339 323.339
352 323.339 323.339
353 323.339 323.339
354 323.339 323.339
355 323.339 323.339
356 323.295 323.338
357 323.295 323.334
358 323.161 323.318
359 323.161 323.293
360 323.161 323.253
361 323.161 323.213
362 323.161 323.171
363 323.161 323.161
364 323.161 323.161
365 323.161 323.161
366 323.161 323.161
367 323.161 323.161
368 323.161 323.161
369 323.161 323.161
370 323.161 323.161
371 323.161 323.161
372 323.161 323.161
373 323.161 323.161
374 321.345 323.143
375 321.345 322.998
376 321.345 322.834
377 321.345 322.417
378 321.345 322.108
379 321.345 321.637
380 321.345 321.345
381 321.345 321.345
382 321.345 321.345
383 321.345 321.345
384 321.345 321.345
385 321.345 321.345
386 321.345 321.345
387 321.345 321.345
388 321.345 321.345
389 321.345 321.345
390 321.345 321.345
391 321.345 321.345
392 321.345 321.345
393 319.365 321.325
394 319.365 321.171
395 319.365 320.467
396 319.365 319.939
397 319.365 319.365
398 319.365 319.365
399 319.365 319.365
400 319.365 319.365
401 319.365 319.365
402 319.365 319.365
403 319.365 319.365
404 319.365 319.365
405 319.365 319.365
406 319.365 319.365
407 319.365 319.365
408 319.365 319.365
409 319.365 319.365
410 319.365 319.365
411 319.365 319.365
412 319.365 319.365
413 319.365 319.365
414 319.365 319.365
415 319.365 319.365
416 319.365 319.365
417 319.365 319.365
418 319.365 319.365
419 319.365 319.365
420 319.365 319.365
421 319.365 319.365
422 319.365 319.365
423 319.365 319.365
424 319.365 319.365
425 319.365 319.365
426 319.365 319.365
427 319.365 319.365
428 317.64 319.347
429 317.64 319.296
430 317.64 319.123
431 317.64 319.15
432 317.64 320.385
433 317.64 320.188
434 317.64 320.663
435 315.852 318.249
436 315.852 317.387
437 315.852 316.832
438 315.852 316.049
439 315.852 315.852
440 315.852 315.852
441 315.852 315.852
442 315.852 315.852
443 315.852 315.852
444 315.852 315.852
445 315.852 315.852
446 315.852 315.852
447 315.852 315.852
448 315.852 315.852
449 315.852 315.852
450 315.852 315.852
451 315.852 315.852
452 310.431 315.798
453 310.431 315.674
454 310.431 315.227
455 310.431 315.422
456 310.431 318.461
457 310.431 319.214
458 310.431 323.032
459 310.431 322.729
460 310.431 320.201
461 310.431 315.899
462 310.431 314.002
463 310.431 311.706
464 310.431 310.431
465 310.431 310.431
466 310.431 310.431
467 310.431 310.431
468 310.431 310.431
469 310.431 310.431
470 310.431 310.431
471 310.431 310.431
472 310.431 310.431
473 309.689 310.424
474 309.689 310.372
475 309.689 310.261
476 309.689 310.06
477 308.55 309.767
478 308.55 309.575
479 308.55 309.438
480 308.55 309.141
481 308.55 308.652
482 308.55 308.641
483 308.55 308.55
484 308.55 308.55
485 308.55 308.55
486 307.529 308.54
487 307.529 308.468
488 307.529 308.223
489 307.529 307.835
490 300.942 307.463
491 300.942 307.463
492 300.942 306.858
493 300.942 305.075
494 300.942 303.56
495 300.942 301.454
496 300.942 300.942
497 300.942 300.942
498 300.942 300.942
499 300.942 300.942
500 300.942 300.942
501 300.942 300.942
502 300.942 300.942
503 300.942 300.942
504 300.942 300.942
505 300.942 300.942
506 300.942 300.942
507 300.942 300.942
508 300.942 300.942
509 300.942 300.942
510 300.942 300.942
511 300.942 300.942
512 300.942 300.942
513 300.942 300.942
514 300.942 300.942
515 300.942 300.942
516 300.942 300.942
517 300.942 300.942
518 300.942 300.942
519 300.942 300.942
520 300.314 300.936
521 300.314 300.904
522 295.772 300.697
523 295.772 299.817
524 295.772 298.786
525 295.772 296.678
526 295.772 295.772
527 295.772 295.772
528 295.772 295.772
529 295.772 295.772
530 295.772 295.772
531 295.772 295.772
532 295.32 295.767
533 295.32 295.722
534 295.32 295.564
535 295.32 295.397
536 295.32 295.32
537 295.32 295.32
538 295.32 295.32
539 295.32 295.32
540 295.32 295.32
541 295.32 295.32
542 295.32 295.32
543 295.32 295.32
544 295.32 295.32
545 295.32 295.32
546 295.32 295.32
547 295.32 295.32
548 295.32 295.32
549 295.32 295.32
550 295.32 295.32
551 295.32 295.32
552 295.32 295.32
553 295.32 295.32
554 295.32 295.32
555 295.32 295.32
556 289.044 295.258
557 289.044 294.002
558 289.044 291.676
559 289.044 289.152
560 289.044 289.044
561 289.044 289.044
562 289.044 289.044
563 289.044 289.044
564 289.044 289.044
565 289.044 289.044
566 289.044 289.044
567 289.044 289.044
568 289.044 289.044
569 289.044 289.044
570 289.044 289.044
571 289.044 289.044
572 289.044 289.044
573 289.044 289.044
574 289.044 289.044
575 289.044 289.044
576 289.044 289.044
577 289.044 289.044
578 288.994 289.044
579 288.994 289.039
580 288.566 289.019
581 288.566 288.937
582 288.566 288.815
583 288.566 288.646
584 288.566 288.579
585 288.566 288.566
586 288.566 288.566
587 288.566 288.566
588 288.566 288.566
589 288.566 288.566
590 288.566 288.566
591 288.566 288.566
592 288.566 288.566
593 288.566 288.566
594 288.566 288.566
595 288.566 288.566
596 288.566 288.566
597 288.566 288.566
598 288.566 288.566
599 288.566 288.566
600 288.566 288.566
601 288.566 288.566
602 288.566 288.566
603 288.566 288.566
604 288.566 288.566
605 288.566 288.566
606 288.566 288.566
607 288.566 288.566
608 288.566 288.566
609 288.566 288.566
610 288.566 288.566
611 288.566 288.566
612 288.566 288.566
613 288.566 288.566
614 288.566 288.566
615 288.566 288.566
616 288.566 288.566
617 288.566 288.566
618 288.566 288.566
619 288.566 288.566
620 288.566 288.566
621 288.566 288.566
622 288.566 288.566
623 288.566 288.566
624 288.566 288.566
625 288.566 288.566
626 288.566 288.566
627 288.566 288.566
628 288.566 288.566
629 288.566 288.566
630 288.566 288.566
631 288.566 288.566
632 288.566 288.566
633 288.566 288.566
634 288.566 288.566
635 288.566 288.566
636 288.566 288.566
637 288.566 288.566
638 288.566 288.566
639 288.566 288.566
640 288.566 288.566
641 288.566 288.566
642 288.566 288.566
643 288.566 288.566
644 288.566 288.566
645 288.566 288.566
646 288.566 288.566
647 288.566 288.566
648 288.566 288.566
649 288.566 288.566
650 288.566 288.566
651 288.566 288.566
652 288.566 288.566
653 288.566 288.566
654 288.566 288.566
655 288.566 288.566
656 288.566 288.566
657 288.566 288.566
658 288.566 288.566
659 288.566 288.566
660 288.566 288.566
661 288.566 288.566
662 288.566 288.566
663 288.566 288.566
664 288.566 288.566
665 288.566 288.566
666 288.566 288.566
667 288.566 288.566
668 288.566 288.566
669 288.337 288.564
670 288.337 288.555
671 288.337 288.509
672 288.337 288.427
673 288.337 288.337
674 288.337 288.337
675 288.337 288.337
676 288.287 288.337
677 288.287 288.333
678 288.287 288.324
679 288.287 288.301
680 288.287 288.287
681 288.287 288.287
682 288.287 288.287
683 288.287 288.287
684 288.287 288.287
685 288.287 288.287
686 288.287 288.287
687 288.287 288.287
688 288.287 288.287
689 288.287 288.287
690 288.287 288.287
691 288.287 288.287
692 288.287 288.287
693 288.287 288.287
694 287.097 288.275
695 287.097 288.228
696 287.097 288.013
697 287.097 287.581
698 287.097 287.238
699 287.097 287.097
700 287.097 287.097
701 287.097 287.097
702 287.097 287.097
703 287.097 287.097
704 287.097 287.097
705 287.097 287.097
706 287.097 287.097
707 287.097 287.097
708 287.097 287.097
709 287.097 287.097
710 287.097 287.097
711 287.097 287.097
712 287.097 287.097
713 287.097 287.097
714 287.097 287.097
715 287.097 287.097
716 287.097 287.097
717 287.097 287.097
718 287.097 287.097
719 287.097 287.097
720 287.097 287.097
721 287.097 287.097
722 287.097 287.097
723 287.097 287.097
724 287.097 287.097
725 287.097 287.097
726 287.097 287.097
727 287.097 287.097
728 287.097 287.097
729 287.097 287.097
730 287.097 287.097
731 287.097 287.097
732 287.097 287.097
733 287.097 287.097
734 287.097 287.097
735 287.097 287.097
736 287.097 287.097
737 287.097 287.097
738 287.097 287.097
739 287.097 287.097
740 287.097 287.097
741 287.097 287.097
742 287.097 287.097
743 287.097 287.097
744 287.052 287.096
745 287.052 287.091
746 287.052 287.075
747 287.052 287.061
748 287.052 287.052
749 287.052 287.052
750 287.052 287.052
751 287.052 287.052
752 287.052 287.052
753 287.052 287.052
754 287.052 287.052
755 287.052 287.052
756 287.052 287.052
757 287.052 287.052
758 287.052 287.052
759 287.052 287.052
760 287.052 287.052
761 287.052 287.052
762 287.052 287.052
763 287.052 287.052
764 287.052 287.052
765 287.052 287.052
766 287.052 287.052
767 287.052 287.052
768 287.052 287.052
769 287.052 287.052
770 287.052 287.052
771 287.052 287.052
772 287.052 287.052
773 287.052 287.052
774 287.052 287.052
775 287.052 287.052
776 287.052 287.052
777 287.052 287.052
778 287.052 287.052
779 287.052 287.052
780 287.052 287.052
781 287.052 287.052
782 287.052 287.052
783 287.052 287.052
784 287.052 287.052
785 287.052 287.052
786 287.052 287.052
787 287.052 287.052
788 287.052 287.052
789 287.052 287.052
790 287.052 287.052
791 287.052 287.052
792 287.052 287.052
793 287.052 287.052
794 287.052 287.052
795 287.052 287.052
796 287.052 287.052
797 287.052 287.052
798 287.052 287.052
799 287.052 287.052
800 287.052 287.052
801 287.052 287.052
802 287.052 287.052
803 287.047 287.052
804 287.047 287.051
805 287.047 287.05
806 287.047 287.049
807 287.047 287.047
808 287.047 287.047
809 287.047 287.047
810 284.358 287.021
811 284.358 286.805
812 284.358 286.106
813 284.358 285.165
814 282.935 284.63
815 282.935 284.216
816 282.935 283.974
817 282.935 283.561
818 282.935 283.177
819 282.935 282.935
820 282.935 282.935
821 282.935 282.935
822 282.935 282.935
823 282.935 282.935
824 282.935 282.935
825 282.935 282.935
826 282.935 282.935
827 282.935 282.935
828 282.935 282.935
829 282.935 282.935
830 282.935 282.935
831 282.935 282.935
832 282.935 282.935
833 282.935 282.935
834 281.421 282.905
835 281.421 282.617
836 281.421 282.269
837 281.421 281.769
838 281.421 281.421
839 281.421 281.421
840 281.421 281.421
841 281.421 281.421
842 281.421 281.421
843 281.421 281.421
844 281.421 281.421
845 281.421 281.421
846 281.421 281.421
847 281.421 281.421
848 281.421 281.421
849 281.421 281.421
850 281.421 281.421
851 281.421 281.421
852 281.421 281.421
853 281.421 281.421
854 281.421 281.421
855 281.421 281.421
856 279.873 281.406
857 279.873 281.344
858 279.873 280.957
859 279.873 280.554
860 279.873 280.369
861 279.873 280.044
862 279.873 279.873
863 279.873 279.873
864 279.873 279.873
865 279.873 279.873
866 279.873 279.873
867 279.873 279.873
868 279.873 279.873
869 279.873 279.873
870 279.873 279.873
871 279.873 279.873
872 279.873 279.873
873 279.873 279.873
874 279.873 279.873
875 279.873 279.873
876 279.873 279.873
877 279.873 279.873
878 279.873 279.873
879 279.873 279.873
880 279.873 279.873
881 279.873 279.873
882 279.873 279.873
883 279.873 279.873
884 279.873 279.873
885 279.873 279.873
886 279.873 279.873
887 279.873 279.873
888 279.873 279.873
889 279.873 279.873
890 279.873 279.873
891 279.873 279.873
892 279.873 279.873
893 279.873 279.873
894 279.873 279.873
895 279.873 279.873
896 279.873 279.873
897 279.873 279.873
898 279.873 279.873
899 279.873 279.873
900 279.873 279.873
901 279.873 279.873
902 279.873 279.873
903 279.873 279.873
904 279.873 279.873
905 279.873 279.873
906 279.873 279.873
907 279.873 279.873
908 279.873 279.873
909 279.873 279.873
910 279.873 279.873
911 279.873 279.873
912 279.873 279.873
913 279.873 279.873
914 279.873 279.873
915 279.873 279.873
916 279.873 279.873
917 279.873 279.873
918 279.873 279.873
919 279.873 279.873
920 279.873 279.873
921 279.873 279.873
922 279.873 279.873
923 279.873 279.873
924 279.873 279.873
925 279.873 279.873
926 279.873 279.873
927 279.873 279.873
928 279.873 279.873
929 279.873 279.873
930 279.873 279.873
931 279.873 279.873
932 277.271 279.847
933 277.271 279.587
934 277.271 278.676
935 277.271 277.791
936 277.271 277.271
937 277.271 277.271
938 277.271 277.271
939 277.271 277.271
940 277.271 277.271
941 277.271 277.271
942 277.271 277.271
943 277.271 277.271
944 277.271 277.271
945 277.271 277.271
946 277.271 277.271
947 277.271 277.271
948 277.271 277.271
949 277.271 277.271
950 277.271 277.271
951 277.271 277.271
952 277.271 277.271
953 277.271 277.271
954 277.271 277.271
955 277.271 277.271
956 277.271 277.271
957 277.271 277.271
958 277.271 277.271
959 277.271 277.271
960 277.271 277.271
961 277.271 277.271
962 277.271 277.271
963 277.271 277.271
964 277.271 277.271
965 277.271 277.271
966 277.271 277.271
967 277.271 277.271
968 277.271 277.271
969 277.271 277.271
970 277.271 277.271
971 277.271 277.271
972 277.271 277.271
973 277.271 277.271
974 277.271 277.271
975 277.271 277.271
976 277.271 277.271
977 277.271 277.271
978 277.271 277.271
979 277.271 277.271
980 277.271 277.271
981 277.271 277.271
982 277.271 277.271
983 277.271 277.271
984 277.271 277.271
985 277.271 277.271
986 277.271 277.271
987 277.271 277.271
988 277.271 277.271
989 277.271 277.271
990 277.271 277.271
991 277.271 277.271
992 277.271 277.271
993 277.271 277.271
994 277.271 277.271
995 277.271 277.271
996 277.271 277.271
997 277.271 277.271
998 277.271 277.271
999 277.271 277.271
1000 277.271 277.271
1001 277.271 277.271
1002 277.271 277.271
1003 277.271 277.271
1004 277.271 277.271
1005 277.271 277.271
1006 277.271 277.271
1007 277.271 277.271
1008 277.271 277.271
1009 277.271 277.271
1010 277.271 277.271
1011 277.271 277.271
1012 277.271 277.271
1013 277.271 277.271
1014 277.271 277.271
1015 277.271 277.271
1016 277.271 277.271
1017 277.271 277.271
1018 277.271 277.271
1019 277.271 277.271
1020 277.271 277.271
1021 277.271 277.271
1022 277.271 277.271
1023 277.271 277.271
1024 277.271 277.271
1025 277.271 277.271
1026 277.271 277.271
1027 277.271 277.271
1028 277.271 277.271
1029 277.271 277.271
1030 277.271 277.271
1031 277.271 277.271
1032 277.271 277.271
1033 277.271 277.271
1034 277.271 277.271
1035 277.271 277.271
1036 277.271 277.271
1037 277.271 277.271
1038 277.271 277.271
1039 277.271 277.271
1040 277.271 277.271
1041 277.271 277.271
1042 277.271 277.271
1043 277.271 277.271
1044 277.271 277.271
1045 277.271 277.271
1046 277.271 277.271
1047 277.271 277.271
1048 277.271 277.271
1049 277.271 277.271
1050 277.271 277.271
1051 277.271 277.271
1052 277.271 277.271
1053 277.271 277.271
1054 277.271 277.271
1055 277.271 277.271
1056 277.271 277.271
1057 277.271 277.271
1058 277.271 277.271
1059 277.271 277.271
1060 277.271 277.271
1061 277.271 277.271
1062 277.271 277.271
1063 277.271 277.271
1064 277.271 277.271
1065 277.271 277.271
1066 277.271 277.271
1067 277.271 277.271
1068 277.271 277.271
1069 277.271 277.271
1070 277.271 277.271
1071 277.271 277.271
1072 277.271 277.271
1073 277.271 277.271
1074 277.271 277.271
1075 277.271 277.271
1076 277.271 277.271
1077 277.271 277.271
1078 277.271 277.271
1079 277.271 277.271
1080 277.271 277.271
1081 277.271 277.271
1082 277.271 277.271
1083 277.271 277.271
1084 277.271 277.271
1085 277.271 277.271
1086 277.271 277.271
1087 277.271 277.271
1088 277.271 277.271
1089 277.271 277.271
1090 277.271 277.271
1091 277.271 277.271
1092 277.271 277.271
1093 277.271 277.271
1094 277.271 277.271
1095 277.271 277.271
1096 277.271 277.271
1097 277.271 277.271
1098 277.271 277.271
1099 277.271 277.271
1100 277.271 277.271
1101 277.271 277.271
1102 277.271 277.271
1103 277.271 277.271
1104 277.271 277.271
1105 277.271 277.271
1106 277.271 277.271
1107 277.271 277.271
1108 277.271 277.271
1109 277.271 277.271
1110 277.271 277.271
1111 277.271 277.271
1112 277.271 277.271
1113 277.271 277.271
1114 277.271 277.271
1115 277.271 277.271
1116 277.271 277.271
1117 277.271 277.271
1118 277.271 277.271
1119 277.271 277.271
1120 277.271 277.271
1121 277.271 277.271
1122 277.271 277.271
1123 277.271 277.271
1124 277.271 277.271
1125 277.271 277.271
1126 277.271 277.271
1127 277.271 277.271
1128 277.271 277.271
1129 277.271 277.271
1130 277.271 277.271
1131 277.271 277.271
1132 277.271 277.271
1133 277.271 277.271
1134 277.271 277.271
1135 277.271 277.271
1136 277.271 277.271
1137 277.271 277.271
1138 277.271 277.271
1139 277.271 277.271
1140 277.271 277.271
1141 277.271 277.271
1142 277.271 277.271
1143 277.271 277.271
1144 277.271 277.271
1145 277.271 277.271
1146 277.271 277.271
1147 277.271 277.271
1148 277.271 277.271
1149 277.271 277.271
1150 277.271 277.271
1151 277.271 277.271
1152 277.271 277.271
1153 277.271 277.271
1154 277.271 277.271
1155 277.271 277.271
1156 277.271 277.271
1157 277.271 277.271
1158 277.271 277.271
1159 277.271 277.271
1160 277.271 277.271
1161 277.271 277.271
1162 277.271 277.271
1163 277.271 277.271
1164 277.271 277.271
1165 277.271 277.271
1166 277.271 277.271
1167 277.271 277.271
1168 277.271 277.271
1169 277.271 277.271
1170 277.271 277.271
1171 277.271 277.271
1172 277.271 277.271
1173 277.271 277.271
1174 277.271 277.271
1175 277.271 277.271
1176 277.271 277.271
1177 277.271 277.271
1178 277.271 277.271
1179 277.271 277.271
1180 277.271 277.271
1181 277.271 277.271
1182 277.271 277.271
1183 277.271 277.271
1184 277.271 277.271
1185 277.271 277.271
1186 277.271 277.271
1187 277.271 277.271
1188 277.271 277.271
1189 277.271 277.271
1190 277.271 277.271
1191 277.271 277.271
1192 277.271 277.271
1193 277.271 277.271
1194 277.271 277.271
1195 277.271 277.271
1196 277.271 277.271
1197 277.271 277.271
1198 277.271 277.271
1199 277.271 277.271
1200 277.271 277.271
1201 277.271 277.271
1202 277.271 277.271
1203 277.271 277.271
1204 277.271 277.271
1205 277.271 277.271
1206 277.271 277.271
1207 277.271 277.271
1208 275.44 277.252
1209 275.44 277.083
1210 275.44 276.635
1211 275.44 275.976
1212 275.44 275.566
1213 275.44 275.44
1214 275.44 275.44
1215 275.44 275.44
1216 275.44 275.44
1217 275.44 275.44
1218 275.44 275.44
1219 275.44 275.44
1220 275.44 275.44
1221 275.44 275.44
1222 275.44 275.44
1223 275.44 275.44
1224 275.44 275.44
1225 275.44 275.44
1226 275.44 275.44
1227 275.44 275.44
1228 275.44 275.44
1229 275.44 275.44
1230 275.44 275.44
1231 275.44 275.44
1232 275.44 275.44
1233 275.44 275.44
1234 275.44 275.44
1235 275.44 275.44
1236 275.44 275.44
1237 275.44 275.44
1238 275.44 275.44
1239 275.44 275.44
1240 275.44 275.44
1241 275.44 275.44
1242 275.44 275.44
1243 275.44 275.44
1244 275.44 275.44
1245 275.44 275.44
1246 275.44 275.44
1247 275.44 275.44
1248 275.44 275.44
1249 275.44 275.44
1250 275.44 275.44
1251 275.44 275.44
1252 275.44 275.44
1253 275.44 275.44
1254 275.44 275.44
1255 275.44 275.44
1256 275.44 275.44
1257 275.44 275.44
1258 275.44 275.44
1259 275.44 275.44
1260 275.44 275.44
1261 275.44 275.44
1262 275.44 275.44
1263 275.406 275.439
1264 271.205 275.346
1265 271.205 274.74
1266 271.205 273.19
1267 271.205 272.48
1268 271.205 271.261
1269 271.205 271.205
1270 271.205 271.205
1271 271.205 271.205
1272 271.205 271.205
1273 271.205 271.205
1274 271.205 271.205
1275 271.205 271.205
1276 271.205 271.205
1277 271.205 271.205
1278 271.205 271.205
1279 271.205 271.205
1280 271.205 271.205
1281 271.205 271.205
1282 271.205 271.205
1283 271.205 271.205
1284 271.205 271.205
1285 271.205 271.205
1286 271.205 271.205
1287 271.205 271.205
1288 271.205 271.205
1289 271.205 271.205
1290 271.205 271.205
1291 271.205 271.205
1292 271.205 271.205
1293 271.205 271.205
1294 271.205 271.205
1295 271.205 271.205
1296 271.205 271.205
1297 271.205 271.205
1298 271.205 271.205
1299 271.205 271.205
1300 271.205 271.205
1301 271.205 271.205
1302 271.205 271.205
1303 271.205 271.205
1304 271.205 271.205
1305 271.205 271.205
1306 271.205 271.205
1307 271.205 271.205
1308 271.205 271.205
1309 271.205 271.205
1310 271.205 271.205
1311 271.205 271.205
1312 271.205 271.205
1313 271.205 271.205
1314 271.205 271.205
1315 271.205 271.205
1316 271.205 271.205
1317 271.205 271.205
1318 271.205 271.205
1319 271.205 271.205
1320 271.205 271.205
1321 271.205 271.205
1322 271.205 271.205
1323 271.205 271.205
1324 271.205 271.205
1325 271.205 271.205
1326 271.205 271.205
1327 271.205 271.205
1328 271.205 271.205
1329 271.205 271.205
1330 271.205 271.205
1331 271.205 271.205
1332 271.205 271.205
1333 271.205 271.205
1334 271.205 271.205
1335 271.205 271.205
1336 271.205 271.205
1337 271.205 271.205
1338 271.205 271.205
1339 271.205 271.205
1340 271.205 271.205
1341 271.205 271.205
1342 271.205 271.205
1343 271.205 271.205
1344 271.205 271.205
1345 271.205 271.205
1346 271.205 271.205
1347 271.205 271.205
1348 271.205 271.205
1349 271.205 271.205
1350 271.205 271.205
1351 271.205 271.205
1352 271.205 271.205
1353 271.205 271.205
1354 271.205 271.205
1355 271.205 271.205
1356 271.205 271.205
1357 271.205 271.205
1358 271.205 271.205
1359 271.205 271.205
1360 271.205 271.205
1361 271.205 271.205
1362 271.205 271.205
1363 271.205 271.205
1364 271.205 271.205
1365 271.205 271.205
1366 271.205 271.205
1367 271.205 271.205
1368 271.205 271.205
1369 271.205 271.205
1370 271.205 271.205
1371 271.205 271.205
1372 271.205 271.205
1373 271.205 271.205
1374 271.205 271.205
1375 271.205 271.205
1376 271.205 271.205
1377 271.205 271.205
1378 271.205 271.205
1379 271.205 271.205
1380 271.205 271.205
1381 271.205 271.205
1382 271.205 271.205
1383 271.205 271.205
1384 271.205 271.205
1385 271.205 271.205
1386 271.205 271.205
1387 271.205 271.205
1388 271.205 271.205
1389 271.205 271.205
1390 271.205 271.205
1391 271.205 271.205
1392 271.205 271.205
1393 271.205 271.205
1394 271.205 271.205
1395 271.205 271.205
1396 271.205 271.205
1397 271.205 271.205
1398 271.205 271.205
1399 271.205 271.205
1400 271.205 271.205
1401 271.205 271.205
1402 271.205 271.205
1403 271.205 271.205
1404 271.205 271.205
1405 271.205 271.205
1406 271.205 271.205
1407 271.205 271.205
1408 271.205 271.205
1409 271.205 271.205
1410 271.205 271.205
1411 271.205 271.205
1412 271.205 271.205
1413 271.205 271.205
1414 271.205 271.205
1415 271.205 271.205
1416 271.205 271.205
1417 271.205 271.205
1418 271.205 271.205
1419 271.205 271.205
1420 271.205 271.205
1421 271.205 271.205
1422 271.205 271.205
1423 271.205 271.205
1424 271.205 271.205
1425 271.205 271.205
1426 271.205 271.205
1427 271.205 271.205
1428 271.205 271.205
1429 271.205 271.205
1430 271.205 271.205
1431 271.205 271.205
1432 271.205 271.205
1433 271.205 271.205
1434 271.205 271.205
1435 271.205 271.205
1436 271.205 271.205
1437 271.205 271.205
1438 271.205 271.205
1439 271.205 271.205
1440 271.205 271.205
1441 271.205 271.205
1442 271.205 271.205
1443 271.205 271.205
1444 271.205 271.205
1445 271.205 271.205
1446 271.205 271.205
1447 271.205 271.205
1448 271.205 271.205
1449 271.205 271.205
1450 271.205 271.205
1451 271.205 271.205
1452 271.205 271.205
1453 271.205 271.205
1454 271.205 271.205
1455 271.205 271.205
1456 271.205 271.205
1457 271.205 271.205
1458 271.205 271.205
1459 271.205 271.205
1460 271.205 271.205
1461 271.205 271.205
1462 271.205 271.205
1463 271.205 271.205
1464 271.205 271.205
1465 271.205 271.205
1466 271.205 271.205
1467 271.205 271.205
1468 271.205 271.205
1469 271.205 271.205
1470 271.205 271.205
1471 271.205 271.205
1472 271.205 271.205
1473 271.205 271.205
1474 271.205 271.205
1475 271.205 271.205
1476 271.205 271.205
1477 271.205 271.205
1478 271.205 271.205
1479 271.205 271.205
1480 271.205 271.205
1481 271.205 271.205
1482 271.205 271.205
1483 271.205 271.205
1484 271.205 271.205
1485 271.205 271.205
1486 271.205 271.205
1487 271.205 271.205
1488 271.205 271.205
1489 271.205 271.205
1490 271.205 271.205
1491 271.205 271.205
1492 271.205 271.205
1493 271.205 271.205
1494 271.205 271.205
1495 271.205 271.205
1496 271.205 271.205
1497 271.205 271.205
1498 271.205 271.205
1499 271.205 271.205
1500 271.205 271.205
1501 271.205 271.205
1502 271.205 271.205
1503 271.205 271.205
1504 271.205 271.205
1505 271.205 271.205
1506 271.205 271.205
1507 271.205 271.205
1508 271.205 271.205
1509 271.205 271.205
1510 271.205 271.205
1511 271.205 271.205
1512 271.205 271.205
1513 271.205 271.205
1514 271.205 271.205
1515 271.205 271.205
1516 271.205 271.205
1517 271.205 271.205
1518 271.205 271.205
1519 271.205 271.205
1520 271.205 271.205
1521 271.205 271.205
1522 271.205 271.205
1523 271.205 271.205
1524 271.205 271.205
1525 271.205 271.205
1526 271.205 271.205
1527 271.205 271.205
1528 271.205 271.205
1529 271.205 271.205
1530 271.205 271.205
1531 271.205 271.205
1532 271.205 271.205
1533 271.205 271.205
1534 271.205 271.205
1535 271.205 271.205
1536 271.205 271.205
1537 271.205 271.205
1538 271.205 271.205
1539 271.205 271.205
1540 271.205 271.205
1541 271.205 271.205
1542 271.205 271.205
1543 271.205 271.205
1544 271.205 271.205
1545 271.205 271.205
1546 271.205 271.205
1547 271.205 271.205
1548 271.205 271.205
1549 271.205 271.205
1550 271.205 271.205
1551 271.205 271.205
1552 271.205 271.205
1553 271.205 271.205
1554 271.205 271.205
1555 271.205 271.205
1556 271.205 271.205
1557 271.205 271.205
1558 271.205 271.205
1559 271.205 271.205
1560 271.205 271.205
1561 271.205 271.205
1562 271.205 271.205
1563 271.205 271.205
1564 271.205 271.205
1565 271.205 271.205
1566 271.205 271.205
1567 271.205 271.205
1568 271.205 271.205
1569 271.205 271.205
1570 271.205 271.205
1571 271.205 271.205
1572 271.205 271.205
1573 271.205 271.205
1574 271.205 271.205
1575 271.205 271.205
1576 271.205 271.205
1577 271.205 271.205
1578 271.205 271.205
1579 271.205 271.205
1580 271.205 271.205
1581 271.205 271.205
1582 271.205 271.205
1583 271.205 271.205
1584 271.205 271.205
1585 271.205 271.205
1586 271.205 271.205
1587 271.205 271.205
1588 271.205 271.205
1589 271.205 271.205
1590 271.205 271.205
1591 271.205 271.205
1592 271.205 271.205
1593 271.205 271.205
1594 271.205 271.205
1595 271.205 271.205
1596 271.205 271.205
1597 271.205 271.205
1598 271.205 271.205
1599 271.205 271.205
1600 271.205 271.205
1601 271.205 271.205
1602 271.205 271.205
1603 271.205 271.205
1604 271.205 271.205
1605 271.205 271.205
1606 271.205 271.205
1607 271.205 271.205
1608 271.205 271.205
1609 271.205 271.205
1610 271.205 271.205
1611 271.205 271.205
1612 271.205 271.205
1613 271.205 271.205
1614 271.205 271.205
1615 271.205 271.205
1616 271.205 271.205
1617 271.205 271.205
1618 271.205 271.205
1619 271.205 271.205
1620 271.205 271.205
1621 271.205 271.205
1622 271.205 271.205
1623 271.205 271.205
1624 271.205 271.205
1625 271.205 271.205
1626 271.205 271.205
1627 271.205 271.205
1628 271.205 271.205
1629 271.205 271.205
1630 271.205 271.205
1631 271.205 271.205
1632 271.205 271.205
1633 271.205 271.205
1634 271.205 271.205
1635 271.205 271.205
1636 271.205 271.205
1637 271.205 271.205
1638 271.205 271.205
1639 271.205 271.205
1640 271.205 271.205
1641 271.205 271.205
1642 271.205 271.205
1643 271.205 271.205
1644 271.205 271.205
1645 271.205 271.205
1646 271.205 271.205
1647 271.205 271.205
1648 271.205 271.205
1649 271.205 271.205
1650 271.205 271.205
1651 271.205 271.205
1652 271.205 271.205
1653 271.205 271.205
1654 271.205 271.205
1655 271.205 271.205
1656 271.205 271.205
1657 271.205 271.205
1658 271.205 271.205
1659 271.205 271.205
1660 271.205 271.205
1661 271.205 271.205
1662 271.205 271.205
1663 271.205 271.205
1664 271.205 271.205
1665 271.205 271.205
1666 271.205 271.205
1667 271.205 271.205
1668 271.205 271.205
1669 271.205 271.205
1670 271.205 271.205
1671 271.205 271.205
1672 271.205 271.205
1673 271.205 271.205
1674 271.205 271.205
1675 271.205 271.205
1676 271.205 271.205
1677 271.205 271.205
1678 271.205 271.205
1679 271.205 271.205
1680 271.205 271.205
1681 271.205 271.205
1682 271.205 271.205
1683 271.205 271.205
1684 271.205 271.205
1685 271.205 271.205
1686 271.205 271.205
1687 271.205 271.205
1688 271.205 271.205
1689 271.205 271.205
1690 271.205 271.205
1691 271.205 271.205
1692 271.205 271.205
1693 271.205 271.205
1694 271.205 271.205
1695 271.205 271.205
1696 271.205 271.205
1697 271.205 271.205
1698 271.205 271.205
1699 271.205 271.205
1700 271.205 271.205
1701 271.205 271.205
1702 271.205 271.205
1703 271.205 271.205
1704 271.205 271.205
1705 271.205 271.205
1706 271.205 271.205
1707 271.205 271.205
1708 271.205 271.205
1709 271.205 271.205
1710 271.205 271.205
1711 271.205 271.205
1712 271.205 271.205
1713 271.205 271.205
1714 271.205 271.205
1715 271.205 271.205
1716 271.205 271.205
1717 271.205 271.205
1718 271.205 271.205
1719 271.205 271.205
1720 271.205 271.205
1721 271.205 271.205
1722 271.205 271.205
1723 271.205 271.205
1724 271.205 271.205
1725 271.205 271.205
1726 271.205 271.205
1727 271.205 271.205
1728 271.205 271.205
1729 271.205 271.205
1730 271.205 271.205
1731 271.205 271.205
1732 271.205 271.205
1733 271.205 271.205
1734 271.205 271.205
1735 271.205 271.205
1736 271.205 271.205
1737 271.205 271.205
1738 271.205 271.205
1739 271.205 271.205
1740 271.205 271.205
1741 271.205 271.205
1742 271.205 271.205
1743 271.205 271.205
1744 271.205 271.205
1745 271.205 271.205
1746 271.205 271.205
1747 271.205 271.205
1748 271.205 271.205
1749 271.205 271.205
1750 271.205 271.205
1751 271.205 271.205
1752 271.205 271.205
1753 271.205 271.205
1754 271.205 271.205
1755 271.205 271.205
1756 271.205 271.205
1757 271.205 271.205
1758 271.205 271.205
1759 271.205 271.205
1760 271.205 271.205
1761 271.205 271.205
1762 271.205 271.205
1763 271.205 271.205
1764 271.205 271.205
1765 271.205 271.205
1766 271.205 271.205
1767 271.205 271.205
1768 271.205 271.205
1769 271.205 271.205
1770 271.205 271.205
1771 271.205 271.205
1772 271.205 271.205
1773 271.205 271.205
1774 271.205 271.205
1775 271.205 271.205
1776 271.205 271.205
1777 271.205 271.205
1778 271.205 271.205
1779 271.205 271.205
1780 271.205 271.205
1781 271.205 271.205
1782 271.205 271.205
1783 271.205 271.205
1784 271.205 271.205
1785 271.205 271.205
1786 271.205 271.205
1787 271.205 271.205
1788 271.205 271.205
1789 271.205 271.205
1790 271.205 271.205
1791 271.205 271.205
1792 271.205 271.205
1793 271.205 271.205
1794 271.205 271.205
1795 271.205 271.205
1796 271.205 271.205
1797 271.205 271.205
1798 271.205 271.205
1799 271.205 271.205
1800 271.205 271.205
1801 271.205 271.205
1802 271.205 271.205
1803 271.205 271.205
1804 271.205 271.205
1805 271.205 271.205
1806 271.205 271.205
1807 271.205 271.205
1808 271.205 271.205
1809 271.205 271.205
1810 271.205 271.205
1811 271.205 271.205
1812 271.205 271.205
1813 271.205 271.205
1814 271.205 271.205
1815 271.205 271.205
1816 271.205 271.205
1817 271.205 271.205
1818 271.205 271.205
1819 271.205 271.205
1820 271.205 271.205
1821 271.205 271.205
1822 271.205 271.205
1823 271.205 271.205
1824 271.205 271.205
1825 271.205 271.205
1826 271.205 271.205
1827 271.205 271.205
1828 271.205 271.205
1829 271.205 271.205
1830 271.205 271.205
1831 271.205 271.205
1832 271.205 271.205
1833 271.205 271.205
1834 271.205 271.205
1835 271.205 271.205
1836 271.205 271.205
1837 271.205 271.205
1838 271.205 271.205
1839 271.205 271.205
1840 271.205 271.205
1841 271.205 271.205
1842 271.205 271.205
1843 271.205 271.205
1844 271.205 271.205
1845 271.205 271.205
1846 271.205 271.205
1847 271.205 271.205
1848 271.205 271.205
1849 271.205 271.205
1850 271.205 271.205
1851 271.205 271.205
1852 271.205 271.205
1853 271.205 271.205
1854 271.205 271.205
1855 271.205 271.205
1856 271.205 271.205
1857 271.205 271.205
1858 271.205 271.205
1859 271.205 271.205
1860 271.205 271.205
1861 271.205 271.205
1862 271.205 271.205
1863 271.205 271.205
1864 271.205 271.205
1865 271.205 271.205
1866 271.205 271.205
1867 271.205 271.205
1868 271.205 271.205
1869 271.205 271.205
1870 271.205 271.205
1871 271.205 271.205
1872 271.205 271.205
1873 271.205 271.205
1874 271.205 271.205
1875 271.205 271.205
1876 271.205 271.205
1877 271.205 271.205
1878 271.205 271.205
1879 271.205 271.205
1880 271.205 271.205
1881 271.205 271.205
1882 271.205 271.205
1883 271.205 271.205
1884 271.205 271.205
1885 271.205 271.205
1886 271.205 271.205
1887 271.205 271.205
1888 271.205 271.205
1889 271.205 271.205
1890 271.205 271.205
1891 271.205 271.205
1892 271.205 271.205
1893 271.205 271.205
1894 271.205 271.205
1895 271.205 271.205
1896 271.205 271.205
1897 271.205 271.205
1898 271.205 271.205
1899 271.205 271.205
1900 271.205 271.205
1901 271.205 271.205
1902 271.205 271.205
1903 271.205 271.205
1904 271.205 271.205
1905 271.205 271.205
1906 271.205 271.205
1907 271.205 271.205
1908 271.205 271.205
1909 271.205 271.205
1910 271.205 271.205
1911 271.205 271.205
1912 271.205 271.205
1913 271.205 271.205
1914 271.205 271.205
1915 271.205 271.205
1916 271.205 271.205
1917 271.205 271.205
1918 271.205 271.205
1919 271.205 271.205
1920 271.205 271.205
1921 271.205 271.205
1922 271.205 271.205
1923 271.205 271.205
1924 271.205 271.205
1925 271.205 271.205
1926 271.205 271.205
1927 271.205 271.205
1928 271.205 271.205
1929 271.205 271.205
1930 271.205 271.205
1931 271.205 271.205
1932 271.205 271.205
1933 271.205 271.205
1934 271.205 271.205
1935 271.205 271.205
1936 271.205 271.205
1937 271.205 271.205
1938 271.205 271.205
1939 271.205 271.205
1940 271.205 271.205
1941 271.205 271.205
1942 271.205 271.205
1943 271.205 271.205
1944 271.205 271.205
1945 271.205 271.205
1946 271.205 271.205
1947 271.205 271.205
1948 271.205 271.205
1949 271.205 271.205
1950 271.205 271.205
1951 271.205 271.205
1952 271.205 271.205
1953 271.205 271.205
1954 271.205 271.205
1955 271.205 271.205
1956 271.205 271.205
1957 271.205 271.205
1958 271.205 271.205
1959 271.205 271.205
1960 271.205 271.205
1961 271.205 271.205
1962 271.205 271.205
1963 271.205 271.205
1964 271.205 271.205
1965 271.205 271.205
1966 271.205 271.205
1967 271.205 271.205
1968 271.205 271.205
1969 271.205 271.205
1970 271.205 271.205
1971 271.205 271.205
1972 271.205 271.205
1973 271.205 271.205
1974 271.205 271.205
1975 271.205 271.205
1976 271.205 271.205
1977 271.205 271.205
1978 271.205 271.205
1979 271.205 271.205
1980 271.205 271.205
1981 271.205 271.205
1982 271.205 271.205
1983 271.205 271.205
1984 271.205 271.205
1985 271.205 271.205
1986 271.205 271.205
1987 271.205 271.205
1988 271.205 271.205
1989 271.205 271.205
1990 271.205 271.205
1991 271.205 271.205
1992 271.205 271.205
1993 271.205 271.205
1994 271.205 271.205
1995 271.205 271.205
1996 271.205 271.205
1997 271.205 271.205
1998 271.205 271.205
1999 271.205 271.205
2000 271.205 271.205
2001 271.205 271.205
2002 271.205 271.205
2003 271.205 271.205
2004 271.205 271.205
2005 271.205 271.205
2006 271.205 271.205
2007 271.205 271.205
2008 271.205 271.205
2009 271.205 271.205
2010 271.205 271.205
2011 271.205 271.205
2012 271.205 271.205
2013 271.205 271.205
2014 271.205 271.205
2015 271.205 271.205
2016 271.205 271.205
2017 271.205 271.205
2018 271.205 271.205
2019 271.205 271.205
2020 271.205 271.205
2021 271.205 271.205
2022 271.205 271.205
2023 271.205 271.205
2024 271.205 271.205
2025 271.205 271.205
2026 271.205 271.205
2027 271.205 271.205
2028 271.205 271.205
2029 271.205 271.205
2030 271.205 271.205
2031 271.205 271.205
2032 271.205 271.205
2033 271.205 271.205
2034 271.205 271.205
2035 271.205 271.205
2036 271.205 271.205
2037 271.205 271.205
2038 271.205 271.205
2039 271.205 271.205
2040 271.205 271.205
2041 271.205 271.205
2042 271.205 271.205
2043 271.205 271.205
2044 271.205 271.205
2045 271.205 271.205
2046 271.205 271.205
2047 271.205 271.205
2048 271.205 271.205
2049 271.205 271.205
2050 271.205 271.205
2051 271.205 271.205
2052 271.205 271.205
2053 271.205 271.205
2054 271.205 271.205
2055 271.205 271.205
2056 271.205 271.205
2057 271.205 271.205
2058 271.205 271.205
2059 271.205 271.205
2060 271.205 271.205
2061 271.205 271.205
2062 271.205 271.205
2063 271.205 271.205
2064 271.205 271.205
2065 271.205 271.205
2066 271.205 271.205
2067 271.205 271.205
2068 271.205 271.205
2069 271.205 271.205
2070 271.205 271.205
2071 271.205 271.205
2072 271.205 271.205
2073 271.205 271.205
2074 271.205 271.205
2075 271.205 271.205
2076 271.205 271.205
2077 271.205 271.205
2078 271.205 271.205
2079 271.205 271.205
2080 271.205 271.205
2081 271.205 271.205
2082 271.205 271.205
2083 271.205 271.205
2084 271.205 271.205
2085 271.205 271.205
2086 271.205 271.205
2087 271.205 271.205
2088 271.205 271.205
2089 271.205 271.205
2090 271.205 271.205
2091 271.205 271.205
2092 271.205 271.205
2093 271.205 271.205
2094 271.205 271.205
2095 271.205 271.205
2096 271.205 271.205
2097 271.205 271.205
2098 271.205 271.205
2099 271.205 271.205
2100 271.205 271.205
2101 271.205 271.205
2102 271.205 271.205
2103 271.205 271.205
2104 271.205 271.205
2105 271.205 271.205
2106 271.205 271.205
2107 271.205 271.205
2108 271.205 271.205
2109 271.205 271.205
2110 271.205 271.205
2111 271.205 271.205
2112 271.205 271.205
2113 271.205 271.205
2114 271.205 271.205
2115 271.205 271.205
2116 271.205 271.205
2117 271.205 271.205
2118 271.205 271.205
2119 271.205 271.205
2120 271.205 271.205
2121 271.205 271.205
2122 271.205 271.205
2123 271.205 271.205
2124 271.205 271.205
2125 271.205 271.205
2126 271.205 271.205
2127 271.205 271.205
2128 271.205 271.205
2129 271.205 271.205
2130 271.205 271.205
2131 271.205 271.205
2132 271.205 271.205
2133 271.205 271.205
2134 271.205 271.205
2135 271.205 271.205
2136 271.205 271.205
2137 271.205 271.205
2138 271.205 271.205
2139 271.205 271.205
2140 271.205 271.205
2141 271.205 271.205
2142 271.205 271.205
2143 271.205 271.205
2144 271.205 271.205
2145 271.205 271.205
2146 271.205 271.205
2147 271.205 271.205
2148 271.205 271.205
2149 271.205 271.205
2150 271.205 271.205
2151 271.205 271.205
2152 271.205 271.205
2153 271.205 271.205
2154 271.205 271.205
2155 271.205 271.205
2156 271.205 271.205
2157 271.205 271.205
2158 271.205 271.205
2159 271.205 271.205
2160 271.205 271.205
2161 271.205 271.205
2162 271.205 271.205
2163 271.205 271.205
2164 271.205 271.205
2165 271.205 271.205
2166 271.205 271.205
2167 271.205 271.205
2168 271.205 271.205
2169 271.205 271.205
2170 271.205 271.205
2171 271.205 271.205
2172 271.205 271.205
2173 271.205 271.205
2174 271.205 271.205
2175 271.205 271.205
2176 271.205 271.205
2177 271.205 271.205
2178 271.205 271.205
2179 271.205 271.205
2180 271.205 271.205
2181 271.205 271.205
2182 271.205 271.205
2183 271.205 271.205
2184 271.205 271.205
2185 271.205 271.205
2186 271.205 271.205
2187 271.205 271.205
2188 271.205 271.205
2189 271.205 271.205
2190 271.205 271.205
2191 271.205 271.205
2192 271.205 271.205
2193 271.205 271.205
2194 271.205 271.205
2195 271.205 271.205
2196 271.205 271.205
2197 271.205 271.205
2198 271.205 271.205
2199 271.205 271.205
2200 271.205 271.205
2201 271.205 271.205
2202 271.205 271.205
2203 271.205 271.205
2204 271.205 271.205
2205 271.205 271.205
2206 271.205 271.205
2207 271.205 271.205
2208 271.205 271.205
2209 271.205 271.205
2210 271.205 271.205
2211 271.205 271.205
2212 271.205 271.205
2213 271.205 271.205
2214 271.205 271.205
2215 271.205 271.205
2216 271.205 271.205
2217 271.205 271.205
2218 271.205 271.205
2219 271.205 271.205
2220 271.205 271.205
2221 271.205 271.205
2222 271.205 271.205
2223 271.205 271.205
2224 271.205 271.205
2225 271.205 271.205
2226 271.205 271.205
2227 271.205 271.205
2228 271.205 271.205
2229 271.205 271.205
2230 271.205 271.205
2231 271.205 271.205
2232 271.205 271.205
2233 271.205 271.205
2234 271.205 271.205
2235 271.205 271.205
2236 271.205 271.205
2237 271.205 271.205
2238 271.205 271.205
2239 271.205 271.205
2240 271.205 271.205
2241 271.205 271.205
2242 271.205 271.205
2243 271.205 271.205
2244 271.205 271.205
2245 271.205 271.205
2246 271.205 271.205
2247 271.205 271.205
2248 271.205 271.205
2249 271.205 271.205
2250 271.205 271.205
2251 271.205 271.205
2252 271.205 271.205
2253 271.205 271.205
2254 271.205 271.205
2255 271.205 271.205
2256 271.205 271.205
2257 271.205 271.205
2258 271.205 271.205
2259 271.205 271.205
2260 271.205 271.205
2261 271.205 271.205
2262 271.205 271.205
2263 271.205 271.205
2264 271.205 271.205
2265 271.205 271.205
2266 271.205 271.205
2267 271.205 271.205
2268 271.205 271.205
2269 271.205 271.205
2270 271.205 271.205
2271 271.205 271.205
2272 271.205 271.205
2273 271.205 271.205
2274 271.205 271.205
2275 271.205 271.205
2276 271.205 271.205
2277 271.205 271.205
2278 271.205 271.205
2279 271.205 271.205
2280 271.205 271.205
2281 271.205 271.205
2282 271.205 271.205
2283 271.205 271.205
2284 271.205 271.205
2285 271.205 271.205
2286 271.205 271.205
2287 271.205 271.205
2288 271.205 271.205
2289 271.205 271.205
2290 271.205 271.205
2291 271.205 271.205
2292 271.205 271.205
2293 271.205 271.205
2294 271.205 271.205
2295 271.205 271.205
2296 271.205 271.205
2297 271.205 271.205
2298 271.205 271.205
2299 271.205 271.205
2300 271.205 271.205
2301 271.205 271.205
2302 271.205 271.205
2303 271.205 271.205
2304 271.205 271.205
2305 271.205 271.205
2306 271.205 271.205
2307 271.205 271.205
2308 271.205 271.205
2309 271.205 271.205
2310 271.205 271.205
2311 271.205 271.205
2312 271.205 271.205
2313 271.205 271.205
2314 271.205 271.205
2315 271.205 271.205
2316 271.205 271.205
2317 271.205 271.205
2318 271.205 271.205
2319 271.205 271.205
2320 271.205 271.205
2321 271.205 271.205
2322 271.205 271.205
2323 271.205 271.205
2324 271.205 271.205
2325 271.205 271.205
2326 271.205 271.205
2327 271.205 271.205
2328 271.205 271.205
2329 271.205 271.205
2330 271.205 271.205
2331 271.205 271.205
2332 271.205 271.205
2333 271.205 271.205
2334 271.205 271.205
2335 271.205 271.205
2336 271.205 271.205
2337 271.205 271.205
2338 271.205 271.205
2339 271.205 271.205
2340 271.205 271.205
2341 271.205 271.205
2342 271.205 271.205
2343 271.205 271.205
2344 271.205 271.205
2345 271.205 271.205
2346 271.205 271.205
2347 271.205 271.205
2348 271.205 271.205
2349 271.205 271.205
2350 271.205 271.205
2351 271.205 271.205
2352 271.205 271.205
2353 271.205 271.205
2354 271.205 271.205
2355 271.205 271.205
2356 271.205 271.205
2357 271.205 271.205
2358 271.205 271.205
2359 271.205 271.205
2360 271.205 271.205
2361 271.205 271.205
2362 271.205 271.205
2363 271.205 271.205
2364 271.205 271.205
2365 271.205 271.205
2366 271.205 271.205
2367 271.205 271.205
2368 271.205 271.205
2369 271.205 271.205
2370 271.205 271.205
2371 271.205 271.205
2372 271.205 271.205
2373 271.205 271.205
2374 271.205 271.205
2375 271.205 271.205
2376 271.205 271.205
2377 271.205 271.205
2378 271.205 271.205
2379 271.205 271.205
2380 271.205 271.205
2381 271.205 271.205
2382 271.205 271.205
2383 271.205 271.205
2384 271.205 271.205
2385 271.205 271.205
2386 271.205 271.205
2387 271.205 271.205
2388 271.205 271.205
2389 271.205 271.205
2390 271.205 271.205
2391 271.205 271.205
2392 271.205 271.205
2393 271.205 271.205
2394 271.205 271.205
2395 271.205 271.205
2396 271.205 271.205
2397 271.205 271.205
2398 271.205 271.205
2399 271.205 271.205
2400 271.205 271.205
2401 271.205 271.205
2402 271.205 271.205
2403 271.205 271.205
2404 271.205 271.205
2405 271.205 271.205
2406 271.205 271.205
2407 271.205 271.205
2408 271.205 271.205
2409 271.205 271.205
2410 271.205 271.205
2411 271.205 271.205
2412 271.205 271.205
2413 271.205 271.205
2414 271.205 271.205
2415 271.205 271.205
2416 271.205 271.205
2417 271.205 271.205
2418 271.205 271.205
2419 271.205 271.205
2420 271.205 271.205
2421 271.205 271.205
2422 271.205 271.205
2423 271.205 271.205
2424 271.205 271.205
2425 271.205 271.205
2426 271.205 271.205
2427 271.205 271.205
2428 271.205 271.205
2429 271.205 271.205
2430 271.205 271.205
2431 271.205 271.205
2432 271.205 271.205
2433 271.205 271.205
2434 271.205 271.205
2435 271.205 271.205
2436 271.205 271.205
2437 271.205 271.205
2438 271.205 271.205
2439 271.205 271.205
2440 271.205 271.205
2441 271.205 271.205
2442 271.205 271.205
2443 271.205 271.205
2444 271.205 271.205
2445 271.205 271.205
2446 271.205 271.205
2447 271.205 271.205
2448 271.205 271.205
2449 271.205 271.205
2450 271.205 271.205
2451 271.205 271.205
2452 271.205 271.205
2453 271.205 271.205
2454 271.205 271.205
2455 271.205 271.205
2456 271.205 271.205
2457 271.205 271.205
2458 271.205 271.205
2459 271.205 271.205
2460 271.205 271.205
2461 271.205 271.205
2462 271.205 271.205
2463 271.205 271.205
2464 271.205 271.205
2465 271.205 271.205
2466 271.205 271.205
2467 271.205 271.205
2468 271.205 271.205
2469 271.205 271.205
2470 271.205 271.205
2471 271.205 271.205
2472 271.205 271.205
2473 271.205 271.205
2474 271.205 271.205
2475 271.205 271.205
2476 271.205 271.205
2477 271.205 271.205
2478 271.205 271.205
2479 271.205 271.205
2480 271.205 271.205
2481 271.205 271.205
2482 271.205 271.205
2483 271.205 271.205
2484 271.205 271.205
2485 271.205 271.205
2486 271.205 271.205
2487 271.205 271.205
2488 271.205 271.205
2489 271.205 271.205
2490 271.205 271.205
2491 271.205 271.205
2492 271.205 271.205
2493 271.205 271.205
2494 271.205 271.205
2495 271.205 271.205
2496 271.205 271.205
2497 271.205 271.205
2498 271.205 271.205
2499 271.205 271.205
