0 759.784 973.682
1 753.735 910.481
2 753.153 876.093
3 731.317 833.562
4 692.149 807.713
5 692.149 773.81
6 692.149 761.006
7 692.149 751.364
8 658.698 733.868
9 657.245 724.209
10 641.386 707.693
11 650.384 692.093
12 646.962 677.234
13 634.114 664.656
14 616.905 654.158
15 611.575 650.047
16 600.958 637.466
17 600.958 631.704
18 567.33 623.333
19 564.464 613.701
20 564.464 607.67
21 551.426 594.96
22 547.449 584.055
23 547.449 571.442
24 546.548 559.443
25 538.676 555.943
26 538.676 553.89
27 533.579 551.14
28 533.579 546.236
29 515.535 543.07
30 515.535 535.042
31 514.481 528.042
32 513.823 524.361
33 496.245 518.073
34 495.489 515.276
35 491.834 511.265
36 486.774 507.567
37 486.774 504.166
38 486.739 500.764
39 481.577 496.95
40 481.577 492.902
41 472.785 490.194
42 470.904 484.776
43 465.733 481.758
44 465.742 479.193
45 461.921 474.027
46 446.811 470.58
47 446.811 469.062
48 440.159 465.106
49 438.951 459.432
50 435.139 450.18
51 426.523 443.958
52 426.523 439.31
53 424.929 437.66
54 424.929 433.752
55 422.153 432.123
56 422.153 428.701
57 410.913 426.342
58 407.799 422.924
59 406.567 420.21
60 406.567 414.761
61 406.385 408.534
62 406.385 406.942
63 406.385 406.493
64 406.047 406.444
65 405.82 406.329
66 405.82 406.172
67 405.82 406.029
68 405.82 405.887
69 405.82 405.846
70 405.82 405.82
71 405.82 405.82
72 405.82 405.82
73 404.051 405.802
74 404.051 405.658
75 403.582 405.384
76 403.582 404.995
77 403.582 405.955
78 403.582 409.284
79 403.199 409.241
80 403.199 405.201
81 403.199 405.43
82 402.8 406.418
83 400.264 405.655
84 391.333 402.86
85 391.333 400.981
86 391.325 397.521
87 387.794 392.936
88 387.794 391.181
89 382.928 390.587
90 382.928 389.122
91 382.928 387.071
92 381.891 384.107
93 381.373 382.818
94 381.373 382.46
95 381.373 381.838
96 381.373 381.44
97 381.373 381.373
98 381.373 381.373
99 381.373 381.373
100 377.904 381.338
101 377.904 380.643
102 370.089 379.338
103 370.089 378.313
104 370.089 375.206
105 370.089 373.019
106 370.089 370.372
107 368.741 370.076
108 368.741 370.012
109 368.741 369.883
110 367.025 369.578
111 367.025 369.37
112 366.806 368.857
113 366.806 367.872
114 361.298 367.021
115 359.257 365.872
116 359.257 363.454
117 359.257 362.024
118 359.257 361.372
119 358.117 361.723
120 357.716 360.584
121 357.716 359.43
122 357.716 358.408
123 357.716 358.031
124 357.716 357.786
125 357.716 357.716
126 357.716 357.716
127 348.573 357.625
128 339.023 356.402
129 339.023 353.012
130 339.023 346.472
131 338.567 342.54
132 337.393 342.309
133 337.393 340.655
134 337.263 340.209
135 333.278 340.196
136 333.278 341.566
137 331.518 339.976
138 326.715 338.588
139 326.715 334.587
140 326.715 331.233
141 326.715 328.352
142 326.715 327.576
143 326.09 326.787
144 326.09 326.621
145 326.09 326.44
146 326.09 326.221
147 326.09 326.09
148 326.09 326.09
149 326.09 326.09
150 323.923 326.068
151 323.923 325.916
152 323.923 325.407
153 323.654 324.528
154 323.654 323.904
155 323.654 323.834
156 323.654 323.704
157 323.654 323.654
158 323.654 323.654
159 323.654 323.654
160 323.654 323.654
161 323.262 323.65
162 320.783 323.617
163 320.783 323.477
164 320.783 323.232
165 320.783 323.143
166 320.783 323.891
167 320.783 321.531
168 320.783 320.921
169 320.783 320.783
170 320.783 320.783
171 320.783 320.783
172 320.783 320.783
173 320.134 320.777
174 314.18 320.672
175 314.18 319.757
176 314.18 318.183
177 314.18 315.958
178 314.18 314.18
179 314.18 314.18
180 314.18 314.18
181 314.18 314.18
182 314.18 314.18
183 314.18 314.18
184 312.865 314.167
185 312.865 313.944
186 312.865 313.497
187 312.865 313.064
188 312.865 312.865
189 312.865 312.865
190 312.865 312.865
191 312.865 312.865
192 312.865 312.865
193 312.865 312.865
194 312.865 312.865
195 312.865 312.865
196 312.865 312.865
197 312.865 312.865
198 312.865 312.865
199 312.865 312.865
200 312.865 312.865
201 312.865 312.865
202 312.865 312.865
203 312.865 312.865
204 312.865 312.865
205 312.865 312.865
206 312.865 312.865
207 312.865 312.865
208 312.865 312.865
209 312.865 312.865
210 312.865 312.865
211 312.865 312.865
212 312.865 312.865
213 312.865 312.865
214 312.865 312.865
215 312.865 312.865
216 312.643 312.863
217 309.233 312.498
218 309.233 311.585
219 308.884 310.207
220 308.884 309.216
221 308.884 309.132
222 308.884 309.048
223 308.884 308.898
224 308.884 308.884
225 308.884 308.884
226 308.884 308.884
227 308.884 308.884
228 308.884 308.884
229 308.884 308.884
230 308.884 308.884
231 308.884 308.884
232 308.337 308.879
233 308.337 308.846
234 308.337 308.704
235 308.337 308.501
236 308.337 308.375
237 308.337 308.337
238 308.337 308.337
239 308.337 308.337
240 307.34 308.327
241 307.34 308.257
242 307.34 308.038
243 305.204 307.685
244 305.204 307.262
245 305.204 306.748
246 305.204 305.846
247 305.204 305.23
248 305.204 305.204
249 305.204 305.204
250 302.636 305.178
251 302.636 304.881
252 302.312 304.353
253 302.312 303.616
254 302.312 302.648
255 302.312 302.526
256 302.312 302.468
257 302.312 302.72
258 302.312 302.474
259 302.312 302.448
260 302.312 302.315
261 302.312 302.312
262 302.312 302.312
263 299.409 302.283
264 299.409 301.869
265 295.776 300.997
266 295.776 299.088
267 295.776 298.157
268 295.776 297.19
269 295.776 296.532
270 295.776 295.977
271 294.318 295.762
272 294.318 295.528
273 294.318 295.12
274 294.318 294.632
275 294.318 294.347
276 294.318 294.318
277 294.318 294.318
278 294.318 294.318
279 294.318 294.318
280 294.318 294.318
281 294.318 294.318
282 294.318 294.318
283 294.318 294.318
284 294.318 294.318
285 294.318 294.318
286 294.318 294.318
287 294.318 294.318
288 294.318 294.318
289 294.318 294.318
290 294.318 294.318
291 294.318 294.318
292 294.318 294.318
293 294.318 294.318
294 294.318 294.318
295 294.318 294.318
296 294.318 294.318
297 294.318 294.318
298 294.318 294.318
299 294.318 294.318
300 294.318 294.318
301 294.318 294.318
302 294.318 294.318
303 294.318 294.318
304 294.318 294.318
305 293.987 294.315
306 293.987 294.288
307 290.001 294.166
308 290.001 293.581
309 290.001 292.313
310 290.001 290.599
311 290.001 290.027
312 290.001 290.001
313 290.001 290.001
314 290.001 290.001
315 290.001 290.001
316 290.001 290.001
317 290.001 290.001
318 290.001 290.001
319 290.001 290.001
320 290.001 290.001
321 290.001 290.001
322 289.795 289.998
323 289.795 289.98
324 289.795 289.935
325 289.609 289.896
326 289.609 289.787
327 289.609 289.728
328 289.609 289.674
329 289.609 289.648
330 289.609 289.613
331 289.609 289.609
332 289.609 289.609
333 289.609 289.609
334 289.609 289.609
335 289.609 289.609
336 289.609 289.609
337 289.609 289.609
338 289.609 289.609
339 289.609 289.609
340 289.609 289.609
341 289.609 289.609
342 289.609 289.609
343 289.609 289.609
344 289.219 289.602
345 289.219 289.54
346 289.219 289.377
347 289.219 289.244
348 289.219 289.219
349 289.219 289.219
350 289.219 289.219
351 289.219 289.219
352 289.219 289.219
353 289.219 289.219
354 289.219 289.219
355 289.219 289.219
356 288.929 289.216
357 288.929 289.169
358 288.929 289.082
359 288.929 288.952
360 288.929 288.929
361 288.929 288.929
362 288.929 288.929
363 288.929 288.929
364 288.929 288.929
365 288.929 288.929
366 288.929 288.929
367 288.929 288.929
368 288.929 288.929
369 288.929 288.929
370 288.929 288.929
371 288.929 288.929
372 288.929 288.929
373 288.929 288.929
374 288.929 288.929
375 288.929 288.929
376 288.929 288.929
377 288.929 288.929
378 288.929 288.929
379 288.929 288.929
380 288.929 288.929
381 288.929 288.929
382 288.929 288.929
383 288.929 288.929
384 288.929 288.929
385 288.929 288.929
386 288.929 288.929
387 288.929 288.929
388 288.929 288.929
389 288.929 288.929
390 288.929 288.929
391 288.929 288.929
392 288.929 288.929
393 288.929 288.929
394 288.929 288.929
395 288.929 288.929
396 288.929 288.929
397 288.929 288.929
398 288.929 288.929
399 288.929 288.929
400 288.929 288.929
401 288.929 288.929
402 288.929 288.929
403 288.929 288.929
404 288.929 288.929
405 288.929 288.929
406 288.929 288.929
407 288.929 288.929
408 287.207 288.911
409 287.207 288.774
410 287.207 288.513
411 287.207 288.048
412 287.207 287.683
413 287.207 287.458
414 287.207 287.207
415 287.207 287.207
416 287.207 287.207
417 287.207 287.207
418 287.207 287.207
419 287.207 287.207
420 287.207 287.207
421 287.207 287.207
422 287.207 287.207
423 287.207 287.207
424 287.207 287.207
425 287.207 287.207
426 287.207 287.207
427 287.207 287.207
428 287.207 287.207
429 287.207 287.207
430 287.207 287.207
431 287.207 287.207
432 287.207 287.207
433 287.207 287.207
434 287.207 287.207
435 287.207 287.207
436 287.207 287.207
437 287.207 287.207
438 287.207 287.207
439 287.207 287.207
440 287.207 287.207
441 287.207 287.207
442 287.207 287.207
443 287.207 287.207
444 287.207 287.207
445 287.207 287.207
446 287.207 287.207
447 287.207 287.207
448 287.207 287.207
449 287.207 287.207
450 287.207 287.207
451 287.207 287.207
452 287.207 287.207
453 287.207 287.207
454 287.207 287.207
455 287.207 287.207
456 287.207 287.207
457 287.207 287.207
458 287.207 287.207
459 287.207 287.207
460 287.207 287.207
461 287.207 287.207
462 287.207 287.207
463 287.207 287.207
464 287.207 287.207
465 287.207 287.207
466 287.207 287.207
467 287.207 287.207
468 287.207 287.207
469 287.207 287.207
470 287.207 287.207
471 287.207 287.207
472 287.207 287.207
473 287.207 287.207
474 287.207 287.207
475 287.207 287.207
476 287.207 287.207
477 287.207 287.207
478 287.207 287.207
479 287.207 287.207
480 287.207 287.207
481 287.207 287.207
482 287.207 287.207
483 285.124 287.186
484 285.124 286.916
485 285.124 286.27
486 285.124 285.249
487 285.124 285.124
488 285.124 285.124
489 285.124 285.124
490 285.124 285.124
491 285.124 285.124
492 285.124 285.124
493 285.124 285.124
494 285.124 285.124
495 285.124 285.124
496 285.124 285.124
497 285.124 285.124
498 285.124 285.124
499 285.124 285.124
500 285.124 285.124
501 285.124 285.124
502 285.124 285.124
503 285.124 285.124
504 285.124 285.124
505 285.124 285.124
506 285.124 285.124
507 285.124 285.124
508 285.124 285.124
509 285.124 285.124
510 285.124 285.124
511 285.124 285.124
512 285.124 285.124
513 285.124 285.124
514 285.124 285.124
515 285.124 285.124
516 285.124 285.124
517 285.124 285.124
518 285.124 285.124
519 285.124 285.124
520 285.124 285.124
521 285.124 285.124
522 285.124 285.124
523 285.124 285.124
524 280.315 285.076
525 280.315 284.836
526 280.315 284.403
527 280.315 283.13
528 278.615 282.584
529 278.615 281.243
530 278.615 279.983
531 278.615 279.21
532 278.615 278.615
533 278.615 278.615
534 278.615 278.615
535 278.615 278.615
536 278.615 278.615
537 278.615 278.615
538 278.615 278.615
539 278.615 278.615
540 278.615 278.615
541 278.615 278.615
542 278.615 278.615
543 278.615 278.615
544 277.931 278.608
545 277.931 278.581
546 277.931 278.451
547 277.931 278.191
548 277.931 277.931
549 277.931 277.931
550 277.931 277.931
551 277.931 277.931
552 277.931 277.931
553 277.931 277.931
554 277.931 277.931
555 277.931 277.931
556 277.931 277.931
557 277.931 277.931
558 277.931 277.931
559 277.931 277.931
560 277.931 277.931
561 277.931 277.931
562 277.931 277.931
563 277.931 277.931
564 277.931 277.931
565 277.931 277.931
566 277.931 277.931
567 277.931 277.931
568 277.931 277.931
569 277.931 277.931
570 277.931 277.931
571 277.931 277.931
572 277.931 277.931
573 277.931 277.931
574 277.931 277.931
575 277.931 277.931
576 277.931 277.931
577 277.931 277.931
578 277.931 277.931
579 277.931 277.931
580 277.931 277.931
581 277.931 277.931
582 277.931 277.931
583 277.931 277.931
584 277.931 277.931
585 277.931 277.931
586 277.931 277.931
587 277.931 277.931
588 277.931 277.931
589 277.931 277.931
590 277.931 277.931
591 277.931 277.931
592 277.931 277.931
593 277.931 277.931
594 277.931 277.931
595 277.931 277.931
596 277.931 277.931
597 277.931 277.931
598 277.931 277.931
599 277.931 277.931
600 277.931 277.931
601 277.931 277.931
602 277.931 277.931
603 277.931 277.931
604 277.931 277.931
605 277.931 277.931
606 277.931 277.931
607 277.931 277.931
608 277.931 277.931
609 277.931 277.931
610 277.931 277.931
611 277.931 277.931
612 277.931 277.931
613 277.931 277.931
614 277.931 277.931
615 277.931 277.931
616 277.931 277.931
617 277.931 277.931
618 277.931 277.931
619 277.931 277.931
620 277.931 277.931
621 277.931 277.931
622 277.931 277.931
623 277.931 277.931
624 277.931 277.931
625 277.931 277.931
626 277.931 277.931
627 277.931 277.931
628 277.931 277.931
629 277.931 277.931
630 277.931 277.931
631 277.931 277.931
632 277.931 277.931
633 277.931 277.931
634 277.931 277.931
635 277.931 277.931
636 277.931 277.931
637 277.931 277.931
638 277.931 277.931
639 277.931 277.931
640 277.931 277.931
641 277.931 277.931
642 277.931 277.931
643 277.931 277.931
644 277.931 277.931
645 277.931 277.931
646 277.931 277.931
647 277.931 277.931
648 277.931 277.931
649 277.931 277.931
650 277.931 277.931
651 277.931 277.931
652 277.931 277.931
653 277.931 277.931
654 277.931 277.931
655 277.931 277.931
656 277.931 277.931
657 277.931 277.931
658 277.931 277.931
659 277.931 277.931
660 277.931 277.931
661 277.931 277.931
662 277.931 277.931
663 277.931 277.931
664 277.931 277.931
665 277.931 277.931
666 277.931 277.931
667 277.931 277.931
668 277.931 277.931
669 277.931 277.931
670 277.931 277.931
671 277.931 277.931
672 277.931 277.931
673 277.931 277.931
674 277.931 277.931
675 277.931 277.931
676 277.931 277.931
677 277.931 277.931
678 277.931 277.931
679 277.931 277.931
680 277.931 277.931
681 277.931 277.931
682 277.931 277.931
683 277.931 277.931
684 277.931 277.931
685 277.931 277.931
686 277.931 277.931
687 277.931 277.931
688 277.931 277.931
689 277.931 277.931
690 277.931 277.931
691 277.931 277.931
692 277.931 277.931
693 277.931 277.931
694 277.931 277.931
695 277.931 277.931
696 277.931 277.931
697 277.931 277.931
698 277.931 277.931
699 277.931 277.931
700 277.931 277.931
701 277.931 277.931
702 277.931 277.931
703 277.931 277.931
704 277.931 277.931
705 277.931 277.931
706 277.931 277.931
707 277.931 277.931
708 277.931 277.931
709 277.931 277.931
710 277.931 277.931
711 277.931 277.931
712 277.931 277.931
713 277.931 277.931
714 277.931 277.931
715 277.931 277.931
716 277.931 277.931
717 277.931 277.931
718 277.931 277.931
719 277.931 277.931
720 277.931 277.931
721 277.584 277.928
722 277.584 277.897
723 277.584 277.775
724 275.703 277.581
725 275.703 277.321
726 275.703 276.643
727 275.703 275.853
728 275.703 275.703
729 275.703 275.703
730 275.703 275.703
731 275.703 275.703
732 275.703 275.703
733 275.703 275.703
734 275.703 275.703
735 275.703 275.703
736 275.703 275.703
737 275.703 275.703
738 275.703 275.703
739 275.703 275.703
740 275.703 275.703
741 275.703 275.703
742 275.703 275.703
743 275.703 275.703
744 275.703 275.703
745 275.703 275.703
746 275.703 275.703
747 275.703 275.703
748 275.703 275.703
749 275.703 275.703
750 275.703 275.703
751 275.703 275.703
752 275.703 275.703
753 275.703 275.703
754 275.703 275.703
755 275.703 275.703
756 275.703 275.703
757 275.703 275.703
758 275.703 275.703
759 275.703 275.703
760 275.703 275.703
761 275.703 275.703
762 275.703 275.703
763 275.703 275.703
764 274.105 275.687
765 274.105 275.623
766 274.105 275.303
767 274.105 274.968
768 274.105 274.457
769 274.105 274.105
770 274.105 274.105
771 274.105 274.105
772 274.105 274.105
773 274.105 274.105
774 274.105 274.105
775 274.105 274.105
776 274.105 274.105
777 274.105 274.105
778 274.105 274.105
779 274.105 274.105
780 274.105 274.105
781 274.105 274.105
782 274.105 274.105
783 274.105 274.105
784 274.105 274.105
785 274.105 274.105
786 274.105 274.105
787 274.105 274.105
788 274.105 274.105
789 274.105 274.105
790 274.105 274.105
791 274.105 274.105
792 274.105 274.105
793 274.105 274.105
794 274.105 274.105
795 274.105 274.105
796 274.105 274.105
797 274.105 274.105
798 274.105 274.105
799 274.105 274.105
800 274.105 274.105
801 274.105 274.105
802 274.105 274.105
803 274.105 274.105
804 274.105 274.105
805 274.105 274.105
806 274.105 274.105
807 274.105 274.105
808 274.105 274.105
809 274.105 274.105
810 274.105 274.105
811 274.105 274.105
812 274.105 274.105
813 274.105 274.105
814 274.105 274.105
815 274.105 274.105
816 274.105 274.105
817 274.105 274.105
818 274.105 274.105
819 274.105 274.105
820 274.105 274.105
821 274.105 274.105
822 274.105 274.105
823 274.105 274.105
824 274.105 274.105
825 274.105 274.105
826 274.105 274.105
827 274.105 274.105
828 274.105 274.105
829 274.105 274.105
830 274.105 274.105
831 274.105 274.105
832 274.105 274.105
833 274.105 274.105
834 274.105 274.105
835 274.105 274.105
836 274.105 274.105
837 274.105 274.105
838 274.105 274.105
839 274.105 274.105
840 274.105 274.105
841 274.105 274.105
842 274.105 274.105
843 274.105 274.105
844 274.105 274.105
845 274.105 274.105
846 274.105 274.105
847 274.105 274.105
848 274.105 274.105
849 274.105 274.105
850 274.105 274.105
851 274.105 274.105
852 274.105 274.105
853 274.105 274.105
854 274.105 274.105
855 274.105 274.105
856 274.105 274.105
857 274.105 274.105
858 274.105 274.105
859 274.105 274.105
860 274.105 274.105
861 274.105 274.105
862 274.105 274.105
863 274.105 274.105
864 274.105 274.105
865 274.105 274.105
866 274.105 274.105
867 274.105 274.105
868 274.105 274.105
869 274.105 274.105
870 274.105 274.105
871 274.105 274.105
872 274.105 274.105
873 274.105 274.105
874 274.105 274.105
875 274.105 274.105
876 274.105 274.105
877 274.105 274.105
878 274.105 274.105
879 274.105 274.105
880 274.105 274.105
881 274.105 274.105
882 274.105 274.105
883 274.105 274.105
884 274.105 274.105
885 274.105 274.105
886 274.105 274.105
887 274.105 274.105
888 274.105 274.105
889 274.105 274.105
890 274.105 274.105
891 274.105 274.105
892 274.105 274.105
893 274.105 274.105
894 274.105 274.105
895 274.105 274.105
896 274.105 274.105
897 274.105 274.105
898 274.105 274.105
899 274.105 274.105
900 274.105 274.105
901 274.105 274.105
902 274.105 274.105
903 274.105 274.105
904 274.105 274.105
905 274.105 274.105
906 274.105 274.105
907 274.105 274.105
908 274.105 274.105
909 274.105 274.105
910 274.105 274.105
911 274.105 274.105
912 274.105 274.105
913 274.105 274.105
914 274.105 274.105
915 274.105 274.105
916 274.105 274.105
917 274.105 274.105
918 274.105 274.105
919 274.105 274.105
920 274.105 274.105
921 274.105 274.105
922 274.105 274.105
923 274.105 274.105
924 274.105 274.105
925 274.105 274.105
926 274.105 274.105
927 274.105 274.105
928 274.105 274.105
929 274.105 274.105
930 274.105 274.105
931 274.105 274.105
932 274.105 274.105
933 274.105 274.105
934 274.105 274.105
935 274.105 274.105
936 274.105 274.105
937 274.105 274.105
938 274.105 274.105
939 274.105 274.105
940 274.105 274.105
941 274.105 274.105
942 274.105 274.105
943 274.105 274.105
944 274.105 274.105
945 274.105 274.105
946 274.105 274.105
947 274.105 274.105
948 274.105 274.105
949 274.105 274.105
950 274.105 274.105
951 274.105 274.105
952 274.105 274.105
953 274.105 274.105
954 274.105 274.105
955 274.105 274.105
956 274.105 274.105
957 274.105 274.105
958 274.105 274.105
959 274.105 274.105
960 274.105 274.105
961 274.105 274.105
962 274.105 274.105
963 274.105 274.105
964 274.105 274.105
965 274.105 274.105
966 274.105 274.105
967 274.105 274.105
968 274.105 274.105
969 274.105 274.105
970 274.105 274.105
971 274.105 274.105
972 274.105 274.105
973 274.105 274.105
974 274.105 274.105
975 274.105 274.105
976 274.105 274.105
977 274.105 274.105
978 274.105 274.105
979 274.105 274.105
980 274.105 274.105
981 274.105 274.105
982 274.105 274.105
983 274.105 274.105
984 274.105 274.105
985 274.105 274.105
986 274.105 274.105
987 274.105 274.105
988 274.105 274.105
989 274.105 274.105
990 274.105 274.105
991 274.105 274.105
992 274.105 274.105
993 274.105 274.105
994 274.105 274.105
995 274.105 274.105
996 274.105 274.105
997 274.105 274.105
998 274.105 274.105
999 274.105 274.105
1000 274.105 274.105
1001 274.105 274.105
1002 274.105 274.105
1003 274.105 274.105
1004 274.105 274.105
1005 274.105 274.105
1006 274.105 274.105
1007 274.105 274.105
1008 274.105 274.105
1009 274.105 274.105
1010 274.105 274.105
1011 274.105 274.105
1012 274.105 274.105
1013 274.105 274.105
1014 274.105 274.105
1015 274.105 274.105
1016 274.105 274.105
1017 274.105 274.105
1018 274.105 274.105
1019 274.105 274.105
1020 274.105 274.105
1021 274.105 274.105
1022 274.105 274.105
1023 274.105 274.105
1024 274.105 274.105
1025 274.105 274.105
1026 274.105 274.105
1027 274.105 274.105
1028 274.105 274.105
1029 274.105 274.105
1030 274.105 274.105
1031 274.105 274.105
1032 274.105 274.105
1033 274.105 274.105
1034 274.105 274.105
1035 274.105 274.105
1036 274.105 274.105
1037 274.105 274.105
1038 274.105 274.105
1039 274.105 274.105
1040 274.105 274.105
1041 274.105 274.105
1042 274.105 274.105
1043 274.105 274.105
1044 274.105 274.105
1045 274.105 274.105
1046 274.105 274.105
1047 274.105 274.105
1048 274.105 274.105
1049 274.105 274.105
1050 274.105 274.105
1051 274.105 274.105
1052 274.105 274.105
1053 274.105 274.105
1054 274.105 274.105
1055 274.105 274.105
1056 274.105 274.105
1057 274.105 274.105
1058 274.105 274.105
1059 274.105 274.105
1060 274.105 274.105
1061 274.105 274.105
1062 274.105 274.105
1063 274.105 274.105
1064 274.105 274.105
1065 274.105 274.105
1066 274.105 274.105
1067 274.105 274.105
1068 274.105 274.105
1069 274.105 274.105
1070 274.105 274.105
1071 274.105 274.105
1072 274.105 274.105
1073 274.105 274.105
1074 274.105 274.105
1075 274.105 274.105
1076 274.105 274.105
1077 274.105 274.105
1078 274.105 274.105
1079 274.105 274.105
1080 274.105 274.105
1081 274.105 274.105
1082 274.105 274.105
1083 274.105 274.105
1084 274.105 274.105
1085 274.105 274.105
1086 274.105 274.105
1087 274.105 274.105
1088 274.105 274.105
1089 274.105 274.105
1090 274.105 274.105
1091 274.105 274.105
1092 274.105 274.105
1093 274.105 274.105
1094 274.105 274.105
1095 274.105 274.105
1096 274.105 274.105
1097 274.105 274.105
1098 274.105 274.105
1099 274.105 274.105
1100 274.105 274.105
1101 274.105 274.105
1102 274.105 274.105
1103 274.105 274.105
1104 274.105 274.105
1105 274.105 274.105
1106 274.105 274.105
1107 274.105 274.105
1108 274.105 274.105
1109 274.105 274.105
1110 274.105 274.105
1111 274.105 274.105
1112 274.105 274.105
1113 274.105 274.105
1114 274.105 274.105
1115 274.105 274.105
1116 274.105 274.105
1117 274.105 274.105
1118 274.105 274.105
1119 274.105 274.105
1120 274.105 274.105
1121 274.105 274.105
1122 274.105 274.105
1123 274.105 274.105
1124 274.105 274.105
1125 274.105 274.105
1126 274.105 274.105
1127 274.105 274.105
1128 274.105 274.105
1129 274.105 274.105
1130 274.105 274.105
1131 274.105 274.105
1132 274.105 274.105
1133 274.105 274.105
1134 274.105 274.105
1135 274.105 274.105
1136 274.105 274.105
1137 274.105 274.105
1138 274.105 274.105
1139 274.105 274.105
1140 274.105 274.105
1141 274.105 274.105
1142 274.105 274.105
1143 274.105 274.105
1144 274.105 274.105
1145 274.105 274.105
1146 274.105 274.105
1147 274.105 274.105
1148 274.105 274.105
1149 274.105 274.105
1150 274.105 274.105
1151 274.105 274.105
1152 274.105 274.105
1153 274.105 274.105
1154 274.105 274.105
1155 274.105 274.105
1156 274.105 274.105
1157 274.105 274.105
1158 274.105 274.105
1159 274.105 274.105
1160 274.105 274.105
1161 274.105 274.105
1162 274.105 274.105
1163 274.105 274.105
1164 274.105 274.105
1165 274.105 274.105
1166 274.105 274.105
1167 274.105 274.105
1168 274.105 274.105
1169 274.105 274.105
1170 274.105 274.105
1171 274.105 274.105
1172 274.105 274.105
1173 274.105 274.105
1174 274.105 274.105
1175 274.105 274.105
1176 274.105 274.105
1177 274.105 274.105
1178 274.105 274.105
1179 274.105 274.105
1180 274.105 274.105
1181 274.105 274.105
1182 274.105 274.105
1183 274.105 274.105
1184 274.105 274.105
1185 274.105 274.105
1186 274.105 274.105
1187 274.105 274.105
1188 274.105 274.105
1189 274.105 274.105
1190 274.105 274.105
1191 274.105 274.105
1192 274.105 274.105
1193 274.105 274.105
1194 274.105 274.105
1195 274.105 274.105
1196 274.105 274.105
1197 274.105 274.105
1198 274.105 274.105
1199 274.105 274.105
1200 274.105 274.105
1201 274.105 274.105
1202 274.105 274.105
1203 274.105 274.105
1204 274.105 274.105
1205 274.105 274.105
1206 274.105 274.105
1207 274.105 274.105
1208 274.105 274.105
1209 274.105 274.105
1210 274.105 274.105
1211 274.105 274.105
1212 274.105 274.105
1213 274.105 274.105
1214 274.105 274.105
1215 274.105 274.105
1216 274.105 274.105
1217 274.105 274.105
1218 274.105 274.105
1219 274.105 274.105
1220 274.105 274.105
1221 274.105 274.105
1222 274.105 274.105
1223 274.105 274.105
1224 274.105 274.105
1225 274.105 274.105
1226 274.105 274.105
1227 274.105 274.105
1228 274.105 274.105
1229 274.105 274.105
1230 274.105 274.105
1231 274.105 274.105
1232 274.105 274.105
1233 274.105 274.105
1234 274.105 274.105
1235 274.105 274.105
1236 274.105 274.105
1237 274.105 274.105
1238 274.105 274.105
1239 274.105 274.105
1240 274.105 274.105
1241 274.105 274.105
1242 274.105 274.105
1243 274.105 274.105
1244 274.105 274.105
1245 274.105 274.105
1246 274.105 274.105
1247 274.105 274.105
1248 274.105 274.105
1249 274.105 274.105
1250 274.105 274.105
1251 274.105 274.105
1252 274.105 274.105
1253 274.105 274.105
1254 274.105 274.105
1255 274.105 274.105
1256 274.105 274.105
1257 274.105 274.105
1258 274.105 274.105
1259 274.105 274.105
1260 274.105 274.105
1261 274.105 274.105
1262 274.105 274.105
1263 274.105 274.105
1264 274.105 274.105
1265 274.105 274.105
1266 274.105 274.105
1267 274.105 274.105
1268 274.105 274.105
1269 274.105 274.105
1270 274.105 274.105
1271 274.105 274.105
1272 274.105 274.105
1273 274.105 274.105
1274 274.105 274.105
1275 274.105 274.105
1276 274.105 274.105
1277 274.105 274.105
1278 274.105 274.105
1279 274.105 274.105
1280 274.105 274.105
1281 274.105 274.105
1282 274.105 274.105
1283 274.105 274.105
1284 274.105 274.105
1285 274.105 274.105
1286 274.105 274.105
1287 274.105 274.105
1288 274.105 274.105
1289 274.105 274.105
1290 274.105 274.105
1291 273.54 274.099
1292 273.54 274.077
1293 273.54 274.026
1294 273.54 273.89
1295 273.54 273.653
1296 273.54 273.54
1297 273.54 273.54
1298 273.54 273.54
1299 273.54 273.54
1300 273.54 273.54
1301 273.54 273.54
1302 273.54 273.54
1303 273.54 273.54
1304 273.54 273.54
1305 273.54 273.54
1306 273.54 273.54
1307 273.54 273.54
1308 273.54 273.54
1309 273.54 273.54
1310 273.54 273.54
1311 273.54 273.54
1312 273.54 273.54
1313 273.54 273.54
1314 273.54 273.54
1315 273.54 273.54
1316 273.54 273.54
1317 273.54 273.54
1318 273.54 273.54
1319 273.54 273.54
1320 273.54 273.54
1321 273.54 273.54
1322 273.54 273.54
1323 273.54 273.54
1324 273.54 273.54
1325 273.54 273.54
1326 273.54 273.54
1327 273.54 273.54
1328 273.54 273.54
1329 273.54 273.54
1330 273.54 273.54
1331 273.54 273.54
1332 273.54 273.54
1333 273.54 273.54
1334 273.54 273.54
1335 273.54 273.54
1336 273.54 273.54
1337 273.54 273.54
1338 273.54 273.54
1339 273.54 273.54
1340 273.54 273.54
1341 273.54 273.54
1342 273.54 273.54
1343 273.54 273.54
1344 273.54 273.54
1345 273.54 273.54
1346 273.54 273.54
1347 273.54 273.54
1348 273.54 273.54
1349 273.54 273.54
1350 273.54 273.54
1351 273.54 273.54
1352 273.54 273.54
1353 273.54 273.54
1354 273.54 273.54
1355 273.54 273.54
1356 273.54 273.54
1357 273.54 273.54
1358 273.54 273.54
1359 273.54 273.54
1360 273.54 273.54
1361 273.54 273.54
1362 273.54 273.54
1363 273.54 273.54
1364 273.54 273.54
1365 273.54 273.54
1366 273.54 273.54
1367 273.54 273.54
1368 273.54 273.54
1369 273.54 273.54
1370 273.54 273.54
1371 273.54 273.54
1372 273.54 273.54
1373 273.54 273.54
1374 273.54 273.54
1375 273.54 273.54
1376 273.54 273.54
1377 273.54 273.54
1378 273.54 273.54
1379 273.54 273.54
1380 273.54 273.54
1381 273.54 273.54
1382 273.54 273.54
1383 273.54 273.54
1384 273.54 273.54
1385 273.54 273.54
1386 273.54 273.54
1387 273.54 273.54
1388 273.54 273.54
1389 273.54 273.54
1390 273.54 273.54
1391 273.54 273.54
1392 273.54 273.54
1393 273.54 273.54
1394 273.54 273.54
1395 273.54 273.54
1396 273.54 273.54
1397 273.54 273.54
1398 273.54 273.54
1399 273.54 273.54
1400 273.54 273.54
1401 273.54 273.54
1402 273.54 273.54
1403 273.54 273.54
1404 273.54 273.54
1405 273.54 273.54
1406 273.54 273.54
1407 273.54 273.54
1408 273.54 273.54
1409 273.54 273.54
1410 273.54 273.54
1411 273.54 273.54
1412 273.54 273.54
1413 273.54 273.54
1414 273.54 273.54
1415 273.54 273.54
1416 273.54 273.54
1417 273.54 273.54
1418 273.54 273.54
1419 273.54 273.54
1420 273.54 273.54
1421 273.54 273.54
1422 273.54 273.54
1423 273.54 273.54
1424 273.54 273.54
1425 273.54 273.54
1426 273.54 273.54
1427 273.54 273.54
1428 273.54 273.54
1429 273.54 273.54
1430 273.54 273.54
1431 273.54 273.54
1432 273.54 273.54
1433 273.54 273.54
1434 273.54 273.54
1435 273.54 273.54
1436 273.54 273.54
1437 273.54 273.54
1438 273.54 273.54
1439 273.54 273.54
1440 273.54 273.54
1441 273.54 273.54
1442 273.54 273.54
1443 273.54 273.54
1444 273.54 273.54
1445 273.54 273.54
1446 273.54 273.54
1447 273.54 273.54
1448 273.54 273.54
1449 273.54 273.54
1450 273.54 273.54
1451 273.54 273.54
1452 273.54 273.54
1453 273.54 273.54
1454 273.54 273.54
1455 273.54 273.54
1456 273.54 273.54
1457 273.54 273.54
1458 273.54 273.54
1459 273.54 273.54
1460 273.54 273.54
1461 273.54 273.54
1462 273.54 273.54
1463 273.54 273.54
1464 273.54 273.54
1465 273.54 273.54
1466 273.54 273.54
1467 273.54 273.54
1468 273.54 273.54
1469 273.54 273.54
1470 273.54 273.54
1471 273.54 273.54
1472 273.54 273.54
1473 273.54 273.54
1474 273.54 273.54
1475 273.54 273.54
1476 273.54 273.54
1477 273.54 273.54
1478 273.54 273.54
1479 273.54 273.54
1480 273.54 273.54
1481 273.54 273.54
1482 273.54 273.54
1483 273.54 273.54
1484 273.54 273.54
1485 273.54 273.54
1486 273.54 273.54
1487 273.54 273.54
1488 273.54 273.54
1489 273.54 273.54
1490 273.54 273.54
1491 273.54 273.54
1492 273.54 273.54
1493 273.54 273.54
1494 273.54 273.54
1495 273.54 273.54
1496 273.54 273.54
1497 273.54 273.54
1498 273.54 273.54
1499 273.54 273.54
1500 273.54 273.54
1501 273.54 273.54
1502 273.54 273.54
1503 273.54 273.54
1504 273.54 273.54
1505 273.54 273.54
1506 273.54 273.54
1507 273.54 273.54
1508 273.54 273.54
1509 273.54 273.54
1510 273.54 273.54
1511 273.54 273.54
1512 273.54 273.54
1513 273.54 273.54
1514 273.54 273.54
1515 273.54 273.54
1516 273.54 273.54
1517 273.54 273.54
1518 273.54 273.54
1519 273.54 273.54
1520 273.54 273.54
1521 273.54 273.54
1522 273.54 273.54
1523 273.54 273.54
1524 273.54 273.54
1525 273.54 273.54
1526 273.54 273.54
1527 273.54 273.54
1528 273.54 273.54
1529 273.54 273.54
1530 273.54 273.54
1531 273.54 273.54
1532 273.54 273.54
1533 273.54 273.54
1534 273.54 273.54
1535 273.54 273.54
1536 273.54 273.54
1537 273.54 273.54
1538 273.54 273.54
1539 273.54 273.54
1540 273.54 273.54
1541 273.54 273.54
1542 273.54 273.54
1543 273.54 273.54
1544 273.54 273.54
1545 273.54 273.54
1546 273.54 273.54
1547 273.54 273.54
1548 273.54 273.54
1549 273.54 273.54
1550 273.54 273.54
1551 273.54 273.54
1552 273.54 273.54
1553 273.54 273.54
1554 273.54 273.54
1555 273.54 273.54
1556 273.54 273.54
1557 273.54 273.54
1558 273.54 273.54
1559 273.54 273.54
1560 273.54 273.54
1561 273.54 273.54
1562 273.54 273.54
1563 273.54 273.54
1564 273.54 273.54
1565 273.54 273.54
1566 273.54 273.54
1567 273.54 273.54
1568 273.54 273.54
1569 273.54 273.54
1570 273.54 273.54
1571 273.54 273.54
1572 273.54 273.54
1573 273.54 273.54
1574 273.54 273.54
1575 273.54 273.54
1576 273.54 273.54
1577 273.54 273.54
1578 273.54 273.54
1579 273.54 273.54
1580 273.54 273.54
1581 273.54 273.54
1582 273.54 273.54
1583 273.54 273.54
1584 273.54 273.54
1585 273.54 273.54
1586 273.54 273.54
1587 273.54 273.54
1588 273.54 273.54
1589 273.54 273.54
1590 273.54 273.54
1591 273.54 273.54
1592 273.54 273.54
1593 273.54 273.54
1594 273.54 273.54
1595 273.54 273.54
1596 273.54 273.54
1597 273.54 273.54
1598 273.54 273.54
1599 273.54 273.54
1600 273.54 273.54
1601 273.54 273.54
1602 273.54 273.54
1603 273.54 273.54
1604 273.54 273.54
1605 273.54 273.54
1606 273.54 273.54
1607 273.54 273.54
1608 273.54 273.54
1609 273.54 273.54
1610 273.54 273.54
1611 273.54 273.54
1612 273.54 273.54
1613 273.54 273.54
1614 273.54 273.54
1615 273.54 273.54
1616 273.54 273.54
1617 273.54 273.54
1618 273.54 273.54
1619 273.54 273.54
1620 273.54 273.54
1621 273.54 273.54
1622 273.54 273.54
1623 273.54 273.54
1624 273.54 273.54
1625 273.54 273.54
1626 273.54 273.54
1627 273.54 273.54
1628 273.54 273.54
1629 273.54 273.54
1630 273.54 273.54
1631 273.54 273.54
1632 273.54 273.54
1633 273.54 273.54
1634 273.54 273.54
1635 273.54 273.54
1636 273.54 273.54
1637 273.54 273.54
1638 273.54 273.54
1639 273.54 273.54
1640 273.54 273.54
1641 273.54 273.54
1642 273.54 273.54
1643 273.54 273.54
1644 273.54 273.54
1645 273.54 273.54
1646 273.54 273.54
1647 273.54 273.54
1648 273.54 273.54
1649 273.54 273.54
1650 273.54 273.54
1651 273.54 273.54
1652 273.54 273.54
1653 273.54 273.54
1654 273.54 273.54
1655 273.54 273.54
1656 273.54 273.54
1657 273.54 273.54
1658 273.54 273.54
1659 273.54 273.54
1660 273.54 273.54
1661 273.54 273.54
1662 273.54 273.54
1663 273.54 273.54
1664 273.54 273.54
1665 273.54 273.54
1666 273.54 273.54
1667 273.54 273.54
1668 273.54 273.54
1669 273.54 273.54
1670 273.54 273.54
1671 273.54 273.54
1672 273.54 273.54
1673 273.54 273.54
1674 273.54 273.54
1675 273.54 273.54
1676 273.54 273.54
1677 273.54 273.54
1678 273.54 273.54
1679 273.54 273.54
1680 273.54 273.54
1681 273.54 273.54
1682 273.54 273.54
1683 273.54 273.54
1684 273.54 273.54
1685 273.54 273.54
1686 273.54 273.54
1687 273.54 273.54
1688 273.54 273.54
1689 273.54 273.54
1690 273.54 273.54
1691 273.54 273.54
1692 273.54 273.54
1693 273.54 273.54
1694 273.54 273.54
1695 273.54 273.54
1696 273.54 273.54
1697 273.54 273.54
1698 273.54 273.54
1699 273.54 273.54
1700 273.54 273.54
1701 273.54 273.54
1702 273.54 273.54
1703 273.54 273.54
1704 273.54 273.54
1705 273.54 273.54
1706 273.54 273.54
1707 273.54 273.54
1708 273.54 273.54
1709 273.54 273.54
1710 273.54 273.54
1711 273.54 273.54
1712 273.54 273.54
1713 273.54 273.54
1714 273.54 273.54
1715 273.54 273.54
1716 273.54 273.54
1717 273.54 273.54
1718 273.54 273.54
1719 273.54 273.54
1720 273.54 273.54
1721 273.54 273.54
1722 273.54 273.54
1723 273.54 273.54
1724 273.54 273.54
1725 273.54 273.54
1726 273.54 273.54
1727 273.54 273.54
1728 273.54 273.54
1729 273.54 273.54
1730 273.54 273.54
1731 273.54 273.54
1732 273.54 273.54
1733 273.54 273.54
1734 273.54 273.54
1735 273.54 273.54
1736 273.54 273.54
1737 273.54 273.54
1738 273.54 273.54
1739 273.54 273.54
1740 273.54 273.54
1741 273.54 273.54
1742 273.54 273.54
1743 273.54 273.54
1744 273.54 273.54
1745 273.54 273.54
1746 273.54 273.54
1747 273.54 273.54
1748 273.54 273.54
1749 273.54 273.54
1750 273.54 273.54
1751 273.54 273.54
1752 273.54 273.54
1753 273.54 273.54
1754 273.54 273.54
1755 273.54 273.54
1756 273.54 273.54
1757 273.54 273.54
1758 273.54 273.54
1759 273.54 273.54
1760 273.54 273.54
1761 273.54 273.54
1762 273.54 273.54
1763 273.54 273.54
1764 273.54 273.54
1765 273.54 273.54
1766 273.54 273.54
1767 273.54 273.54
1768 273.54 273.54
1769 273.54 273.54
1770 273.54 273.54
1771 273.54 273.54
1772 273.54 273.54
1773 273.54 273.54
1774 273.54 273.54
1775 273.54 273.54
1776 273.54 273.54
1777 273.54 273.54
1778 273.54 273.54
1779 273.54 273.54
1780 273.54 273.54
1781 273.54 273.54
1782 273.54 273.54
1783 273.54 273.54
1784 273.54 273.54
1785 273.54 273.54
1786 273.54 273.54
1787 273.54 273.54
1788 273.54 273.54
1789 273.54 273.54
1790 273.54 273.54
1791 273.54 273.54
1792 273.54 273.54
1793 273.54 273.54
1794 273.54 273.54
1795 273.54 273.54
1796 273.54 273.54
1797 273.54 273.54
1798 273.54 273.54
1799 273.54 273.54
1800 273.54 273.54
1801 273.54 273.54
1802 273.54 273.54
1803 273.54 273.54
1804 273.54 273.54
1805 273.54 273.54
1806 273.54 273.54
1807 273.54 273.54
1808 273.54 273.54
1809 273.54 273.54
1810 273.54 273.54
1811 273.54 273.54
1812 273.54 273.54
1813 273.54 273.54
1814 273.54 273.54
1815 273.54 273.54
1816 273.54 273.54
1817 273.54 273.54
1818 273.54 273.54
1819 273.54 273.54
1820 273.54 273.54
1821 273.54 273.54
1822 273.54 273.54
1823 273.54 273.54
1824 273.54 273.54
1825 273.54 273.54
1826 273.54 273.54
1827 273.54 273.54
1828 273.54 273.54
1829 273.54 273.54
1830 273.54 273.54
1831 273.54 273.54
1832 273.54 273.54
1833 273.54 273.54
1834 273.54 273.54
1835 273.54 273.54
1836 273.54 273.54
1837 273.54 273.54
1838 273.54 273.54
1839 273.54 273.54
1840 273.54 273.54
1841 273.54 273.54
1842 273.54 273.54
1843 273.54 273.54
1844 273.54 273.54
1845 273.54 273.54
1846 273.54 273.54
1847 273.54 273.54
1848 273.54 273.54
1849 273.54 273.54
1850 273.54 273.54
1851 273.54 273.54
1852 273.54 273.54
1853 273.54 273.54
1854 273.54 273.54
1855 273.54 273.54
1856 273.54 273.54
1857 273.54 273.54
1858 273.54 273.54
1859 273.54 273.54
1860 273.54 273.54
1861 273.54 273.54
1862 273.54 273.54
1863 273.54 273.54
1864 273.54 273.54
1865 273.54 273.54
1866 273.54 273.54
1867 273.54 273.54
1868 273.54 273.54
1869 273.54 273.54
1870 273.54 273.54
1871 273.54 273.54
1872 273.54 273.54
1873 273.54 273.54
1874 273.54 273.54
1875 273.54 273.54
1876 273.54 273.54
1877 273.54 273.54
1878 273.54 273.54
1879 273.54 273.54
1880 273.54 273.54
1881 273.54 273.54
1882 273.54 273.54
1883 273.54 273.54
1884 273.54 273.54
1885 273.54 273.54
1886 273.54 273.54
1887 273.54 273.54
1888 273.54 273.54
1889 273.54 273.54
1890 273.54 273.54
1891 273.54 273.54
1892 273.54 273.54
1893 273.54 273.54
1894 273.54 273.54
1895 273.54 273.54
1896 273.54 273.54
1897 273.54 273.54
1898 273.54 273.54
1899 273.54 273.54
1900 273.54 273.54
1901 273.54 273.54
1902 273.54 273.54
1903 273.54 273.54
1904 273.54 273.54
1905 273.54 273.54
1906 273.54 273.54
1907 273.54 273.54
1908 273.54 273.54
1909 273.54 273.54
1910 273.54 273.54
1911 273.54 273.54
1912 273.54 273.54
1913 273.54 273.54
1914 273.54 273.54
1915 273.54 273.54
1916 273.54 273.54
1917 273.54 273.54
1918 273.54 273.54
1919 273.54 273.54
1920 273.54 273.54
1921 273.54 273.54
1922 273.54 273.54
1923 273.54 273.54
1924 273.54 273.54
1925 273.54 273.54
1926 273.54 273.54
1927 273.54 273.54
1928 273.54 273.54
1929 273.54 273.54
1930 273.54 273.54
1931 273.54 273.54
1932 273.54 273.54
1933 273.54 273.54
1934 273.54 273.54
1935 273.54 273.54
1936 273.54 273.54
1937 273.54 273.54
1938 273.54 273.54
1939 273.54 273.54
1940 273.54 273.54
1941 273.54 273.54
1942 273.54 273.54
1943 273.54 273.54
1944 273.54 273.54
1945 273.54 273.54
1946 273.54 273.54
1947 273.54 273.54
1948 273.54 273.54
1949 273.54 273.54
1950 273.54 273.54
1951 273.54 273.54
1952 273.54 273.54
1953 273.54 273.54
1954 273.54 273.54
1955 273.54 273.54
1956 273.54 273.54
1957 273.54 273.54
1958 273.54 273.54
1959 273.54 273.54
1960 273.54 273.54
1961 273.54 273.54
1962 273.54 273.54
1963 273.54 273.54
1964 273.54 273.54
1965 273.54 273.54
1966 273.54 273.54
1967 273.54 273.54
1968 273.54 273.54
1969 273.54 273.54
1970 273.54 273.54
1971 273.54 273.54
1972 273.54 273.54
1973 273.54 273.54
1974 273.54 273.54
1975 273.54 273.54
1976 273.54 273.54
1977 273.54 273.54
1978 273.54 273.54
1979 273.54 273.54
1980 273.54 273.54
1981 273.54 273.54
1982 273.54 273.54
1983 273.54 273.54
1984 273.54 273.54
1985 273.54 273.54
1986 273.54 273.54
1987 273.54 273.54
1988 273.54 273.54
1989 273.54 273.54
1990 273.54 273.54
1991 273.54 273.54
1992 273.54 273.54
1993 273.54 273.54
1994 273.54 273.54
1995 273.54 273.54
1996 273.54 273.54
1997 273.54 273.54
1998 273.54 273.54
1999 273.54 273.54
2000 273.54 273.54
2001 273.54 273.54
2002 273.54 273.54
2003 273.54 273.54
2004 273.54 273.54
2005 273.54 273.54
2006 273.54 273.54
2007 273.54 273.54
2008 273.54 273.54
2009 273.54 273.54
2010 273.54 273.54
2011 273.54 273.54
2012 273.54 273.54
2013 273.54 273.54
2014 273.54 273.54
2015 273.54 273.54
2016 273.54 273.54
2017 273.54 273.54
2018 273.54 273.54
2019 273.54 273.54
2020 273.54 273.54
2021 273.54 273.54
2022 273.54 273.54
2023 273.54 273.54
2024 273.54 273.54
2025 273.54 273.54
2026 273.54 273.54
2027 273.54 273.54
2028 273.54 273.54
2029 273.54 273.54
2030 273.54 273.54
2031 273.54 273.54
2032 273.54 273.54
2033 273.54 273.54
2034 273.54 273.54
2035 273.54 273.54
2036 273.54 273.54
2037 273.54 273.54
2038 273.54 273.54
2039 273.54 273.54
2040 273.54 273.54
2041 273.54 273.54
2042 273.54 273.54
2043 273.54 273.54
2044 273.54 273.54
2045 273.54 273.54
2046 273.54 273.54
2047 273.54 273.54
2048 273.54 273.54
2049 273.54 273.54
2050 273.54 273.54
2051 273.54 273.54
2052 273.54 273.54
2053 273.54 273.54
2054 273.54 273.54
2055 273.54 273.54
2056 273.54 273.54
2057 273.54 273.54
2058 273.54 273.54
2059 273.54 273.54
2060 273.54 273.54
2061 273.54 273.54
2062 273.54 273.54
2063 273.54 273.54
2064 273.54 273.54
2065 273.54 273.54
2066 273.54 273.54
2067 273.54 273.54
2068 273.54 273.54
2069 273.54 273.54
2070 273.54 273.54
2071 273.54 273.54
2072 273.54 273.54
2073 273.54 273.54
2074 273.54 273.54
2075 273.54 273.54
2076 273.54 273.54
2077 273.54 273.54
2078 273.54 273.54
2079 273.54 273.54
2080 273.54 273.54
2081 273.54 273.54
2082 273.54 273.54
2083 273.54 273.54
2084 273.54 273.54
2085 273.54 273.54
2086 273.54 273.54
2087 273.54 273.54
2088 273.54 273.54
2089 273.54 273.54
2090 273.54 273.54
2091 273.54 273.54
2092 273.54 273.54
2093 273.54 273.54
2094 273.54 273.54
2095 273.54 273.54
2096 273.54 273.54
2097 273.54 273.54
2098 273.54 273.54
2099 273.54 273.54
2100 273.54 273.54
2101 273.54 273.54
2102 273.54 273.54
2103 273.54 273.54
2104 273.54 273.54
2105 273.54 273.54
2106 273.54 273.54
2107 273.54 273.54
2108 273.54 273.54
2109 273.54 273.54
2110 273.54 273.54
2111 273.54 273.54
2112 273.54 273.54
2113 273.54 273.54
2114 273.54 273.54
2115 273.54 273.54
2116 273.54 273.54
2117 273.54 273.54
2118 273.54 273.54
2119 273.54 273.54
2120 273.54 273.54
2121 273.54 273.54
2122 273.54 273.54
2123 273.54 273.54
2124 273.54 273.54
2125 273.54 273.54
2126 273.54 273.54
2127 273.54 273.54
2128 273.54 273.54
2129 273.54 273.54
2130 273.54 273.54
2131 273.54 273.54
2132 273.54 273.54
2133 273.54 273.54
2134 273.54 273.54
2135 273.54 273.54
2136 273.54 273.54
2137 273.54 273.54
2138 273.54 273.54
2139 273.54 273.54
2140 273.54 273.54
2141 273.54 273.54
2142 273.54 273.54
2143 273.54 273.54
2144 273.54 273.54
2145 273.54 273.54
2146 273.54 273.54
2147 273.54 273.54
2148 273.54 273.54
2149 273.54 273.54
2150 273.54 273.54
2151 273.54 273.54
2152 273.54 273.54
2153 273.54 273.54
2154 273.54 273.54
2155 273.54 273.54
2156 273.54 273.54
2157 273.54 273.54
2158 273.54 273.54
2159 273.54 273.54
2160 273.54 273.54
2161 273.54 273.54
2162 273.54 273.54
2163 273.54 273.54
2164 273.54 273.54
2165 273.54 273.54
2166 273.54 273.54
2167 273.54 273.54
2168 273.54 273.54
2169 273.54 273.54
2170 273.54 273.54
2171 273.54 273.54
2172 273.54 273.54
2173 273.54 273.54
2174 273.54 273.54
2175 273.54 273.54
2176 273.54 273.54
2177 273.54 273.54
2178 273.54 273.54
2179 273.54 273.54
2180 273.54 273.54
2181 273.54 273.54
2182 273.54 273.54
2183 273.54 273.54
2184 273.54 273.54
2185 273.54 273.54
2186 273.54 273.54
2187 273.54 273.54
2188 273.54 273.54
2189 273.54 273.54
2190 273.54 273.54
2191 273.54 273.54
2192 273.54 273.54
2193 273.54 273.54
2194 273.54 273.54
2195 273.54 273.54
2196 273.54 273.54
2197 273.54 273.54
2198 273.54 273.54
2199 273.54 273.54
2200 273.54 273.54
2201 273.54 273.54
2202 273.54 273.54
2203 273.54 273.54
2204 273.54 273.54
2205 273.54 273.54
2206 273.54 273.54
2207 273.54 273.54
2208 273.54 273.54
2209 273.54 273.54
2210 273.54 273.54
2211 273.54 273.54
2212 273.54 273.54
2213 273.54 273.54
2214 273.54 273.54
2215 273.54 273.54
2216 273.54 273.54
2217 273.54 273.54
2218 273.54 273.54
2219 273.54 273.54
2220 273.54 273.54
2221 273.54 273.54
2222 273.54 273.54
2223 273.54 273.54
2224 273.54 273.54
2225 273.54 273.54
2226 273.54 273.54
2227 273.54 273.54
2228 273.54 273.54
2229 273.54 273.54
2230 273.54 273.54
2231 273.54 273.54
2232 273.54 273.54
2233 273.54 273.54
2234 273.54 273.54
2235 273.54 273.54
2236 273.54 273.54
2237 273.54 273.54
2238 273.54 273.54
2239 273.54 273.54
2240 273.54 273.54
2241 273.54 273.54
2242 273.54 273.54
2243 273.54 273.54
2244 273.54 273.54
2245 273.54 273.54
2246 273.54 273.54
2247 273.54 273.54
2248 273.54 273.54
2249 273.54 273.54
2250 273.54 273.54
2251 273.54 273.54
2252 273.54 273.54
2253 273.54 273.54
2254 273.54 273.54
2255 273.54 273.54
2256 273.54 273.54
2257 273.54 273.54
2258 273.54 273.54
2259 273.54 273.54
2260 273.54 273.54
2261 273.54 273.54
2262 273.54 273.54
2263 273.54 273.54
2264 273.54 273.54
2265 273.54 273.54
2266 273.54 273.54
2267 273.54 273.54
2268 273.54 273.54
2269 273.54 273.54
2270 273.54 273.54
2271 273.54 273.54
2272 273.54 273.54
2273 273.54 273.54
2274 273.54 273.54
2275 273.54 273.54
2276 273.54 273.54
2277 273.54 273.54
2278 273.54 273.54
2279 273.54 273.54
2280 273.54 273.54
2281 273.54 273.54
2282 273.54 273.54
2283 273.54 273.54
2284 273.54 273.54
2285 273.54 273.54
2286 273.54 273.54
2287 273.54 273.54
2288 273.54 273.54
2289 273.54 273.54
2290 273.54 273.54
2291 273.54 273.54
2292 273.54 273.54
2293 273.54 273.54
2294 273.54 273.54
2295 273.54 273.54
2296 273.54 273.54
2297 273.54 273.54
2298 273.54 273.54
2299 273.54 273.54
2300 273.54 273.54
2301 273.54 273.54
2302 273.54 273.54
2303 273.54 273.54
2304 273.54 273.54
2305 273.54 273.54
2306 273.54 273.54
2307 273.54 273.54
2308 273.54 273.54
2309 273.54 273.54
2310 273.54 273.54
2311 273.54 273.54
2312 273.54 273.54
2313 273.54 273.54
2314 273.54 273.54
2315 273.54 273.54
2316 273.54 273.54
2317 273.54 273.54
2318 273.54 273.54
2319 273.54 273.54
2320 273.54 273.54
2321 273.54 273.54
2322 273.54 273.54
2323 273.54 273.54
2324 273.54 273.54
2325 273.54 273.54
2326 273.54 273.54
2327 273.54 273.54
2328 273.54 273.54
2329 273.54 273.54
2330 273.54 273.54
2331 273.54 273.54
2332 273.54 273.54
2333 273.54 273.54
2334 273.54 273.54
2335 273.54 273.54
2336 273.54 273.54
2337 273.54 273.54
2338 273.54 273.54
2339 273.54 273.54
2340 273.54 273.54
2341 273.54 273.54
2342 273.54 273.54
2343 273.54 273.54
2344 273.54 273.54
2345 273.54 273.54
2346 273.54 273.54
2347 273.54 273.54
2348 273.54 273.54
2349 273.54 273.54
2350 273.54 273.54
2351 273.54 273.54
2352 273.54 273.54
2353 273.54 273.54
2354 273.54 273.54
2355 273.54 273.54
2356 273.54 273.54
2357 273.54 273.54
2358 273.54 273.54
2359 273.54 273.54
2360 273.54 273.54
2361 273.54 273.54
2362 273.54 273.54
2363 273.54 273.54
2364 273.54 273.54
2365 273.54 273.54
2366 273.54 273.54
2367 273.54 273.54
2368 273.54 273.54
2369 273.54 273.54
2370 273.54 273.54
2371 273.54 273.54
2372 273.54 273.54
2373 273.54 273.54
2374 273.54 273.54
2375 273.54 273.54
2376 273.54 273.54
2377 273.54 273.54
2378 273.54 273.54
2379 273.54 273.54
2380 273.54 273.54
2381 273.54 273.54
2382 273.54 273.54
2383 273.54 273.54
2384 273.54 273.54
2385 273.54 273.54
2386 273.54 273.54
2387 273.54 273.54
2388 273.54 273.54
2389 273.54 273.54
2390 273.54 273.54
2391 273.54 273.54
2392 273.54 273.54
2393 273.54 273.54
2394 273.54 273.54
2395 273.54 273.54
2396 273.54 273.54
2397 273.54 273.54
2398 273.54 273.54
2399 273.54 273.54
2400 273.54 273.54
2401 273.54 273.54
2402 273.54 273.54
2403 273.54 273.54
2404 273.54 273.54
2405 273.54 273.54
2406 273.54 273.54
2407 273.54 273.54
2408 273.54 273.54
2409 273.54 273.54
2410 273.54 273.54
2411 273.54 273.54
2412 273.54 273.54
2413 273.54 273.54
2414 273.54 273.54
2415 273.54 273.54
2416 273.54 273.54
2417 273.54 273.54
2418 273.54 273.54
2419 273.54 273.54
2420 273.54 273.54
2421 273.54 273.54
2422 273.54 273.54
2423 273.54 273.54
2424 273.54 273.54
2425 273.54 273.54
2426 273.54 273.54
2427 273.54 273.54
2428 273.54 273.54
2429 273.54 273.54
2430 273.54 273.54
2431 273.54 273.54
2432 273.54 273.54
2433 273.54 273.54
2434 273.54 273.54
2435 273.54 273.54
2436 273.54 273.54
2437 273.54 273.54
2438 273.54 273.54
2439 273.54 273.54
2440 273.54 273.54
2441 273.54 273.54
2442 273.54 273.54
2443 273.54 273.54
2444 273.54 273.54
2445 273.54 273.54
2446 273.54 273.54
2447 273.54 273.54
2448 273.54 273.54
2449 273.54 273.54
2450 273.54 273.54
2451 273.54 273.54
2452 273.54 273.54
2453 273.54 273.54
2454 273.54 273.54
2455 273.54 273.54
2456 273.54 273.54
2457 273.54 273.54
2458 273.54 273.54
2459 273.54 273.54
2460 273.54 273.54
2461 273.54 273.54
2462 273.54 273.54
2463 273.54 273.54
2464 273.54 273.54
2465 273.54 273.54
2466 273.54 273.54
2467 273.54 273.54
2468 273.54 273.54
2469 273.54 273.54
2470 273.54 273.54
2471 273.54 273.54
2472 273.54 273.54
2473 273.54 273.54
2474 273.54 273.54
2475 273.54 273.54
2476 273.54 273.54
2477 273.54 273.54
2478 273.54 273.54
2479 273.54 273.54
2480 273.54 273.54
2481 273.54 273.54
2482 273.54 273.54
2483 273.54 273.54
2484 273.54 273.54
2485 273.54 273.54
2486 273.54 273.54
2487 273.54 273.54
2488 273.54 273.54
2489 273.54 273.54
2490 273.54 273.54
2491 273.54 273.54
2492 273.54 273.54
2493 273.54 273.54
2494 273.54 273.54
2495 273.54 273.54
2496 273.54 273.54
2497 273.54 273.54
2498 273.54 273.54
2499 273.54 273.54
