0 877.26 1005.27
1 833.289 934.749
2 785.628 898.438
3 785.628 862.168
4 710.984 836.312
5 701.117 815.388
6 696.197 799.077
7 696.197 779.817
8 694.618 751.402
9 694.618 736.499
10 669.613 724.291
11 669.613 721.091
12 662.919 712.685
13 662.919 710.049
14 662.919 708.396
15 661.442 687.679
16 658.704 681.269
17 647.786 675.97
18 647.637 670.851
19 640.127 665.429
20 637.087 656.317
21 613.062 649.663
22 584.111 638.914
23 571.205 626.148
24 571.205 610.154
25 542.124 605.152
26 541.764 590.506
27 521.353 568.962
28 495.186 551.358
29 495.186 536.975
30 493.963 526.902
31 486.771 511.246
32 485.615 508.045
33 485.593 497.382
34 485.593 489.89
35 485.593 488.599
36 473.253 487.473
37 472.781 486.451
38 456.326 483.731
39 456.326 480.835
40 456.326 480.203
41 454.217 468.161
42 433.285 465.707
43 432.853 455.511
44 432.853 451.034
45 432.853 443.12
46 422.598 434.279
47 422.598 431.93
48 422.598 430.481
49 421.451 427.714
50 421.451 423.756
51 417.201 423.8
52 417.201 423.065
53 409.687 424.445
54 409.687 421.71
55 409.687 418.084
56 409.687 415.29
57 409.687 414.213
58 409.687 410.938
59 409.687 409.981
60 409.687 409.687
61 407.847 409.669
62 402.647 409.484
63 400.807 408.215
64 393.805 405.7
65 393.805 401.846
66 389.107 398.428
67 389.107 395.415
68 389.107 392.364
69 389.107 390.37
70 389.107 389.16
71 388.133 389.097
72 383.435 388.557
73 382.419 386.284
74 382.419 384.219
75 382.419 383.09
76 382.419 382.643
77 382.419 382.45
78 382.419 382.419
79 382.419 382.419
80 382.419 382.419
81 382.419 382.419
82 377.975 382.375
83 377.975 382.15
84 376.838 381.027
85 373.19 380.573
86 373.448 380.897
87 371.163 379.567
88 367.68 379.909
89 367.68 379.006
90 367.68 376.671
91 367.68 376.617
92 367.68 374.638
93 364.985 371.806
94 364.469 368.542
95 364.469 367.498
96 364.469 367.22
97 364.469 366.811
98 363.628 365.62
99 360.682 365.327
100 360.682 364.059
101 360.682 363.37
102 360.682 362.159
103 360.682 361.44
104 360.682 360.682
105 360.682 360.682
106 360.682 360.682
107 360.682 360.682
108 360.682 360.682
109 359.908 360.667
110 359.908 360.582
111 359.908 360.38
112 359.908 360.047
113 359.908 359.908
114 359.908 359.908
115 359.908 359.908
116 359.908 359.908
117 359.908 359.908
118 357.145 359.88
119 357.145 359.659
120 357.145 358.803
121 357.145 357.825
122 354.056 357.1
123 355.741 357.131
124 355.741 357.385
125 355.741 356.921
126 355.741 356.485
127 355.741 356.12
128 355.741 355.783
129 355.741 355.741
130 352.432 355.708
131 350.068 355.501
132 350.068 354.88
133 343.397 353.371
134 343.397 352.38
135 343.397 351.587
136 343.397 349.72
137 343.397 349.13
138 343.397 351.492
139 343.397 347.493
140 343.397 345.016
141 343.397 343.397
142 343.397 343.397
143 343.397 343.397
144 343.24 343.396
145 343.24 343.392
146 343.24 343.364
147 343.24 343.293
148 343.24 343.24
149 342.84 343.236
150 342.84 343.204
151 342.84 343.116
152 342.84 342.973
153 341.996 342.831
154 341.996 342.732
155 341.996 342.491
156 341.996 342.166
157 341.996 341.996
158 341.996 341.996
159 341.996 341.996
160 341.996 341.996
161 340.552 341.981
162 340.552 341.909
163 340.552 341.794
164 340.552 341.707
165 340.552 341.351
166 340.552 340.68
167 340.552 340.552
168 340.552 340.552
169 340.552 340.552
170 340.552 340.552
171 340.552 340.552
172 340.119 340.547
173 340.119 340.517
174 338.779 340.413
175 338.347 340.162
176 338.347 339.64
177 337.702 338.753
178 337.269 338.343
179 337.269 337.963
180 336.654 337.574
181 333.403 337.149
182 333.403 336.755
183 333.403 335.755
184 333.403 334.334
185 333.403 333.552
186 333.403 333.403
187 333.403 333.403
188 332.899 333.398
189 332.899 333.383
190 332.899 333.282
191 332.899 333.131
192 332.899 332.981
193 332.899 332.9
194 332.899 332.9
195 332.899 332.899
196 329.564 332.865
197 329.564 332.561
198 329.564 331.491
199 329.564 330.024
200 328.428 329.552
201 328.428 329.473
202 328.428 329.2
203 324.202 328.772
204 324.202 328.264
205 324.202 327.146
206 324.202 325.596
207 324.202 324.202
208 324.202 324.202
209 324.202 324.202
210 324.202 324.202
211 322.976 324.179
212 322.976 324.057
213 321.862 323.849
214 321.862 323.32
215 321.862 322.663
216 321.396 322.262
217 321.396 321.82
218 321.396 321.722
219 321.396 321.535
220 321.396 321.396
221 321.396 321.396
222 321.396 321.396
223 321.396 321.396
224 321.396 321.396
225 320.474 321.386
226 319.643 321.315
227 319.643 321.029
228 319.643 320.447
229 316.294 319.791
230 316.294 319.103
231 316.294 317.809
232 316.294 316.331
233 316.294 316.294
234 312.518 316.256
235 311.508 316.246
236 311.508 317.331
237 311.508 319.64
238 314.882 321.887
239 314.882 320.638
240 314.882 322.863
241 314.882 324.499
242 314.882 323.751
243 314.882 321.413
244 313.339 318.976
245 314.882 318.142
246 313.953 316.405
247 313.953 315.193
248 313.953 315.804
249 313.953 314.627
250 313.953 314.189
251 313.953 313.986
252 313.953 313.953
253 313.953 313.953
254 313.953 313.953
255 313.953 313.953
256 313.953 313.953
257 313.953 313.953
258 313.953 313.953
259 313.953 313.953
260 313.953 313.953
261 313.953 313.953
262 313.953 313.953
263 313.953 313.953
264 313.953 313.953
265 313.953 313.953
266 313.953 313.953
267 313.953 313.953
268 313.953 313.953
269 313.953 313.953
270 313.953 313.953
271 313.953 313.953
272 313.953 313.953
273 313.953 313.953
274 313.953 313.953
275 313.953 313.953
276 313.953 313.953
277 313.953 313.953
278 313.953 313.953
279 313.953 313.953
280 313.953 313.953
281 313.953 313.953
282 313.953 313.953
283 313.953 313.953
284 313.255 313.946
285 313.255 313.848
286 313.255 313.604
287 313.255 313.409
288 313.255 313.255
289 313.255 313.255
290 313.255 313.255
291 313.255 313.255
292 313.255 313.255
293 313.255 313.255
294 313.255 313.255
295 313.255 313.255
296 313.255 313.255
297 313.255 313.255
298 313.255 313.255
299 313.255 313.255
300 313.255 313.255
301 313.255 313.255
302 313.213 313.255
303 313.213 313.249
304 313.213 313.236
305 312.023 313.212
306 312.023 313.111
307 312.023 312.82
308 312.023 312.57
309 312.023 312.331
310 312.023 312.035
311 312.023 312.023
312 312.023 312.023
313 312.023 312.023
314 312.023 312.023
315 312.023 312.023
316 312.023 312.023
317 312.023 312.023
318 312.023 312.023
319 312.023 312.023
320 312.023 312.023
321 312.023 312.023
322 312.023 312.023
323 312.023 312.023
324 312.023 312.023
325 312.023 312.023
326 312.023 312.023
327 312.023 312.023
328 312.023 312.023
329 310.881 312.009
330 310.881 311.942
331 310.881 311.674
332 310.801 311.21
333 310.675 310.933
334 310.675 310.858
335 310.675 310.818
336 309.69 310.761
337 309.69 310.512
338 309.69 310.219
339 309.69 310.068
340 309.69 309.843
341 309.69 309.69
342 309.69 309.69
343 309.69 309.69
344 309.69 309.69
345 309.69 309.69
346 309.69 309.69
347 309.69 309.69
348 309.69 309.69
349 309.69 309.69
350 309.645 309.69
351 309.645 309.687
352 309.645 309.679
353 309.645 309.666
354 309.645 309.652
355 309.645 309.645
356 309.645 309.645
357 309.645 309.645
358 309.645 309.645
359 309.645 309.645
360 309.645 309.645
361 309.645 309.645
362 309.645 309.645
363 309.645 309.645
364 309.645 309.645
365 309.645 309.645
366 309.645 309.645
367 309.645 309.645
368 309.645 309.645
369 309.645 309.645
370 309.645 309.645
371 309.645 309.645
372 309.645 309.645
373 309.645 309.645
374 309.645 309.645
375 309.645 309.645
376 309.645 309.645
377 309.645 309.645
378 309.645 309.645
379 309.645 309.645
380 309.645 309.645
381 309.645 309.645
382 309.645 309.645
383 309.645 309.645
384 309.645 309.645
385 309.645 309.645
386 309.645 309.645
387 309.645 309.645
388 309.645 309.645
389 309.645 309.645
390 309.645 309.645
391 309.645 309.645
392 309.645 309.645
393 309.645 309.645
394 309.645 309.645
395 309.645 309.645
396 309.645 309.645
397 309.645 309.645
398 309.645 309.645
399 309.645 309.645
400 309.645 309.645
401 309.645 309.645
402 309.645 309.645
403 309.645 309.645
404 309.645 309.645
405 308.754 309.637
406 306.177 309.539
407 306.177 308.935
408 305.285 307.593
409 305.285 306.067
410 305.285 305.692
411 305.285 305.389
412 305.285 305.294
413 305.285 305.285
414 305.285 305.285
415 305.285 305.285
416 305.285 305.285
417 305.285 305.285
418 305.285 305.285
419 305.285 305.285
420 305.285 305.285
421 305.285 305.285
422 305.285 305.285
423 305.285 305.285
424 305.285 305.285
425 305.285 305.285
426 302.392 305.256
427 302.392 305.169
428 302.392 304.756
429 300.037 305.262
430 300.037 305.244
431 300.037 303.748
432 300.037 304.485
433 300.037 303.144
434 300.037 302.181
435 297.841 300.537
436 297.841 299.752
437 297.841 299.401
438 297.841 298.698
439 297.841 298.134
440 297.841 297.841
441 297.841 297.841
442 297.841 297.841
443 297.841 297.841
444 297.841 297.841
445 297.841 297.841
446 297.841 297.841
447 297.841 297.841
448 297.841 297.841
449 297.841 297.841
450 297.841 297.841
451 297.841 297.841
452 297.841 297.841
453 297.841 297.841
454 297.841 297.841
455 297.841 297.841
456 297.841 297.841
457 297.841 297.841
458 297.841 297.841
459 297.841 297.841
460 297.841 297.841
461 297.841 297.841
462 297.841 297.841
463 297.841 297.841
464 297.841 297.841
465 297.841 297.841
466 297.841 297.841
467 297.841 297.841
468 297.841 297.841
469 297.841 297.841
470 297.841 297.841
471 297.841 297.841
472 297.841 297.841
473 297.841 297.841
474 297.841 297.841
475 297.841 297.841
476 297.841 297.841
477 297.841 297.841
478 297.841 297.841
479 297.841 297.841
480 297.841 297.841
481 297.841 297.841
482 297.841 297.841
483 297.841 297.841
484 297.841 297.841
485 297.841 297.841
486 297.841 297.841
487 297.841 297.841
488 297.841 297.841
489 297.841 297.841
490 297.841 297.841
491 297.841 297.841
492 297.841 297.841
493 297.841 297.841
494 297.841 297.841
495 297.841 297.841
496 297.841 297.841
497 297.841 297.841
498 297.841 297.841
499 297.841 297.841
500 297.841 297.841
501 297.841 297.841
502 297.841 297.841
503 297.841 297.841
504 297.841 297.841
505 297.841 297.841
506 297.841 297.841
507 297.841 297.841
508 297.82 297.841
509 297.82 297.839
510 297.82 297.833
511 297.82 297.827
512 297.82 297.82
513 297.82 297.82
514 297.82 297.82
515 297.82 297.82
516 297.82 297.82
517 297.82 297.82
518 297.82 297.82
519 297.82 297.82
520 297.82 297.82
521 297.82 297.82
522 297.82 297.82
523 297.82 297.82
524 297.82 297.82
525 297.82 297.82
526 297.82 297.82
527 297.82 297.82
528 297.82 297.82
529 297.82 297.82
530 297.82 297.82
531 297.82 297.82
532 297.82 297.82
533 297.82 297.82
534 297.82 297.82
535 297.82 297.82
536 297.82 297.82
537 297.82 297.82
538 297.82 297.82
539 297.82 297.82
540 297.82 297.82
541 297.82 297.82
542 297.82 297.82
543 297.82 297.82
544 297.82 297.82
545 297.82 297.82
546 297.82 297.82
547 297.82 297.82
548 297.82 297.82
549 297.82 297.82
550 297.82 297.82
551 297.82 297.82
552 297.82 297.82
553 297.82 297.82
554 297.82 297.82
555 297.82 297.82
556 297.82 297.82
557 297.82 297.82
558 297.82 297.82
559 297.82 297.82
560 297.82 297.82
561 297.82 297.82
562 297.82 297.82
563 297.82 297.82
564 297.82 297.82
565 297.82 297.82
566 297.82 297.82
567 297.82 297.82
568 297.82 297.82
569 297.82 297.82
570 297.82 297.82
571 297.82 297.82
572 297.82 297.82
573 297.82 297.82
574 297.82 297.82
575 297.82 297.82
576 297.82 297.82
577 296.739 297.809
578 296.739 297.777
579 296.739 297.636
580 296.739 297.695
581 296.739 298.136
582 296.739 297.294
583 296.739 296.739
584 296.739 296.739
585 296.739 296.739
586 296.739 296.739
587 296.739 296.739
588 296.739 296.739
589 296.739 296.739
590 296.739 296.739
591 296.739 296.739
592 296.739 296.739
593 296.739 296.739
594 296.109 296.733
595 293.502 296.623
596 293.502 296.412
597 293.502 296.313
598 292.9 296.055
599 292.808 298.811
600 292.808 295.398
601 292.808 295.65
602 292.808 294.716
603 292.643 292.961
604 292.643 292.795
605 292.643 292.747
606 292.643 292.682
607 292.643 292.643
608 292.643 292.643
609 292.643 292.643
610 292.643 292.643
611 292.643 292.643
612 292.643 292.643
613 292.643 292.643
614 292.643 292.643
615 292.643 292.643
616 292.643 292.643
617 292.643 292.643
618 292.643 292.643
619 292.643 292.643
620 292.643 292.643
621 292.643 292.643
622 292.643 292.643
623 292.643 292.643
624 292.643 292.643
625 292.643 292.643
626 292.643 292.643
627 292.643 292.643
628 292.643 292.643
629 292.643 292.643
630 292.643 292.643
631 292.643 292.643
632 292.643 292.643
633 292.643 292.643
634 292.643 292.643
635 292.643 292.643
636 292.643 292.643
637 292.643 292.643
638 292.643 292.643
639 292.643 292.643
640 292.643 292.643
641 292.643 292.643
642 292.643 292.643
643 292.643 292.643
644 292.643 292.643
645 292.643 292.643
646 292.643 292.643
647 292.643 292.643
648 292.643 292.643
649 292.643 292.643
650 292.643 292.643
651 292.643 292.643
652 292.643 292.643
653 292.643 292.643
654 292.643 292.643
655 292.643 292.643
656 292.643 292.643
657 292.643 292.643
658 292.643 292.643
659 292.643 292.643
660 292.643 292.643
661 292.643 292.643
662 292.643 292.643
663 292.643 292.643
664 292.643 292.643
665 292.643 292.643
666 292.643 292.643
667 292.643 292.643
668 292.643 292.643
669 292.643 292.643
670 292.643 292.643
671 292.643 292.643
672 292.643 292.643
673 292.643 292.643
674 292.643 292.643
675 292.643 292.643
676 292.643 292.643
677 292.643 292.643
678 292.643 292.643
679 292.643 292.643
680 292.643 292.643
681 292.643 292.643
682 292.643 292.643
683 292.643 292.643
684 292.643 292.643
685 292.643 292.643
686 292.643 292.643
687 292.643 292.643
688 292.643 292.643
689 292.643 292.643
690 292.643 292.643
691 292.643 292.643
692 292.643 292.643
693 292.643 292.643
694 292.643 292.643
695 292.643 292.643
696 292.643 292.643
697 292.643 292.643
698 292.643 292.643
699 292.643 292.643
700 292.643 292.643
701 292.643 292.643
702 292.643 292.643
703 292.643 292.643
704 292.643 292.643
705 292.643 292.643
706 292.643 292.643
707 292.643 292.643
708 292.643 292.643
709 292.643 292.643
710 292.643 292.643
711 291.906 292.635
712 291.542 292.587
713 291.542 292.492
714 291.542 292.275
715 291.542 291.981
716 291.542 291.67
717 291.542 291.563
718 291.542 291.542
719 291.542 291.542
720 291.542 291.542
721 291.542 291.542
722 291.542 291.542
723 291.542 291.542
724 291.542 291.542
725 291.542 291.542
726 291.542 291.542
727 291.542 291.542
728 291.542 291.542
729 291.542 291.542
730 291.542 291.542
731 291.542 291.542
732 291.542 291.542
733 291.542 291.542
734 291.542 291.542
735 291.542 291.542
736 291.542 291.542
737 291.542 291.542
738 291.542 291.542
739 291.542 291.542
740 291.542 291.542
741 291.542 291.542
742 291.542 291.542
743 291.542 291.542
744 291.542 291.542
745 291.542 291.542
746 291.542 291.542
747 286.716 291.493
748 286.716 291.011
749 286.716 289.949
750 286.716 287.379
751 286.716 286.716
752 286.716 286.716
753 286.716 286.716
754 286.716 286.716
755 286.716 286.716
756 286.716 286.716
757 286.716 286.716
758 286.716 286.716
759 286.716 286.716
760 286.716 286.716
761 286.716 286.716
762 286.716 286.716
763 286.716 286.716
764 286.716 286.716
765 286.716 286.716
766 286.716 286.716
767 286.716 286.716
768 286.716 286.716
769 286.716 286.716
770 286.716 286.716
771 286.716 286.716
772 286.716 286.716
773 286.716 286.716
774 286.716 286.716
775 286.716 286.716
776 286.716 286.716
777 286.716 286.716
778 286.716 286.716
779 286.716 286.716
780 286.716 286.716
781 286.716 286.716
782 286.716 286.716
783 286.716 286.716
784 286.716 286.716
785 286.716 286.716
786 286.716 286.716
787 286.716 286.716
788 286.716 286.716
789 286.716 286.716
790 286.716 286.716
791 286.716 286.716
792 286.716 286.716
793 286.716 286.716
794 286.716 286.716
795 286.716 286.716
796 286.716 286.716
797 286.716 286.716
798 286.716 286.716
799 286.716 286.716
800 286.716 286.716
801 286.716 286.716
802 286.716 286.716
803 286.716 286.716
804 286.716 286.716
805 286.716 286.716
806 286.716 286.716
807 286.716 286.716
808 286.716 286.716
809 286.716 286.716
810 286.716 286.716
811 286.716 286.716
812 286.716 286.716
813 286.716 286.716
814 286.716 286.716
815 286.692 286.715
816 286.692 286.713
817 286.692 286.708
818 286.692 286.703
819 286.692 286.696
820 286.692 286.692
821 286.692 286.692
822 286.692 286.692
823 286.692 286.692
824 286.692 286.692
825 286.692 286.692
826 286.692 286.692
827 286.692 286.692
828 286.692 286.692
829 286.692 286.692
830 286.692 286.692
831 286.692 286.692
832 286.692 286.692
833 286.692 286.692
834 286.692 286.692
835 286.692 286.692
836 286.692 286.692
837 286.692 286.692
838 286.692 286.692
839 286.692 286.692
840 286.692 286.692
841 286.692 286.692
842 286.692 286.692
843 286.692 286.692
844 286.692 286.692
845 286.692 286.692
846 286.692 286.692
847 286.692 286.692
848 286.692 286.692
849 286.692 286.692
850 286.692 286.692
851 286.671 286.692
852 286.671 286.691
853 286.671 286.689
854 286.671 286.687
855 286.671 286.682
856 286.671 286.68
857 286.671 286.671
858 286.671 286.671
859 286.671 286.671
860 286.671 286.671
861 286.671 286.671
862 286.671 286.671
863 286.671 286.671
864 286.671 286.671
865 286.671 286.671
866 286.671 286.671
867 286.671 286.671
868 286.671 286.671
869 286.671 286.671
870 286.671 286.671
871 286.671 286.671
872 286.671 286.671
873 286.671 286.671
874 286.671 286.671
875 286.671 286.671
876 286.671 286.671
877 286.671 286.671
878 286.671 286.671
879 286.671 286.671
880 286.671 286.671
881 286.671 286.671
882 286.671 286.671
883 286.671 286.671
884 286.671 286.671
885 286.671 286.671
886 286.671 286.671
887 286.671 286.671
888 286.671 286.671
889 286.671 286.671
890 286.671 286.671
891 286.671 286.671
892 286.671 286.671
893 286.671 286.671
894 286.671 286.671
895 286.671 286.671
896 286.671 286.671
897 286.671 286.671
898 286.671 286.671
899 286.671 286.671
900 286.671 286.671
901 286.671 286.671
902 286.671 286.671
903 286.671 286.671
904 286.671 286.671
905 286.671 286.671
906 286.671 286.671
907 286.671 286.671
908 286.671 286.671
909 286.671 286.671
910 286.671 286.671
911 286.671 286.671
912 286.671 286.671
913 286.671 286.671
914 286.671 286.671
915 286.671 286.671
916 286.671 286.671
917 286.671 286.671
918 286.671 286.671
919 286.671 286.671
920 286.671 286.671
921 286.671 286.671
922 286.671 286.671
923 286.671 286.671
924 286.671 286.671
925 286.671 286.671
926 286.671 286.671
927 286.671 286.671
928 286.671 286.671
929 286.671 286.671
930 286.671 286.671
931 286.671 286.671
932 286.671 286.671
933 286.671 286.671
934 286.671 286.671
935 286.671 286.671
936 286.671 286.671
937 286.671 286.671
938 286.671 286.671
939 286.671 286.671
940 286.671 286.671
941 286.671 286.671
942 286.671 286.671
943 286.671 286.671
944 286.671 286.671
945 286.671 286.671
946 286.671 286.671
947 286.671 286.671
948 286.671 286.671
949 286.671 286.671
950 286.671 286.671
951 286.671 286.671
952 286.671 286.671
953 286.671 286.671
954 286.671 286.671
955 286.671 286.671
956 286.671 286.671
957 286.185 286.666
958 286.185 286.632
959 285.602 286.465
960 285.602 286.2
961 285.602 285.958
962 285.602 285.695
963 285.602 285.602
964 285.602 285.602
965 285.602 285.602
966 285.602 285.602
967 285.602 285.602
968 285.602 285.602
969 285.602 285.602
970 285.602 285.602
971 285.602 285.602
972 285.602 285.602
973 285.602 285.602
974 285.602 285.602
975 285.602 285.602
976 285.602 285.602
977 285.602 285.602
978 285.602 285.602
979 285.602 285.602
980 285.602 285.602
981 285.602 285.602
982 285.602 285.602
983 285.602 285.602
984 285.602 285.602
985 285.602 285.602
986 285.602 285.602
987 285.602 285.602
988 285.602 285.602
989 285.602 285.602
990 285.602 285.602
991 285.602 285.602
992 285.602 285.602
993 285.602 285.602
994 285.602 285.602
995 285.602 285.602
996 285.602 285.602
997 285.602 285.602
998 285.602 285.602
999 285.602 285.602
1000 285.602 285.602
1001 285.602 285.602
1002 285.602 285.602
1003 285.602 285.602
1004 285.602 285.602
1005 285.602 285.602
1006 285.602 285.602
1007 285.602 285.602
1008 285.602 285.602
1009 285.602 285.602
1010 285.602 285.602
1011 285.602 285.602
1012 285.602 285.602
1013 285.602 285.602
1014 285.602 285.602
1015 285.602 285.602
1016 285.602 285.602
1017 285.602 285.602
1018 285.602 285.602
1019 285.602 285.602
1020 285.602 285.602
1021 285.602 285.602
1022 285.602 285.602
1023 285.602 285.602
1024 285.602 285.602
1025 285.602 285.602
1026 285.602 285.602
1027 285.602 285.602
1028 285.602 285.602
1029 285.602 285.602
1030 285.602 285.602
1031 285.602 285.602
1032 285.602 285.602
1033 285.602 285.602
1034 285.602 285.602
1035 285.602 285.602
1036 285.602 285.602
1037 285.602 285.602
1038 285.602 285.602
1039 285.602 285.602
1040 285.602 285.602
1041 285.602 285.602
1042 285.602 285.602
1043 285.602 285.602
1044 285.602 285.602
1045 285.602 285.602
1046 285.602 285.602
1047 285.602 285.602
1048 285.602 285.602
1049 285.602 285.602
1050 285.602 285.602
1051 285.602 285.602
1052 285.602 285.602
1053 285.602 285.602
1054 285.602 285.602
1055 285.602 285.602
1056 285.602 285.602
1057 285.602 285.602
1058 285.602 285.602
1059 285.602 285.602
1060 285.602 285.602
1061 285.602 285.602
1062 285.602 285.602
1063 285.602 285.602
1064 285.602 285.602
1065 285.602 285.602
1066 285.602 285.602
1067 285.602 285.602
1068 285.602 285.602
1069 285.602 285.602
1070 285.602 285.602
1071 285.602 285.602
1072 285.602 285.602
1073 285.602 285.602
1074 285.602 285.602
1075 285.602 285.602
1076 285.602 285.602
1077 285.602 285.602
1078 285.602 285.602
1079 285.602 285.602
1080 285.602 285.602
1081 285.602 285.602
1082 285.602 285.602
1083 285.602 285.602
1084 285.602 285.602
1085 285.602 285.602
1086 285.602 285.602
1087 285.602 285.602
1088 285.602 285.602
1089 285.602 285.602
1090 285.602 285.602
1091 285.602 285.602
1092 285.602 285.602
1093 285.602 285.602
1094 285.602 285.602
1095 285.602 285.602
1096 285.602 285.602
1097 285.602 285.602
1098 285.602 285.602
1099 285.602 285.602
1100 285.602 285.602
1101 285.602 285.602
1102 285.602 285.602
1103 285.602 285.602
1104 285.602 285.602
1105 285.602 285.602
1106 285.602 285.602
1107 285.602 285.602
1108 285.602 285.602
1109 285.602 285.602
1110 285.602 285.602
1111 285.602 285.602
1112 285.602 285.602
1113 285.602 285.602
1114 285.602 285.602
1115 285.602 285.602
1116 285.602 285.602
1117 285.602 285.602
1118 285.602 285.602
1119 285.602 285.602
1120 285.602 285.602
1121 285.602 285.602
1122 285.602 285.602
1123 285.602 285.602
1124 285.602 285.602
1125 285.602 285.602
1126 285.602 285.602
1127 285.602 285.602
1128 285.602 285.602
1129 285.602 285.602
1130 285.602 285.602
1131 285.602 285.602
1132 285.602 285.602
1133 285.602 285.602
1134 285.602 285.602
1135 285.602 285.602
1136 285.602 285.602
1137 285.602 285.602
1138 285.602 285.602
1139 285.602 285.602
1140 285.602 285.602
1141 285.602 285.602
1142 285.602 285.602
1143 285.602 285.602
1144 285.602 285.602
1145 285.602 285.602
1146 285.602 285.602
1147 285.602 285.602
1148 285.602 285.602
1149 285.602 285.602
1150 285.602 285.602
1151 285.602 285.602
1152 285.602 285.602
1153 285.602 285.602
1154 285.602 285.602
1155 285.602 285.602
1156 285.602 285.602
1157 285.602 285.602
1158 285.602 285.602
1159 285.602 285.602
1160 285.602 285.602
1161 285.602 285.602
1162 285.602 285.602
1163 285.602 285.602
1164 285.602 285.602
1165 285.602 285.602
1166 285.602 285.602
1167 285.602 285.602
1168 285.602 285.602
1169 285.602 285.602
1170 285.602 285.602
1171 285.602 285.602
1172 285.602 285.602
1173 285.602 285.602
1174 285.602 285.602
1175 285.602 285.602
1176 285.602 285.602
1177 285.602 285.602
1178 285.602 285.602
1179 285.602 285.602
1180 285.602 285.602
1181 285.602 285.602
1182 285.602 285.602
1183 285.602 285.602
1184 285.602 285.602
1185 285.602 285.602
1186 285.602 285.602
1187 285.602 285.602
1188 285.602 285.602
1189 285.602 285.602
1190 285.602 285.602
1191 285.602 285.602
1192 285.602 285.602
1193 285.602 285.602
1194 285.602 285.602
1195 285.602 285.602
1196 285.602 285.602
1197 285.602 285.602
1198 285.602 285.602
1199 285.602 285.602
1200 285.602 285.602
1201 285.602 285.602
1202 285.602 285.602
1203 285.602 285.602
1204 285.602 285.602
1205 285.602 285.602
1206 285.602 285.602
1207 285.602 285.602
1208 285.602 285.602
1209 285.602 285.602
1210 285.602 285.602
1211 285.602 285.602
1212 285.602 285.602
1213 285.602 285.602
1214 285.602 285.602
1215 285.602 285.602
1216 285.602 285.602
1217 285.602 285.602
1218 285.602 285.602
1219 285.602 285.602
1220 285.602 285.602
1221 285.602 285.602
1222 285.602 285.602
1223 285.602 285.602
1224 285.602 285.602
1225 285.602 285.602
1226 285.602 285.602
1227 285.602 285.602
1228 285.602 285.602
1229 285.602 285.602
1230 285.602 285.602
1231 285.602 285.602
1232 285.602 285.602
1233 285.602 285.602
1234 285.602 285.602
1235 285.602 285.602
1236 285.602 285.602
1237 285.602 285.602
1238 285.602 285.602
1239 285.602 285.602
1240 285.602 285.602
1241 285.602 285.602
1242 285.602 285.602
1243 285.602 285.602
1244 285.602 285.602
1245 285.602 285.602
1246 285.602 285.602
1247 285.602 285.602
1248 285.602 285.602
1249 285.602 285.602
1250 285.602 285.602
1251 285.602 285.602
1252 285.602 285.602
1253 285.602 285.602
1254 285.602 285.602
1255 285.602 285.602
1256 285.602 285.602
1257 285.602 285.602
1258 285.602 285.602
1259 285.602 285.602
1260 285.602 285.602
1261 285.602 285.602
1262 285.602 285.602
1263 285.602 285.602
1264 285.602 285.602
1265 285.602 285.602
1266 285.602 285.602
1267 285.602 285.602
1268 285.602 285.602
1269 285.602 285.602
1270 285.602 285.602
1271 285.602 285.602
1272 285.602 285.602
1273 285.602 285.602
1274 285.602 285.602
1275 285.602 285.602
1276 285.602 285.602
1277 285.602 285.602
1278 285.602 285.602
1279 285.602 285.602
1280 285.602 285.602
1281 285.602 285.602
1282 285.602 285.602
1283 285.602 285.602
1284 285.602 285.602
1285 285.602 285.602
1286 285.602 285.602
1287 285.602 285.602
1288 285.602 285.602
1289 285.602 285.602
1290 285.602 285.602
1291 285.602 285.602
1292 285.602 285.602
1293 285.602 285.602
1294 285.602 285.602
1295 285.602 285.602
1296 285.602 285.602
1297 285.602 285.602
1298 285.602 285.602
1299 285.602 285.602
1300 285.602 285.602
1301 285.602 285.602
1302 285.602 285.602
1303 285.602 285.602
1304 285.602 285.602
1305 285.602 285.602
1306 285.602 285.602
1307 285.602 285.602
1308 285.602 285.602
1309 285.602 285.602
1310 285.602 285.602
1311 285.602 285.602
1312 285.602 285.602
1313 285.602 285.602
1314 285.602 285.602
1315 285.602 285.602
1316 285.602 285.602
1317 285.602 285.602
1318 285.602 285.602
1319 285.602 285.602
1320 285.602 285.602
1321 285.602 285.602
1322 285.602 285.602
1323 285.602 285.602
1324 285.602 285.602
1325 285.602 285.602
1326 285.602 285.602
1327 285.602 285.602
1328 285.602 285.602
1329 285.602 285.602
1330 285.602 285.602
1331 285.602 285.602
1332 285.602 285.602
1333 285.602 285.602
1334 285.602 285.602
1335 285.602 285.602
1336 285.602 285.602
1337 285.602 285.602
1338 285.602 285.602
1339 285.602 285.602
1340 285.602 285.602
1341 285.602 285.602
1342 285.602 285.602
1343 285.602 285.602
1344 285.602 285.602
1345 285.602 285.602
1346 285.602 285.602
1347 285.602 285.602
1348 285.602 285.602
1349 285.602 285.602
1350 285.602 285.602
1351 285.602 285.602
1352 285.602 285.602
1353 285.602 285.602
1354 285.602 285.602
1355 285.602 285.602
1356 285.602 285.602
1357 285.602 285.602
1358 285.602 285.602
1359 285.602 285.602
1360 285.602 285.602
1361 285.602 285.602
1362 285.602 285.602
1363 285.602 285.602
1364 285.602 285.602
1365 285.602 285.602
1366 285.602 285.602
1367 285.602 285.602
1368 285.602 285.602
1369 285.602 285.602
1370 285.602 285.602
1371 285.602 285.602
1372 285.602 285.602
1373 285.602 285.602
1374 285.602 285.602
1375 285.602 285.602
1376 285.602 285.602
1377 285.602 285.602
1378 285.602 285.602
1379 285.602 285.602
1380 285.602 285.602
1381 285.602 285.602
1382 285.602 285.602
1383 285.602 285.602
1384 285.602 285.602
1385 285.602 285.602
1386 285.602 285.602
1387 285.602 285.602
1388 285.602 285.602
1389 285.602 285.602
1390 285.602 285.602
1391 285.602 285.602
1392 285.602 285.602
1393 285.602 285.602
1394 285.602 285.602
1395 285.602 285.602
1396 285.602 285.602
1397 285.602 285.602
1398 285.602 285.602
1399 285.602 285.602
1400 285.602 285.602
1401 285.602 285.602
1402 285.602 285.602
1403 285.602 285.602
1404 285.602 285.602
1405 285.602 285.602
1406 285.602 285.602
1407 285.602 285.602
1408 285.602 285.602
1409 285.602 285.602
1410 285.602 285.602
1411 285.602 285.602
1412 285.602 285.602
1413 285.602 285.602
1414 285.602 285.602
1415 285.602 285.602
1416 285.602 285.602
1417 285.602 285.602
1418 285.602 285.602
1419 285.602 285.602
1420 285.602 285.602
1421 285.602 285.602
1422 285.602 285.602
1423 285.602 285.602
1424 285.602 285.602
1425 285.602 285.602
1426 285.602 285.602
1427 285.602 285.602
1428 285.602 285.602
1429 285.602 285.602
1430 285.602 285.602
1431 285.602 285.602
1432 285.602 285.602
1433 285.602 285.602
1434 285.602 285.602
1435 285.602 285.602
1436 285.602 285.602
1437 285.602 285.602
1438 285.602 285.602
1439 285.602 285.602
1440 285.602 285.602
1441 285.602 285.602
1442 285.602 285.602
1443 285.602 285.602
1444 285.602 285.602
1445 285.602 285.602
1446 285.602 285.602
1447 285.602 285.602
1448 285.602 285.602
1449 285.602 285.602
1450 285.602 285.602
1451 285.602 285.602
1452 285.602 285.602
1453 285.602 285.602
1454 285.602 285.602
1455 285.602 285.602
1456 285.602 285.602
1457 285.602 285.602
1458 285.602 285.602
1459 285.602 285.602
1460 285.602 285.602
1461 285.602 285.602
1462 285.602 285.602
1463 285.602 285.602
1464 285.602 285.602
1465 285.602 285.602
1466 285.602 285.602
1467 285.602 285.602
1468 285.602 285.602
1469 285.602 285.602
1470 285.602 285.602
1471 285.602 285.602
1472 285.602 285.602
1473 285.602 285.602
1474 285.602 285.602
1475 285.602 285.602
1476 285.602 285.602
1477 285.602 285.602
1478 285.602 285.602
1479 285.602 285.602
1480 285.602 285.602
1481 285.602 285.602
1482 285.602 285.602
1483 285.602 285.602
1484 285.602 285.602
1485 285.602 285.602
1486 285.602 285.602
1487 285.602 285.602
1488 285.602 285.602
1489 285.602 285.602
1490 285.602 285.602
1491 285.602 285.602
1492 285.602 285.602
1493 285.602 285.602
1494 285.602 285.602
1495 285.602 285.602
1496 285.602 285.602
1497 285.602 285.602
1498 285.602 285.602
1499 285.602 285.602
1500 285.602 285.602
1501 285.602 285.602
1502 285.602 285.602
1503 285.602 285.602
1504 285.602 285.602
1505 285.602 285.602
1506 285.602 285.602
1507 285.602 285.602
1508 285.602 285.602
1509 285.602 285.602
1510 285.602 285.602
1511 285.602 285.602
1512 285.602 285.602
1513 285.602 285.602
1514 285.602 285.602
1515 285.602 285.602
1516 285.602 285.602
1517 285.602 285.602
1518 285.602 285.602
1519 285.602 285.602
1520 285.602 285.602
1521 285.602 285.602
1522 285.602 285.602
1523 285.602 285.602
1524 285.602 285.602
1525 285.602 285.602
1526 285.602 285.602
1527 285.602 285.602
1528 285.602 285.602
1529 285.602 285.602
1530 285.602 285.602
1531 285.602 285.602
1532 285.602 285.602
1533 285.602 285.602
1534 285.602 285.602
1535 285.602 285.602
1536 285.602 285.602
1537 285.602 285.602
1538 285.602 285.602
1539 285.602 285.602
1540 285.602 285.602
1541 285.602 285.602
1542 285.602 285.602
1543 285.602 285.602
1544 285.602 285.602
1545 285.602 285.602
1546 285.602 285.602
1547 285.602 285.602
1548 285.602 285.602
1549 285.602 285.602
1550 285.602 285.602
1551 285.602 285.602
1552 285.602 285.602
1553 285.602 285.602
1554 285.602 285.602
1555 285.602 285.602
1556 285.602 285.602
1557 285.602 285.602
1558 285.602 285.602
1559 285.602 285.602
1560 285.602 285.602
1561 285.602 285.602
1562 285.602 285.602
1563 285.602 285.602
1564 285.602 285.602
1565 285.602 285.602
1566 285.602 285.602
1567 285.602 285.602
1568 285.602 285.602
1569 285.602 285.602
1570 285.602 285.602
1571 285.602 285.602
1572 283.692 285.583
1573 283.692 285.525
1574 283.692 285.43
1575 283.692 285.182
1576 283.692 284.685
1577 283.692 284.284
1578 283.692 283.692
1579 283.692 283.692
1580 281.674 283.672
1581 281.674 283.388
1582 281.674 282.904
1583 281.674 282.156
1584 281.674 281.693
1585 281.674 281.674
1586 281.674 281.674
1587 281.674 281.674
1588 281.674 281.674
1589 281.674 281.674
1590 281.674 281.674
1591 281.674 281.674
1592 281.674 281.674
1593 281.674 281.674
1594 281.674 281.674
1595 281.674 281.674
1596 281.674 281.674
1597 281.674 281.674
1598 281.674 281.674
1599 281.674 281.674
1600 281.674 281.674
1601 281.674 281.674
1602 281.674 281.674
1603 281.674 281.674
1604 281.674 281.674
1605 281.674 281.674
1606 281.674 281.674
1607 281.674 281.674
1608 281.674 281.674
1609 281.674 281.674
1610 281.674 281.674
1611 281.674 281.674
1612 281.674 281.674
1613 281.674 281.674
1614 281.674 281.674
1615 281.674 281.674
1616 281.674 281.674
1617 281.469 281.672
1618 281.469 281.656
1619 281.469 281.623
1620 281.469 281.567
1621 281.469 281.526
1622 281.469 281.475
1623 281.469 281.469
1624 281.469 281.469
1625 281.469 281.469
1626 281.469 281.469
1627 281.469 281.469
1628 281.469 281.469
1629 281.469 281.469
1630 281.469 281.469
1631 281.469 281.469
1632 281.469 281.469
1633 281.469 281.469
1634 281.469 281.469
1635 281.469 281.469
1636 281.469 281.469
1637 281.469 281.469
1638 281.469 281.469
1639 281.469 281.469
1640 281.469 281.469
1641 281.469 281.469
1642 281.469 281.469
1643 281.469 281.469
1644 281.469 281.469
1645 281.469 281.469
1646 281.469 281.469
1647 281.469 281.469
1648 281.469 281.469
1649 281.469 281.469
1650 281.469 281.469
1651 281.469 281.469
1652 281.469 281.469
1653 281.469 281.469
1654 281.469 281.469
1655 281.469 281.469
1656 281.469 281.469
1657 281.469 281.469
1658 281.469 281.469
1659 281.469 281.469
1660 281.469 281.469
1661 281.469 281.469
1662 281.469 281.469
1663 281.469 281.469
1664 281.469 281.469
1665 281.469 281.469
1666 281.469 281.469
1667 281.469 281.469
1668 281.469 281.469
1669 281.469 281.469
1670 279.804 281.452
1671 279.804 281.236
1672 279.804 280.836
1673 279.804 279.854
1674 279.804 279.804
1675 279.804 279.804
1676 279.804 279.804
1677 279.804 279.804
1678 279.804 279.804
1679 279.804 279.804
1680 279.804 279.804
1681 279.804 279.804
1682 279.804 279.804
1683 279.804 279.804
1684 279.804 279.804
1685 279.804 279.804
1686 279.804 279.804
1687 279.804 279.804
1688 279.804 279.804
1689 279.804 279.804
1690 279.804 279.804
1691 279.804 279.804
1692 279.076 279.797
1693 279.076 279.746
1694 279.076 279.448
1695 279.076 279.076
1696 279.076 279.076
1697 279.076 279.076
1698 279.076 279.076
1699 279.076 279.076
1700 279.076 279.076
1701 279.076 279.076
1702 279.076 279.076
1703 279.076 279.076
1704 279.076 279.076
1705 279.076 279.076
1706 279.076 279.076
1707 279.076 279.076
1708 279.076 279.076
1709 279.076 279.076
1710 279.076 279.076
1711 279.076 279.076
1712 279.076 279.076
1713 279.076 279.076
1714 279.076 279.076
1715 279.076 279.076
1716 279.076 279.076
1717 279.076 279.076
1718 279.076 279.076
1719 279.076 279.076
1720 279.076 279.076
1721 279.076 279.076
1722 279.076 279.076
1723 279.076 279.076
1724 279.076 279.076
1725 279.076 279.076
1726 279.076 279.076
1727 279.076 279.076
1728 279.076 279.076
1729 279.076 279.076
1730 279.076 279.076
1731 279.076 279.076
1732 279.076 279.076
1733 279.076 279.076
1734 279.076 279.076
1735 279.076 279.076
1736 279.076 279.076
1737 279.076 279.076
1738 279.076 279.076
1739 279.076 279.076
1740 279.076 279.076
1741 279.076 279.076
1742 279.076 279.076
1743 279.076 279.076
1744 279.076 279.076
1745 279.076 279.076
1746 279.076 279.076
1747 279.076 279.076
1748 279.076 279.076
1749 279.076 279.076
1750 279.076 279.076
1751 279.076 279.076
1752 279.076 279.076
1753 279.076 279.076
1754 279.076 279.076
1755 279.076 279.076
1756 279.076 279.076
1757 274.468 279.084
1758 274.468 279.962
1759 274.468 278.63
1760 274.468 277.289
1761 274.468 276.732
1762 274.468 275.013
1763 274.468 274.468
1764 274.468 274.468
1765 274.468 274.468
1766 274.468 274.468
1767 274.468 274.468
1768 274.468 274.468
1769 274.468 274.468
1770 274.468 274.468
1771 274.468 274.468
1772 274.468 274.468
1773 274.468 274.468
1774 274.468 274.468
1775 274.468 274.468
1776 274.468 274.468
1777 274.468 274.468
1778 274.468 274.468
1779 274.468 274.468
1780 274.468 274.468
1781 274.468 274.468
1782 274.468 274.468
1783 274.468 274.468
1784 273.903 274.462
1785 273.903 274.406
1786 273.903 274.225
1787 273.903 274.123
1788 273.903 274.01
1789 273.903 273.909
1790 273.903 273.903
1791 273.903 273.903
1792 273.903 273.903
1793 273.903 273.903
1794 273.903 273.903
1795 273.903 273.903
1796 273.903 273.903
1797 273.903 273.903
1798 273.903 273.903
1799 273.903 273.903
1800 273.903 273.903
1801 273.903 273.903
1802 273.903 273.903
1803 273.903 273.903
1804 273.903 273.903
1805 273.903 273.903
1806 273.903 273.903
1807 273.903 273.903
1808 273.903 273.903
1809 273.903 273.903
1810 273.903 273.903
1811 273.903 273.903
1812 273.903 273.903
1813 273.903 273.903
1814 273.903 273.903
1815 273.903 273.903
1816 273.903 273.903
1817 273.903 273.903
1818 273.903 273.903
1819 273.903 273.903
1820 273.903 273.903
1821 273.903 273.903
1822 273.903 273.903
1823 273.903 273.903
1824 273.903 273.903
1825 273.903 273.903
1826 273.903 273.903
1827 273.903 273.903
1828 273.903 273.903
1829 273.903 273.903
1830 273.903 273.903
1831 273.903 273.903
1832 273.903 273.903
1833 273.903 273.903
1834 273.903 273.903
1835 273.903 273.903
1836 273.903 273.903
1837 273.903 273.903
1838 273.903 273.903
1839 273.903 273.903
1840 273.903 273.903
1841 273.903 273.903
1842 273.903 273.903
1843 273.903 273.903
1844 273.903 273.903
1845 273.903 273.903
1846 273.903 273.903
1847 273.903 273.903
1848 273.903 273.903
1849 273.903 273.903
1850 273.903 273.903
1851 273.903 273.903
1852 273.903 273.903
1853 273.903 273.903
1854 273.903 273.903
1855 273.903 273.903
1856 273.903 273.903
1857 273.903 273.903
1858 273.903 273.903
1859 273.903 273.903
1860 273.903 273.903
1861 273.903 273.903
1862 273.903 273.903
1863 273.903 273.903
1864 273.903 273.903
1865 273.903 273.903
1866 273.903 273.903
1867 273.903 273.903
1868 273.903 273.903
1869 273.903 273.903
1870 273.903 273.903
1871 273.903 273.903
1872 273.903 273.903
1873 273.903 273.903
1874 273.903 273.903
1875 273.903 273.903
1876 273.903 273.903
1877 273.903 273.903
1878 273.903 273.903
1879 273.903 273.903
1880 273.903 273.903
1881 273.903 273.903
1882 273.903 273.903
1883 273.903 273.903
1884 273.903 273.903
1885 273.903 273.903
1886 273.903 273.903
1887 273.903 273.903
1888 273.903 273.903
1889 273.903 273.903
1890 273.903 273.903
1891 273.903 273.903
1892 273.903 273.903
1893 273.903 273.903
1894 273.903 273.903
1895 273.903 273.903
1896 273.903 273.903
1897 273.903 273.903
1898 273.903 273.903
1899 273.903 273.903
1900 273.903 273.903
1901 273.903 273.903
1902 273.903 273.903
1903 273.903 273.903
1904 273.903 273.903
1905 273.903 273.903
1906 273.903 273.903
1907 273.903 273.903
1908 273.903 273.903
1909 273.903 273.903
1910 273.903 273.903
1911 273.903 273.903
1912 273.903 273.903
1913 273.903 273.903
1914 273.903 273.903
1915 273.903 273.903
1916 273.903 273.903
1917 273.903 273.903
1918 273.903 273.903
1919 273.903 273.903
1920 273.903 273.903
1921 273.903 273.903
1922 273.903 273.903
1923 273.903 273.903
1924 273.903 273.903
1925 273.903 273.903
1926 273.903 273.903
1927 273.903 273.903
1928 273.903 273.903
1929 273.903 273.903
1930 273.903 273.903
1931 273.903 273.903
1932 273.903 273.903
1933 273.903 273.903
1934 273.903 273.903
1935 273.903 273.903
1936 273.903 273.903
1937 273.903 273.903
1938 273.903 273.903
1939 273.903 273.903
1940 273.903 273.903
1941 273.903 273.903
1942 273.903 273.903
1943 273.903 273.903
1944 273.903 273.903
1945 273.903 273.903
1946 273.903 273.903
1947 273.903 273.903
1948 273.903 273.903
1949 273.903 273.903
1950 273.903 273.903
1951 273.903 273.903
1952 273.903 273.903
1953 273.903 273.903
1954 273.903 273.903
1955 273.903 273.903
1956 273.903 273.903
1957 273.903 273.903
1958 273.903 273.903
1959 273.903 273.903
1960 273.903 273.903
1961 272.789 273.892
1962 272.789 273.736
1963 272.789 273.468
1964 272.789 273.145
1965 272.789 272.967
1966 272.789 272.933
1967 272.789 272.789
1968 272.789 272.789
1969 272.789 272.789
1970 272.789 272.789
1971 272.789 272.789
1972 272.789 272.789
1973 272.789 272.789
1974 272.789 272.789
1975 272.789 272.789
1976 272.789 272.789
1977 272.789 272.789
1978 272.789 272.789
1979 272.789 272.789
1980 272.789 272.789
1981 272.789 272.789
1982 272.789 272.789
1983 272.789 272.789
1984 272.789 272.789
1985 272.789 272.789
1986 272.789 272.789
1987 272.789 272.789
1988 272.789 272.789
1989 272.789 272.789
1990 272.789 272.789
1991 272.789 272.789
1992 272.789 272.789
1993 272.789 272.789
1994 272.789 272.789
1995 272.789 272.789
1996 272.789 272.789
1997 272.789 272.789
1998 272.789 272.789
1999 272.789 272.789
2000 272.789 272.789
2001 272.789 272.789
2002 272.789 272.789
2003 272.789 272.789
2004 272.789 272.789
2005 272.789 272.789
2006 272.789 272.789
2007 272.789 272.789
2008 272.789 272.789
2009 272.789 272.789
2010 272.789 272.789
2011 272.789 272.789
2012 272.789 272.789
2013 272.789 272.789
2014 272.789 272.789
2015 272.789 272.789
2016 272.789 272.789
2017 272.789 272.789
2018 272.789 272.789
2019 272.789 272.789
2020 272.789 272.789
2021 272.789 272.789
2022 272.789 272.789
2023 272.789 272.789
2024 272.789 272.789
2025 272.789 272.789
2026 272.789 272.789
2027 272.789 272.789
2028 272.789 272.789
2029 272.789 272.789
2030 272.789 272.789
2031 272.789 272.789
2032 272.789 272.789
2033 272.789 272.789
2034 272.789 272.789
2035 272.789 272.789
2036 272.789 272.789
2037 272.789 272.789
2038 272.789 272.789
2039 272.789 272.789
2040 272.789 272.789
2041 272.789 272.789
2042 272.789 272.789
2043 272.789 272.789
2044 272.789 272.789
2045 272.789 272.789
2046 272.789 272.789
2047 272.789 272.789
2048 272.789 272.789
2049 272.789 272.789
2050 272.789 272.789
2051 272.789 272.789
2052 272.789 272.789
2053 272.789 272.789
2054 272.789 272.789
2055 272.789 272.789
2056 272.789 272.789
2057 272.789 272.789
2058 272.789 272.789
2059 272.789 272.789
2060 272.789 272.789
2061 272.789 272.789
2062 272.789 272.789
2063 272.789 272.789
2064 272.789 272.789
2065 272.789 272.789
2066 272.789 272.789
2067 272.789 272.789
2068 272.789 272.789
2069 272.789 272.789
2070 272.789 272.789
2071 272.789 272.789
2072 272.789 272.789
2073 272.789 272.789
2074 272.789 272.789
2075 272.789 272.789
2076 272.789 272.789
2077 272.789 272.789
2078 271.479 272.776
2079 271.479 272.618
2080 271.479 272.081
2081 271.479 271.636
2082 271.479 271.479
2083 271.479 271.479
2084 271.479 271.479
2085 271.479 271.479
2086 271.479 271.479
2087 271.479 271.479
2088 271.479 271.479
2089 271.479 271.479
2090 271.479 271.479
2091 271.479 271.479
2092 271.479 271.479
2093 271.479 271.479
2094 271.479 271.479
2095 271.479 271.479
2096 271.479 271.479
2097 271.479 271.479
2098 271.479 271.479
2099 271.479 271.479
2100 271.479 271.479
2101 271.479 271.479
2102 271.479 271.479
2103 271.479 271.479
2104 271.479 271.479
2105 271.479 271.479
2106 271.479 271.479
2107 271.479 271.479
2108 271.479 271.479
2109 271.479 271.479
2110 271.479 271.479
2111 271.479 271.479
2112 271.479 271.479
2113 271.479 271.479
2114 271.479 271.479
2115 271.479 271.479
2116 271.479 271.479
2117 271.479 271.479
2118 271.479 271.479
2119 271.479 271.479
2120 271.479 271.479
2121 271.479 271.479
2122 271.479 271.479
2123 271.479 271.479
2124 271.479 271.479
2125 271.479 271.479
2126 271.479 271.479
2127 271.479 271.479
2128 271.479 271.479
2129 271.479 271.479
2130 271.479 271.479
2131 271.479 271.479
2132 271.479 271.479
2133 271.479 271.479
2134 271.479 271.479
2135 271.479 271.479
2136 271.479 271.479
2137 271.479 271.479
2138 271.479 271.479
2139 271.479 271.479
2140 271.479 271.479
2141 271.479 271.479
2142 271.479 271.479
2143 271.479 271.479
2144 271.479 271.479
2145 271.479 271.479
2146 271.479 271.479
2147 271.479 271.479
2148 271.479 271.479
2149 271.479 271.479
2150 271.479 271.479
2151 271.479 271.479
2152 271.479 271.479
2153 271.479 271.479
2154 271.479 271.479
2155 271.479 271.479
2156 271.479 271.479
2157 271.479 271.479
2158 271.479 271.479
2159 271.479 271.479
2160 271.479 271.479
2161 271.479 271.479
2162 271.479 271.479
2163 271.479 271.479
2164 271.479 271.479
2165 271.479 271.479
2166 271.479 271.479
2167 271.479 271.479
2168 271.479 271.479
2169 271.479 271.479
2170 271.479 271.479
2171 271.479 271.479
2172 271.479 271.479
2173 271.479 271.479
2174 271.479 271.479
2175 271.479 271.479
2176 271.479 271.479
2177 271.479 271.479
2178 271.479 271.479
2179 271.479 271.479
2180 271.479 271.479
2181 271.479 271.479
2182 271.479 271.479
2183 271.479 271.479
2184 271.479 271.479
2185 271.479 271.479
2186 271.479 271.479
2187 271.479 271.479
2188 271.479 271.479
2189 271.479 271.479
2190 271.479 271.479
2191 271.479 271.479
2192 271.479 271.479
2193 271.479 271.479
2194 271.479 271.479
2195 271.479 271.479
2196 271.479 271.479
2197 271.479 271.479
2198 271.479 271.479
2199 271.479 271.479
2200 271.479 271.479
2201 271.479 271.479
2202 271.479 271.479
2203 271.479 271.479
2204 271.479 271.479
2205 271.479 271.479
2206 271.479 271.479
2207 271.479 271.479
2208 271.479 271.479
2209 271.479 271.479
2210 271.479 271.479
2211 271.479 271.479
2212 271.479 271.479
2213 271.479 271.479
2214 271.479 271.479
2215 271.479 271.479
2216 271.479 271.479
2217 271.479 271.479
2218 271.479 271.479
2219 271.479 271.479
2220 271.479 271.479
2221 271.479 271.479
2222 271.479 271.479
2223 271.479 271.479
2224 271.479 271.479
2225 271.479 271.479
2226 271.479 271.479
2227 271.479 271.479
2228 271.479 271.479
2229 271.479 271.479
2230 271.479 271.479
2231 271.479 271.479
2232 271.479 271.479
2233 271.479 271.479
2234 271.479 271.479
2235 271.479 271.479
2236 271.479 271.479
2237 271.479 271.479
2238 271.479 271.479
2239 271.479 271.479
2240 271.479 271.479
2241 271.479 271.479
2242 271.479 271.479
2243 271.479 271.479
2244 271.479 271.479
2245 271.479 271.479
2246 271.479 271.479
2247 271.479 271.479
2248 271.479 271.479
2249 271.479 271.479
2250 271.479 271.479
2251 271.479 271.479
2252 271.479 271.479
2253 271.479 271.479
2254 271.479 271.479
2255 271.479 271.479
2256 271.479 271.479
2257 271.479 271.479
2258 271.479 271.479
2259 271.479 271.479
2260 271.479 271.479
2261 271.479 271.479
2262 271.479 271.479
2263 271.479 271.479
2264 271.479 271.479
2265 271.479 271.479
2266 271.479 271.479
2267 271.479 271.479
2268 271.479 271.479
2269 271.479 271.479
2270 271.479 271.479
2271 271.479 271.479
2272 271.479 271.479
2273 271.479 271.479
2274 271.479 271.479
2275 271.479 271.479
2276 271.479 271.479
2277 271.479 271.479
2278 271.479 271.479
2279 271.479 271.479
2280 271.479 271.479
2281 271.479 271.479
2282 271.479 271.479
2283 271.479 271.479
2284 271.479 271.479
2285 271.479 271.479
2286 271.479 271.479
2287 271.479 271.479
2288 271.479 271.479
2289 271.479 271.479
2290 271.479 271.479
2291 271.479 271.479
2292 271.479 271.479
2293 271.479 271.479
2294 271.479 271.479
2295 271.479 271.479
2296 271.479 271.479
2297 271.479 271.479
2298 271.479 271.479
2299 271.479 271.479
2300 271.479 271.479
2301 271.479 271.479
2302 271.479 271.479
2303 271.479 271.479
2304 271.479 271.479
2305 271.479 271.479
2306 271.479 271.479
2307 271.479 271.479
2308 271.479 271.479
2309 271.479 271.479
2310 271.479 271.479
2311 271.479 271.479
2312 271.479 271.479
2313 271.479 271.479
2314 271.479 271.479
2315 271.479 271.479
2316 271.479 271.479
2317 271.479 271.479
2318 271.479 271.479
2319 271.479 271.479
2320 271.479 271.479
2321 271.479 271.479
2322 271.479 271.479
2323 271.479 271.479
2324 271.479 271.479
2325 271.479 271.479
2326 271.479 271.479
2327 271.479 271.479
2328 271.479 271.479
2329 271.479 271.479
2330 271.479 271.479
2331 271.479 271.479
2332 271.479 271.479
2333 271.479 271.479
2334 271.479 271.479
2335 271.479 271.479
2336 271.479 271.479
2337 271.479 271.479
2338 271.479 271.479
2339 271.479 271.479
2340 271.479 271.479
2341 271.479 271.479
2342 271.479 271.479
2343 271.479 271.479
2344 271.479 271.479
2345 271.479 271.479
2346 271.479 271.479
2347 271.479 271.479
2348 271.479 271.479
2349 271.479 271.479
2350 271.479 271.479
2351 271.479 271.479
2352 271.479 271.479
2353 271.479 271.479
2354 271.479 271.479
2355 271.479 271.479
2356 271.479 271.479
2357 271.479 271.479
2358 271.479 271.479
2359 271.479 271.479
2360 271.479 271.479
2361 271.479 271.479
2362 271.479 271.479
2363 271.479 271.479
2364 271.479 271.479
2365 271.479 271.479
2366 271.479 271.479
2367 271.479 271.479
2368 271.479 271.479
2369 271.479 271.479
2370 271.479 271.479
2371 271.479 271.479
2372 271.479 271.479
2373 271.479 271.479
2374 271.479 271.479
2375 271.479 271.479
2376 271.479 271.479
2377 271.479 271.479
2378 271.479 271.479
2379 271.479 271.479
2380 271.479 271.479
2381 271.479 271.479
2382 271.479 271.479
2383 271.479 271.479
2384 271.479 271.479
2385 271.479 271.479
2386 271.479 271.479
2387 271.479 271.479
2388 271.479 271.479
2389 271.479 271.479
2390 271.479 271.479
2391 271.479 271.479
2392 271.479 271.479
2393 271.479 271.479
2394 271.479 271.479
2395 271.479 271.479
2396 271.479 271.479
2397 271.479 271.479
2398 271.479 271.479
2399 271.479 271.479
2400 271.479 271.479
2401 271.479 271.479
2402 271.479 271.479
2403 271.479 271.479
2404 271.479 271.479
2405 271.479 271.479
2406 271.479 271.479
2407 271.479 271.479
2408 271.479 271.479
2409 271.479 271.479
2410 271.479 271.479
2411 271.479 271.479
2412 271.479 271.479
2413 271.479 271.479
2414 271.479 271.479
2415 271.479 271.479
2416 271.479 271.479
2417 271.479 271.479
2418 271.479 271.479
2419 271.479 271.479
2420 271.479 271.479
2421 271.479 271.479
2422 271.479 271.479
2423 271.479 271.479
2424 271.479 271.479
2425 271.479 271.479
2426 271.479 271.479
2427 271.479 271.479
2428 271.479 271.479
2429 271.479 271.479
2430 271.479 271.479
2431 271.479 271.479
2432 271.479 271.479
2433 271.479 271.479
2434 271.479 271.479
2435 271.479 271.479
2436 271.479 271.479
2437 271.479 271.479
2438 271.479 271.479
2439 271.479 271.479
2440 271.479 271.479
2441 271.479 271.479
2442 271.479 271.479
2443 271.479 271.479
2444 271.479 271.479
2445 271.479 271.479
2446 271.479 271.479
2447 271.479 271.479
2448 271.479 271.479
2449 271.479 271.479
2450 271.479 271.479
2451 271.479 271.479
2452 271.479 271.479
2453 271.479 271.479
2454 271.479 271.479
2455 271.479 271.479
2456 271.479 271.479
2457 271.479 271.479
2458 271.479 271.479
2459 271.479 271.479
2460 271.479 271.479
2461 271.479 271.479
2462 271.479 271.479
2463 271.479 271.479
2464 271.479 271.479
2465 271.479 271.479
2466 271.479 271.479
2467 271.479 271.479
2468 271.479 271.479
2469 271.479 271.479
2470 271.479 271.479
2471 271.479 271.479
2472 271.479 271.479
2473 271.479 271.479
2474 271.479 271.479
2475 271.479 271.479
2476 271.479 271.479
2477 271.479 271.479
2478 271.479 271.479
2479 271.479 271.479
2480 271.479 271.479
2481 271.479 271.479
2482 271.479 271.479
2483 271.479 271.479
2484 271.479 271.479
2485 271.479 271.479
2486 271.479 271.479
2487 271.479 271.479
2488 271.479 271.479
2489 271.479 271.479
2490 271.479 271.479
2491 271.479 271.479
2492 271.479 271.479
2493 271.479 271.479
2494 271.479 271.479
2495 271.479 271.479
2496 271.479 271.479
2497 271.479 271.479
2498 271.479 271.479
2499 271.479 271.479
