0 25480.5 34098.1
1 23437.8 32333.8
2 20186 29033.4
3 20186 27440.5
4 19257 25683.9
5 15652 24371.8
6 16018.5 22451.9
7 16876.2 20474.3
8 16264.3 19883.6
9 15895.1 18963.1
10 14084.6 18221.4
11 14241.6 17234
12 13697.3 16318
13 13323.4 16081
14 13458.3 15703.4
15 13105.7 15493.9
16 12775.4 14871.9
17 12734.4 14483.9
18 12124.1 13744.8
19 11749.1 13425.8
20 11594.9 12992
21 11431.8 12672.9
22 11364.2 12396.1
23 10934.4 12132.8
24 10753.7 11964.4
25 10753.7 11955.3
26 10724.9 11882.3
27 10724.9 11757.4
28 10597.4 11492.5
29 10482.5 11469.2
30 10386.2 11274.4
31 10228.1 10984.2
32 9811.53 10727.9
33 9595.04 10520.4
34 9507.27 10276.4
35 9362.48 10201.7
36 8829.67 9927.73
37 8729.16 9705.55
38 8294.88 9604.02
39 7838.02 9479.3
40 7838.02 9246.16
41 7838.02 8869.93
42 7838.02 8493.65
43 7744.01 8406.44
44 7648.31 8267.07
45 7533.75 8014.32
46 7533.75 8150.34
47 7422.56 7963.8
48 7423.32 7906.64
49 7423.32 7830.03
50 7270.07 7800.92
51 7402.53 7692.63
52 7316.35 7679.3
53 7316.35 7573.55
54 7302.65 7595
55 7302.65 7567.61
56 7267.32 7515.62
57 7235.5 7442.61
58 7235.5 7425.36
59 7220.86 7349.35
60 7177.21 7345.89
61 7177.21 7309.17
62 7172.63 7278.82
63 7172.63 7191.61
64 7119.77 7174.51
65 6780.67 7158.64
66 6780.67 7123.59
67 6728.58 7081.92
68 6671.14 6994.33
69 6666.56 7002.87
70 6666.56 6917.2
71 6644.71 6751.78
72 6648.84 6730.69
73 6641.87 6759.23
74 6641.87 6788.64
75 6634.93 6706.33
76 6634.93 6713.83
77 6634.93 6687.04
78 6634.93 6679.97
79 6628.79 6666.5
80 6628.79 6673.89
81 6628.79 6648.38
82 6628.79 6636.77
83 6628.79 6637.46
84 6626.74 6651.74
85 6626.74 6629.03
86 6588.85 6627.81
87 6574.48 6624.45
88 6249.19 6612.23
89 6196.93 6558.83
90 6196.93 6482.25
91 6196.93 6325.28
92 6185.78 6227.83
93 6185.78 6233.89
94 6185.78 6225.69
95 6185.78 6213.06
96 6185.78 6207.8
97 6185.78 6219.92
98 6185.78 6206.06
99 6185.78 6190.92
100 6168.38 6185.61
101 6138.84 6192.52
102 6138.84 6193.41
103 6138.84 6193.22
104 6138.84 6174.29
105 6122.74 6170.1
106 6088.59 6187.32
107 6088.59 6156.4
108 5981.05 6122.6
109 5955 6110.19
110 5904.74 6090.96
111 5887.36 6055.79
112 5856.7 5986.13
113 5856.7 5931.75
114 5856.7 5906.97
115 5856.7 5912.61
116 5856.7 5904.21
117 5838.11 5878.36
118 5838.11 5871.25
119 5838.11 5861.09
120 5833.64 5851.47
121 5833.64 5844.37
122 5833.64 5839.7
123 5793.3 5835.45
124 5793.3 5833.28
125 5789.76 5830.11
126 5789.76 5825.21
127 5776.26 5830.13
128 5764.84 5826.99
129 5735.92 5809.64
130 5735.92 5825.91
131 5735.92 5873.56
132 5724.22 5804.21
133 5724.22 5807.1
134 5724.22 5812.48
135 5724.22 5776.16
136 5724.22 5735
137 5724.22 5730.64
138 5724.22 5725.11
139 5724.22 5724.22
140 5724.22 5724.22
141 5724.22 5725.72
142 5724.22 5724.22
143 5724.22 5724.22
144 5724.22 5724.22
145 5624.7 5723.23
146 5624.7 5722.39
147 5624.7 5745.95
148 5624.7 5767.93
149 5624.7 5867.18
150 5624.7 5892.35
151 5613.85 5951.52
152 5613.85 6086.06
153 5598.02 6019.33
154 5598.02 6090.59
155 5598.02 5979.49
156 5577.54 6024.32
157 5577.54 5971.97
158 5577.54 5913.04
159 5577.54 5763.82
160 5577.54 5730.72
161 5577.54 5736.84
162 5577.54 5617.1
163 5529.6 5585.2
164 5529.6 5574.65
165 5529.6 5566.52
166 5529.6 5559.43
167 5529.6 5539.9
168 5529.6 5534.52
169 5519.89 5529.5
170 5491.89 5528.64
171 5470.19 5523.19
172 5470.19 5518.87
173 5467.2 5514.99
174 5408.57 5490.78
175 5392.34 5483.77
176 5392.34 5460.52
177 5392.34 5432.67
178 5360.07 5418.08
179 5282.22 5436.71
180 5282.22 5455.2
181 5282.22 5406.46
182 5282.22 5349.5
183 5282.22 5335.06
184 5282.22 5358.37
185 5282.22 5304.35
186 5282.22 5286.22
187 5282.22 5282.22
188 5280.61 5282.2
189 5280.61 5282.11
190 5280.61 5281.95
191 5280.61 5281.5
192 5280.61 5281.29
193 5280.61 5280.9
194 5280.61 5280.65
195 5280.61 5280.75
196 5280.61 5282.52
197 5280.61 5280.75
198 5280.61 5280.61
199 5280.61 5280.61
200 5280.61 5280.61
201 5280.61 5280.61
202 5280.61 5280.61
203 5280.61 5280.61
204 5280.61 5280.61
205 5280.61 5280.61
206 5280.61 5280.61
207 5280.61 5280.61
208 5280.61 5280.61
209 5280.61 5280.61
210 5280.61 5280.61
211 5280.61 5280.61
212 5280.61 5280.61
213 5280.61 5280.61
214 5280.61 5280.61
215 5280.61 5280.61
216 5263.1 5280.42
217 5263.1 5279.51
218 5263.1 5275.45
219 5261.45 5273.58
220 5261.45 5268.5
221 5261.45 5266.5
222 5261.45 5264.34
223 5261.45 5263.43
224 5261.45 5261.8
225 5261.45 5261.45
226 5185.02 5260.69
227 5261.45 5261.48
228 5261.45 5262.75
229 5261.45 5261.47
230 5261.45 5265.3
231 5261.45 5262
232 5261.45 5261.45
233 5261.45 5261.45
234 5261.45 5261.45
235 5261.45 5261.45
236 5261.45 5261.45
237 5261.45 5261.45
238 5261.45 5261.45
239 5253.21 5261.37
240 5253.21 5260.79
241 5253.21 5260.21
242 5229.38 5259.96
243 5229.38 5254.71
244 5229.38 5257.11
245 5229.38 5253.03
246 5229.38 5235.01
247 5229.38 5229.38
248 5229.38 5229.38
249 5229.38 5229.38
250 5229.38 5229.38
251 5128.81 5228.13
252 5186.27 5245.69
253 5223.17 5270.77
254 5223.17 5281.91
255 5223.17 5276.8
256 5223.17 5268.69
257 5223.17 5231.78
258 5219.8 5223.52
259 5219.8 5227.41
260 5219.8 5222.93
261 5219.8 5222.13
262 5219.8 5220.94
263 5166.73 5219.5
264 5219.8 5219.94
265 5157.74 5219.58
266 5157.74 5218.57
267 5157.74 5211.77
268 5157.74 5201.18
269 5157.74 5186.91
270 5157.74 5171.74
271 5157.74 5157.74
272 5157.74 5158.15
273 5157.74 5157.74
274 5157.74 5157.74
275 5157.74 5157.74
276 5157.74 5157.74
277 5157.74 5157.74
278 5157.74 5157.74
279 5157.74 5157.74
280 5157.74 5157.74
281 5157.74 5157.74
282 5134.98 5157.51
283 5134.98 5154.78
284 5127.14 5150.01
285 5127.14 5155.07
286 5127.14 5146.66
287 5112.82 5137.2
288 5112.82 5153.52
289 5112.82 5147.86
290 5112.82 5181.45
291 5112.82 5151.68
292 5112.82 5184.19
293 5112.82 5151.91
294 5112.82 5139.3
295 5112.82 5126.72
296 5112.82 5117.11
297 5112.82 5112.94
298 5112.82 5120.23
299 5112.82 5112.82
300 5112.82 5112.82
301 5112.82 5112.82
302 5112.82 5112.82
303 5112.82 5112.82
304 5112.82 5112.82
305 5112.82 5112.82
306 5112.82 5112.82
307 5112.82 5112.82
308 5112.82 5112.82
309 5112.82 5112.82
310 5112.82 5112.82
311 5112.82 5112.82
312 5112.82 5112.82
313 5112.82 5112.82
314 5112.82 5112.82
315 5112.82 5112.82
316 5112.82 5112.82
317 5112.82 5112.82
318 5112.82 5112.82
319 5112.82 5112.82
320 5112.82 5112.82
321 5112.82 5112.82
322 5112.82 5112.82
323 5112.82 5112.82
324 5112.82 5112.82
325 5112.82 5112.82
326 5112.82 5112.82
327 5112.82 5112.82
328 5112.82 5112.82
329 5112.82 5112.82
330 5112.82 5112.82
331 5112.82 5112.82
332 5112.82 5112.82
333 5104.23 5112.74
334 5104.23 5112.22
335 5091.48 5110.29
336 5091.48 5107.28
337 5082.89 5101.69
338 5082.89 5099.9
339 5082.89 5097.42
340 5082.89 5097.43
341 5082.89 5088.92
342 5082.89 5084.27
343 5082.89 5083.15
344 5082.89 5082.89
345 5045.87 5083.13
346 5028.41 5079.14
347 5045.87 5077.59
348 5028.41 5130.37
349 5028.41 5098.66
350 5028.41 5095.83
351 5028.41 5072.49
352 5028.41 5045.82
353 5028.41 5041.23
354 5028.41 5054.7
355 5028.41 5039.01
356 5028.41 5045.78
357 5028.41 5135.16
358 5028.41 5048.39
359 5028.41 5028.41
360 5028.41 5028.41
361 5028.41 5028.41
362 5028.41 5028.41
363 5028.41 5028.41
364 5028.41 5028.41
365 5028.41 5028.41
366 5028.41 5028.41
367 5028.41 5028.41
368 5028.41 5028.41
369 5028.41 5028.41
370 5022.65 5028.36
371 5022.65 5027.61
372 5022.65 5026.45
373 5022.65 5024.9
374 5022.65 5023.29
375 5022.65 5022.65
376 5022.65 5022.65
377 5022.65 5022.65
378 5022.65 5022.65
379 5022.65 5022.65
380 5022.65 5022.65
381 5022.65 5022.65
382 5022.65 5022.65
383 5022.65 5022.65
384 5022.65 5023.45
385 5022.65 5022.65
386 5022.65 5026.63
387 5022.65 5022.65
388 5022.65 5022.65
389 5022.65 5022.65
390 5022.65 5022.65
391 5022.65 5022.65
392 5022.65 5022.65
393 5022.65 5022.65
394 5022.65 5026.96
395 5022.65 5062.33
396 5022.65 5027.34
397 5022.65 5022.65
398 5022.65 5022.65
399 5022.65 5022.65
400 5022.65 5022.65
401 5022.65 5022.65
402 5022.65 5022.65
403 5022.65 5022.65
404 5022.65 5022.65
405 5018.68 5022.61
406 5018.68 5042.04
407 5018.68 5026.39
408 5018.68 5034.25
409 5018.68 5054.13
410 5018.68 5038.47
411 5018.68 5031.56
412 5006.18 5018.67
413 5006.18 5043.44
414 5006.18 5061.21
415 5006.18 5046.79
416 5006.18 5040.27
417 5006.18 5008.71
418 5006.18 5006.99
419 5006.18 5008.45
420 5006.18 5019.55
421 5006.18 5014.86
422 5006.18 5006.27
423 5006.18 5006.18
424 5006.18 5006.41
425 5006.18 5006.6
426 5006.18 5006.94
427 5006.18 5006.18
428 5006.18 5012.21
429 5006.18 5019.25
430 5006.18 5018.66
431 5006.18 5044.71
432 5006.18 5015.81
433 5006.18 5019.15
434 5006.18 5007.58
435 5006.18 5011.26
436 5006.18 5006.18
437 5006.18 5011.79
438 5006.18 5006.18
439 5006.18 5006.18
440 5006.18 5006.18
441 5006.18 5006.18
442 5006.18 5006.18
443 5006.18 5006.18
444 5006.18 5006.18
445 5006.18 5006.18
446 5006.18 5006.18
447 5006.18 5006.18
448 5006.18 5006.18
449 5006.18 5006.18
450 5006.18 5006.18
451 5006.18 5006.18
452 5006.18 5006.18
453 5006.18 5006.18
454 5006.18 5006.77
455 5006.18 5006.78
456 5006.18 5006.22
457 5006.18 5007.13
458 5006 5010.27
459 5006 5019.24
460 5006 5015.71
461 5006 5017.09
462 5004.41 5006.04
463 5004.41 5005.79
464 5004.41 5005.28
465 5004.41 5004.68
466 5004.41 5004.41
467 5004.41 5004.41
468 5004.41 5004.41
469 5004.41 5004.41
470 5004.41 5004.41
471 5004.41 5004.41
472 5004.41 5004.41
473 5004.41 5004.41
474 5004.41 5004.41
475 5004.41 5004.41
476 5004.41 5004.41
477 5004.41 5004.41
478 5004.41 5004.41
479 5002.09 5004.39
480 5004.41 5004.41
481 5004.41 5004.41
482 5004.41 5004.41
483 5004.41 5004.41
484 5004.41 5004.41
485 5004.41 5004.41
486 5004.41 5004.41
487 5004.41 5004.41
488 5004.41 5007.44
489 5004.41 5020.16
490 5004.41 5006.62
491 5004.41 5004.41
492 5004.41 5004.64
493 5004.41 5004.41
494 5004.41 5004.41
495 5004.41 5004.41
496 5004.41 5004.41
497 5004.41 5006.23
498 5004.41 5004.79
499 5004.41 5009.48
500 4927.89 5022.43
501 5004.41 5131.22
502 5004.41 5090.92
503 5004.41 5065.87
504 5004.41 5068.37
505 5004.41 5016.41
506 5004.41 5015.94
507 5004.41 5007.67
508 5004.41 5005.27
509 5004.41 5007.91
510 5004.41 5011.18
511 5004.41 5010.15
512 5004.41 5004.41
513 5004.41 5004.41
514 5004.41 5005.14
515 5004.41 5004.41
516 4985.53 5004.22
517 4985.53 5003.66
518 4985.53 4999.81
519 4985.53 4993.6
520 4985.53 4989.42
521 4985.53 4985.53
522 4985.53 4985.53
523 4985.53 4987.61
524 4985.53 4985.53
525 4985.53 4985.53
526 4985.53 4985.53
527 4985.53 4985.53
528 4985.53 4985.53
529 4985.53 4985.53
530 4985.53 4985.53
531 4985.53 4985.53
532 4985.53 4985.53
533 4985.53 4985.53
534 4985.53 4985.53
535 4985.53 4985.53
536 4985.53 4985.53
537 4985.53 4985.53
538 4985.53 4985.53
539 4985.53 4985.53
540 4930.6 4984.98
541 4930.6 4983.37
542 4930.6 4974.64
543 4930.6 4968.75
544 4930.6 4968.42
545 4930.6 4943.8
546 4930.6 4934.29
547 4930.6 4930.6
548 4930.6 4930.6
549 4930.6 4930.6
550 4930.6 4930.6
551 4930.6 4931.2
552 4930.6 4930.6
553 4930.6 4930.6
554 4930.6 4930.79
555 4930.6 4933.06
556 4930.6 4930.6
557 4930.6 4930.66
558 4930.6 4962.86
559 4930.6 4938.96
560 4930.6 4938.99
561 4930.6 4941.04
562 4930.6 4941.68
563 4930.6 4930.77
564 4930.6 4932.79
565 4930.6 4930.6
566 4930.6 4930.6
567 4930.6 4930.6
568 4930.6 4930.6
569 4930.6 4930.6
570 4930.6 4930.6
571 4930.6 4930.6
572 4930.6 4930.6
573 4930.6 4930.6
574 4930.6 4930.6
575 4930.6 4930.6
576 4930.6 4930.64
577 4930.6 4930.6
578 4930.6 4930.6
579 4930.6 4930.6
580 4930.6 4930.6
581 4930.6 4930.6
582 4930.6 4930.6
583 4930.6 4930.6
584 4930.6 4930.6
585 4930.6 4930.6
586 4930.6 4930.6
587 4930.6 4930.6
588 4930.6 4930.6
589 4930.6 4930.6
590 4930.6 4930.6
591 4930.6 4930.6
592 4930.6 4930.7
593 4930.6 4982.18
594 4928.27 4931.21
595 4928.27 4941.08
596 4928.27 4931.43
597 4928.27 4935.32
598 4928.27 4932.68
599 4928.27 4928.83
600 4928.27 4928.27
601 4877.72 4927.77
602 4877.72 4927.77
603 4877.72 4928.19
604 4877.72 4933.93
605 4877.72 4958.38
606 4877.72 4961.42
607 4877.72 4930.56
608 4877.72 4877.72
609 4877.72 4877.72
610 4877.72 4877.72
611 4877.72 4877.72
612 4877.72 4877.72
613 4877.72 4877.72
614 4877.72 4877.72
615 4877.72 4877.72
616 4877.72 4877.72
617 4877.72 4880.2
618 4877.72 4877.72
619 4877.72 4877.72
620 4877.72 4877.72
621 4877.72 4877.72
622 4877.72 4877.72
623 4877.72 4877.72
624 4877.72 4877.72
625 4877.72 4877.72
626 4877.72 4877.72
627 4877.72 4877.72
628 4877.72 4877.72
629 4877.72 4877.72
630 4877.72 4877.72
631 4877.72 4878.17
632 4877.72 4897.75
633 4877.72 4934.8
634 4877.72 4960.19
635 4877.72 4949.72
636 4877.72 4944.1
637 4877.72 4948.91
638 4877.72 4989.31
639 4877.72 4922.49
640 4877.72 4877.72
641 4877.72 4877.88
642 4877.72 4877.72
643 4877.72 4877.72
644 4877.72 4877.72
645 4877.72 4886.71
646 4877.72 4877.76
647 4877.72 4881.22
648 4877.72 4893.9
649 4877.72 4879.35
650 4877.72 4880.26
651 4877.72 4877.72
652 4877.72 4877.72
653 4877.72 4877.82
654 4877.72 4877.72
655 4877.72 4877.72
656 4877.72 4877.72
657 4877.72 4877.72
658 4877.72 4877.72
659 4877.72 4877.72
660 4877.72 4877.72
661 4876.58 4877.71
662 4876.58 4877.7
663 4876.58 4877.53
664 4876.58 4877.36
665 4876.58 4877.25
666 4876.58 4876.96
667 4876.58 4877.1
668 4876.58 4877.08
669 4876.58 4876.58
670 4876.58 4876.58
671 4876.58 4876.58
672 4876.58 4876.58
673 4876.58 4876.58
674 4876.58 4876.58
675 4876.58 4876.58
676 4876.58 4876.58
677 4876.58 4876.58
678 4876.58 4876.58
679 4876.58 4876.58
680 4876.58 4876.58
681 4876.58 4876.58
682 4876.58 4876.58
683 4876.58 4876.58
684 4876.58 4876.58
685 4876.58 4876.58
686 4876.58 4876.62
687 4876.58 4876.58
688 4876.58 4876.58
689 4876.58 4876.58
690 4876.58 4876.58
691 4876.58 4876.58
692 4876.58 4877.47
693 4876.58 4876.58
694 4876.58 4876.58
695 4876.58 4876.66
696 4876.58 4876.58
697 4876.58 4876.58
698 4876.58 4876.58
699 4876.58 4876.58
700 4876.58 4876.58
701 4876.58 4876.58
702 4876.58 4876.58
703 4876.58 4876.58
704 4876.58 4876.58
705 4876.58 4877.1
706 4876.58 4876.58
707 4876.58 4876.58
708 4876.58 4876.58
709 4876.58 4876.58
710 4876.58 4876.58
711 4876.58 4876.58
712 4876.58 4876.58
713 4876.58 4876.58
714 4876.58 4876.58
715 4876.58 4876.58
716 4876.58 4876.58
717 4876.58 4876.58
718 4876.58 4876.62
719 4876.58 4883.94
720 4876.58 4879.04
721 4876.58 4880.66
722 4876.58 4877.82
723 4876.58 4892.45
724 4876.58 4884.28
725 4876.58 4876.58
726 4876.58 4876.58
727 4876.58 4876.58
728 4876.58 4876.58
729 4876.58 4876.58
730 4876.58 4876.58
731 4876.58 4876.58
732 4876.58 4876.58
733 4876.58 4876.58
734 4876.58 4876.58
735 4876.58 4876.58
736 4876.58 4876.58
737 4876.58 4876.58
738 4876.58 4876.58
739 4876.58 4876.58
740 4876.58 4876.58
741 4876.58 4876.58
742 4876.58 4876.58
743 4876.58 4876.58
744 4876.58 4876.58
745 4876.58 4876.58
746 4876.58 4876.58
747 4876.58 4876.58
748 4876.58 4876.58
749 4876.58 4876.58
750 4876.58 4876.58
751 4876.58 4876.58
752 4876.58 4876.58
753 4876.58 4876.58
754 4876.58 4881.12
755 4876.58 4877.1
756 4876.58 4886.31
757 4876.58 4889.22
758 4876.58 4894.86
759 4876.58 4886.26
760 4876.58 4911.69
761 4876.58 4876.89
762 4876.58 4876.58
763 4876.58 4876.58
764 4876.58 4876.58
765 4876.58 4876.58
766 4876.58 4876.58
767 4876.58 4876.58
768 4876.58 4876.58
769 4876.58 4876.58
770 4876.58 4876.58
771 4876.58 4876.58
772 4876.58 4876.58
773 4876.58 4876.58
774 4876.58 4876.58
775 4876.58 4876.58
776 4876.58 4876.58
777 4876.58 4876.58
778 4876.58 4876.58
779 4876.58 4876.58
780 4876.58 4876.58
781 4876.58 4876.58
782 4876.58 4876.58
783 4876.58 4876.58
784 4876.58 4876.58
785 4876.58 4876.58
786 4876.58 4876.58
787 4876.58 4876.58
788 4876.58 4876.58
789 4876.58 4876.58
790 4876.58 4876.58
791 4876.58 4876.58
792 4876.58 4876.58
793 4876.58 4876.58
794 4876.58 4876.88
795 4876.58 4882.85
796 4876.58 4877.12
797 4876.58 4876.58
798 4876.58 4876.58
799 4876.58 4876.58
800 4876.58 4876.58
801 4876.58 4876.58
802 4876.58 4876.58
803 4876.58 4876.58
804 4876.58 4876.58
805 4876.58 4876.58
806 4876.58 4876.58
807 4876.58 4876.58
808 4876.58 4876.58
809 4876.58 4876.58
810 4876.58 4876.58
811 4876.58 4876.58
812 4876.58 4876.58
813 4876.58 4876.58
814 4876.58 4876.58
815 4876.58 4876.58
816 4876.58 4876.58
817 4876.58 4876.58
818 4876.58 4876.58
819 4876.58 4876.58
820 4876.58 4876.58
821 4876.58 4876.58
822 4876.58 4876.58
823 4876.58 4876.58
824 4876.58 4876.58
825 4876.58 4876.58
826 4876.58 4876.58
827 4876.58 4876.58
828 4876.58 4876.58
829 4875.45 4876.57
830 4875.45 4876.55
831 4875.45 4876.4
832 4875.45 4876.16
833 4875.45 4875.79
834 4875.45 4875.48
835 4875.45 4875.5
836 4875.45 4875.57
837 4875.45 4875.45
838 4875.45 4875.45
839 4875.45 4875.45
840 4875.45 4875.45
841 4875.45 4875.45
842 4875.45 4875.45
843 4875.45 4875.45
844 4875.45 4875.45
845 4875.45 4875.45
846 4875.45 4875.45
847 4875.45 4875.45
848 4875.45 4875.45
849 4875.45 4875.45
850 4875.45 4875.57
851 4875.45 4875.45
852 4875.45 4875.54
853 4875.45 4876.35
854 4875.45 4875.51
855 4875.45 4875.45
856 4875.45 4875.45
857 4875.45 4875.45
858 4875.45 4875.45
859 4875.45 4875.45
860 4875.45 4875.45
861 4875.45 4875.45
862 4875.45 4875.45
863 4875.45 4875.45
864 4875.45 4875.45
865 4875.45 4875.45
866 4875.45 4875.45
867 4875.45 4875.45
868 4875.45 4875.45
869 4875.45 4875.45
870 4875.45 4875.45
871 4875.45 4875.45
872 4875.45 4875.45
873 4875.45 4875.45
874 4875.45 4875.45
875 4875.45 4875.45
876 4875.45 4875.45
877 4875.45 4875.45
878 4875.45 4875.45
879 4875.45 4875.45
880 4875.45 4875.45
881 4875.45 4875.45
882 4875.45 4875.45
883 4875.45 4875.45
884 4875.45 4875.45
885 4875.45 4875.45
886 4875.45 4877.17
887 4875.45 4925.11
888 4875.45 4888.97
889 4875.45 4875.45
890 4875.45 4875.45
891 4875.45 4875.45
892 4875.45 4880.45
893 4875.45 4875.54
894 4875.45 4875.45
895 4875.45 4875.45
896 4875.45 4875.45
897 4875.45 4875.45
898 4875.45 4875.45
899 4875.45 4875.45
900 4875.45 4875.45
901 4875.45 4875.45
902 4875.45 4875.45
903 4875.45 4875.45
904 4875.45 4875.45
905 4875.45 4875.45
906 4875.45 4875.45
907 4875.45 4875.45
908 4875.45 4875.45
909 4875.45 4875.45
910 4875.45 4875.45
911 4875.45 4875.45
912 4875.45 4875.45
913 4875.45 4894.35
914 4875.45 4875.45
915 4875.45 4875.45
916 4875.45 4875.45
917 4875.45 4875.45
918 4875.45 4875.45
919 4875.45 4875.45
920 4875.45 4875.45
921 4875.45 4875.45
922 4875.45 4875.45
923 4875.45 4875.45
924 4875.45 4875.45
925 4875.45 4875.45
926 4875.45 4875.45
927 4875.45 4889.08
928 4875.45 4876.26
929 4875.45 4875.83
930 4875.45 4875.45
931 4875.45 4875.45
932 4875.45 4875.45
933 4875.45 4875.45
934 4875.45 4875.45
935 4875.45 4875.45
936 4875.45 4875.45
937 4875.45 4875.45
938 4875.45 4875.45
939 4875.45 4875.45
940 4875.45 4875.45
941 4875.45 4875.45
942 4875.45 4875.45
943 4875.45 4875.45
944 4875.45 4875.45
945 4875.45 4875.45
946 4875.45 4875.45
947 4875.45 4875.45
948 4875.45 4877.49
949 4875.45 4875.45
950 4875.45 4875.45
951 4875.45 4877.02
952 4875.45 4875.45
953 4875.45 4875.45
954 4875.45 4878.06
955 4875.45 4880.41
956 4875.45 4883.41
957 4875.45 4875.45
958 4875.45 4875.45
959 4875.45 4875.45
960 4875.45 4875.45
961 4875.45 4875.48
962 4875.45 4875.45
963 4875.45 4875.45
964 4875.45 4875.45
965 4875.45 4875.45
966 4875.45 4875.45
967 4875.45 4875.45
968 4875.45 4875.45
969 4875.45 4875.45
970 4875.45 4875.45
971 4875.45 4883.42
972 4875.45 4878.64
973 4875.45 4895.9
974 4875.45 4893.4
975 4875.45 4875.45
976 4875.45 4875.45
977 4875.45 4875.45
978 4875.45 4875.45
979 4875.45 4875.45
980 4875.45 4875.45
981 4875.45 4875.45
982 4875.45 4875.45
983 4875.45 4875.45
984 4875.45 4875.45
985 4875.45 4875.45
986 4875.45 4875.45
987 4875.45 4875.45
988 4875.45 4875.45
989 4875.45 4875.45
990 4875.45 4875.45
991 4875.45 4875.45
992 4875.45 4875.45
993 4875.45 4875.45
994 4875.45 4875.45
995 4875.45 4875.45
996 4875.45 4875.45
997 4875.45 4875.45
998 4875.45 4875.45
999 4875.45 4875.45
1000 4795.59 4875.22
1001 4795.59 4981.89
1002 4795.59 4994.8
1003 4813.7 5050.1
1004 4808.36 5123.86
1005 4808.36 5187.41
1006 4813.7 5305.39
1007 4808.36 5330.46
1008 4808.36 5218.1
1009 4808.36 5165.13
1010 4808.36 5066.47
1011 4751.26 5024.44
1012 4751.26 4924.52
1013 4751.26 4917.54
1014 4751.26 4981.17
1015 4751.26 4875.87
1016 4678.4 4783.84
1017 4665.12 4758.56
1018 4665.12 4737.04
1019 4665.12 4707.15
1020 4665.12 4687.85
1021 4665.12 4666.89
1022 4665.12 4665.12
1023 4665.12 4665.12
1024 4665.12 4665.12
1025 4665.12 4665.12
1026 4665.12 4665.12
1027 4665.12 4665.12
1028 4665.12 4665.12
1029 4665.12 4665.12
1030 4665.12 4665.12
1031 4665.12 4665.12
1032 4665.12 4665.12
1033 4665.12 4665.12
1034 4665.12 4665.12
1035 4665.12 4665.12
1036 4665.12 4665.12
1037 4665.12 4665.12
1038 4665.12 4665.12
1039 4665.12 4665.12
1040 4665.12 4665.12
1041 4665.12 4665.12
1042 4665.12 4665.12
1043 4665.12 4667.26
1044 4665.12 4665.12
1045 4665.12 4665.62
1046 4665.12 4685.38
1047 4665.12 4701.33
1048 4665.12 4665.49
1049 4665.12 4672.48
1050 4665.12 4665.12
1051 4665.12 4665.12
1052 4665.12 4665.12
1053 4665.12 4665.12
1054 4665.12 4665.12
1055 4665.12 4665.12
1056 4665.12 4665.12
1057 4665.12 4665.12
1058 4665.12 4665.12
1059 4665.12 4665.12
1060 4665.12 4665.12
1061 4665.12 4665.12
1062 4665.12 4665.12
1063 4665.12 4665.12
1064 4665.12 4665.12
1065 4665.12 4665.12
1066 4665.12 4665.12
1067 4665.12 4665.12
1068 4665.12 4665.12
1069 4665.12 4665.12
1070 4665.12 4665.12
1071 4665.12 4665.12
1072 4665.12 4665.12
1073 4665.12 4665.12
1074 4665.12 4665.12
1075 4665.12 4665.12
1076 4665.12 4665.12
1077 4665.12 4665.12
1078 4665.12 4665.12
1079 4665.12 4665.12
1080 4665.12 4665.12
1081 4665.12 4665.12
1082 4665.12 4665.12
1083 4665.12 4665.12
1084 4665.12 4665.12
1085 4665.12 4665.12
1086 4665.12 4665.12
1087 4665.12 4665.12
1088 4665.12 4665.12
1089 4665.12 4665.12
1090 4665.12 4665.12
1091 4665.12 4665.12
1092 4665.12 4665.12
1093 4665.12 4665.12
1094 4665.12 4665.12
1095 4665.12 4665.12
1096 4665.12 4669.58
1097 4665.12 4665.12
1098 4665.12 4665.12
1099 4665.12 4668.02
1100 4665.12 4669.6
1101 4665.12 4697.42
1102 4665.12 4671.42
1103 4665.12 4672.94
1104 4665.12 4665.12
1105 4665.12 4665.12
1106 4665.12 4665.12
1107 4665.12 4665.12
1108 4665.12 4665.12
1109 4665.12 4665.12
1110 4665.12 4665.12
1111 4665.12 4665.12
1112 4665.12 4665.12
1113 4665.12 4665.12
1114 4665.12 4665.12
1115 4665.12 4665.12
1116 4665.12 4665.12
1117 4665.12 4665.12
1118 4665.12 4665.12
1119 4665.12 4665.12
1120 4665.12 4665.12
1121 4665.12 4665.12
1122 4665.12 4665.12
1123 4665.12 4665.12
1124 4665.12 4665.12
1125 4665.12 4665.12
1126 4665.12 4665.12
1127 4665.12 4665.12
1128 4665.12 4665.12
1129 4665.12 4665.12
1130 4665.12 4665.12
1131 4665.12 4665.12
1132 4665.12 4667.58
1133 4665.12 4668.97
1134 4665.12 4665.12
1135 4665.12 4665.12
1136 4665.12 4665.12
1137 4665.12 4665.12
1138 4665.12 4665.12
1139 4665.12 4665.12
1140 4665.12 4665.12
1141 4665.12 4665.12
1142 4665.12 4665.12
1143 4665.12 4665.12
1144 4665.12 4665.12
1145 4665.12 4665.12
1146 4665.12 4665.12
1147 4665.12 4665.12
1148 4665.12 4665.12
1149 4665.12 4665.12
1150 4665.12 4665.12
1151 4665.12 4665.12
1152 4665.12 4665.12
1153 4665.12 4665.12
1154 4665.12 4665.12
1155 4665.12 4665.12
1156 4665.12 4665.12
1157 4665.12 4665.12
1158 4665.12 4665.12
1159 4665.12 4665.12
1160 4665.12 4666
1161 4665.12 4665.12
1162 4665.12 4665.12
1163 4665.12 4665.12
1164 4665.12 4665.12
1165 4665.12 4665.12
1166 4665.12 4665.8
1167 4665.12 4665.12
1168 4665.12 4665.12
1169 4665.12 4665.12
1170 4665.12 4665.12
1171 4665.12 4665.12
1172 4665.12 4665.12
1173 4665.12 4665.12
1174 4665.12 4665.12
1175 4665.12 4665.12
1176 4665.12 4665.12
1177 4665.12 4665.12
1178 4665.12 4665.12
1179 4665.12 4665.12
1180 4665.12 4667.95
1181 4665.12 4669.89
1182 4665.12 4665.82
1183 4665.12 4665.12
1184 4665.12 4665.44
1185 4665.12 4669.28
1186 4665.12 4665.29
1187 4665.12 4665.47
1188 4665.12 4665.12
1189 4665.12 4665.77
1190 4665.12 4678.59
1191 4665.12 4665.12
1192 4665.12 4665.12
1193 4665.12 4665.12
1194 4665.12 4665.12
1195 4665.12 4665.12
1196 4665.12 4665.12
1197 4665.12 4665.12
1198 4665.12 4665.12
1199 4665.12 4665.12
1200 4665.12 4665.12
1201 4665.12 4665.12
1202 4665.12 4665.12
1203 4665.12 4665.12
1204 4665.12 4665.12
1205 4665.12 4665.12
1206 4665.12 4665.12
1207 4665.12 4665.12
1208 4665.12 4665.12
1209 4665.12 4665.12
1210 4665.12 4665.12
1211 4665.12 4665.12
1212 4665.12 4665.12
1213 4665.12 4665.12
1214 4665.12 4665.12
1215 4665.12 4667.09
1216 4665.12 4665.96
1217 4665.12 4665.12
1218 4665.12 4665.12
1219 4665.12 4665.12
1220 4665.12 4665.12
1221 4665.12 4666.32
1222 4665.12 4665.12
1223 4665.12 4665.12
1224 4665.12 4665.12
1225 4665.12 4665.12
1226 4665.12 4665.12
1227 4665.12 4665.12
1228 4665.12 4665.12
1229 4665.12 4665.12
1230 4665.12 4665.12
1231 4665.12 4665.12
1232 4665.12 4665.12
1233 4665.12 4665.12
1234 4665.12 4665.12
1235 4665.12 4665.12
1236 4665.12 4665.13
1237 4665.12 4665.12
1238 4665.12 4665.12
1239 4665.12 4665.12
1240 4665.12 4665.12
1241 4665.12 4665.12
1242 4665.12 4665.12
1243 4665.12 4665.12
1244 4665.12 4665.12
1245 4665.12 4665.12
1246 4665.12 4665.12
1247 4665.12 4665.12
1248 4665.12 4665.12
1249 4665.12 4665.12
1250 4665.12 4665.12
1251 4665.12 4665.12
1252 4665.12 4665.12
1253 4665.12 4665.12
1254 4665.12 4665.12
1255 4665.12 4665.12
1256 4665.12 4665.12
1257 4665.12 4665.12
1258 4665.12 4665.12
1259 4665.12 4665.12
1260 4665.12 4665.12
1261 4665.12 4665.12
1262 4665.12 4665.12
1263 4665.12 4665.12
1264 4665.12 4665.12
1265 4665.12 4665.12
1266 4665.12 4665.12
1267 4665.12 4666.75
1268 4665.12 4670.27
1269 4665.12 4665.18
1270 4665.12 4668.05
1271 4665.12 4665.12
1272 4665.12 4665.12
1273 4665.12 4665.12
1274 4665.12 4665.12
1275 4665.12 4665.12
1276 4665.12 4665.12
1277 4665.12 4665.12
1278 4665.12 4665.12
1279 4665.12 4665.12
1280 4665.12 4665.12
1281 4665.12 4665.12
1282 4665.12 4665.12
1283 4665.12 4668.17
1284 4665.12 4689.75
1285 4665.12 4674.64
1286 4665.12 4665.12
1287 4665.12 4665.12
1288 4665.12 4665.12
1289 4665.12 4665.12
1290 4665.12 4665.12
1291 4665.12 4665.12
1292 4665.12 4665.12
1293 4665.12 4665.12
1294 4665.12 4665.12
1295 4665.12 4665.12
1296 4665.12 4665.12
1297 4665.12 4665.12
1298 4665.12 4665.12
1299 4665.12 4665.12
1300 4665.12 4665.12
1301 4665.12 4665.12
1302 4665.12 4665.12
1303 4665.12 4665.12
1304 4665.12 4665.12
1305 4665.12 4665.12
1306 4665.12 4665.12
1307 4665.12 4665.12
1308 4665.12 4665.12
1309 4665.12 4665.12
1310 4665.12 4665.12
1311 4665.12 4665.12
1312 4665.12 4665.12
1313 4665.12 4665.12
1314 4665.12 4665.12
1315 4665.12 4665.12
1316 4665.12 4665.12
1317 4665.12 4665.12
1318 4665.12 4665.12
1319 4665.12 4665.18
1320 4665.12 4680.13
1321 4665.12 4764.41
1322 4665.12 4740.67
1323 4665.12 4690.73
1324 4665.12 4666.58
1325 4665.12 4692.06
1326 4665.12 4670.4
1327 4665.12 4670.9
1328 4665.12 4665.12
1329 4665.12 4665.12
1330 4665.12 4665.12
1331 4665.12 4665.12
1332 4665.12 4665.12
1333 4665.12 4665.12
1334 4665.12 4665.12
1335 4665.12 4665.12
1336 4665.12 4665.12
1337 4665.12 4665.12
1338 4665.12 4665.12
1339 4665.12 4665.12
1340 4665.12 4665.12
1341 4665.12 4665.12
1342 4665.12 4665.12
1343 4665.12 4665.12
1344 4665.12 4665.12
1345 4665.12 4665.12
1346 4665.12 4665.12
1347 4665.12 4665.12
1348 4665.12 4665.12
1349 4665.12 4665.12
1350 4665.12 4665.12
1351 4665.12 4665.12
1352 4665.12 4665.12
1353 4665.12 4665.12
1354 4665.12 4665.12
1355 4665.12 4665.12
1356 4665.12 4698.98
1357 4665.12 4673.36
1358 4665.12 4751.52
1359 4665.12 4683.8
1360 4665.12 4674.75
1361 4665.12 4665.12
1362 4665.12 4665.32
1363 4665.12 4665.91
1364 4665.12 4665.12
1365 4665.12 4665.12
1366 4665.12 4665.12
1367 4665.12 4665.12
1368 4665.12 4665.12
1369 4665.12 4665.12
1370 4665.12 4665.12
1371 4665.12 4668.02
1372 4665.12 4665.12
1373 4665.12 4665.12
1374 4665.12 4665.12
1375 4665.12 4665.87
1376 4665.12 4678.29
1377 4665.12 4675.52
1378 4665.12 4691.55
1379 4665.12 4681.61
1380 4665.12 4665.12
1381 4665.12 4665.12
1382 4665.12 4665.12
1383 4665.12 4665.12
1384 4665.12 4667.73
1385 4665.12 4665.12
1386 4665.12 4665.12
1387 4665.12 4665.12
1388 4665.12 4665.12
1389 4665.12 4665.12
1390 4665.12 4665.12
1391 4665.12 4665.12
1392 4665.12 4665.12
1393 4665.12 4665.12
1394 4665.12 4665.12
1395 4665.12 4665.12
1396 4665.12 4665.12
1397 4665.12 4665.12
1398 4665.12 4665.12
1399 4665.12 4665.12
1400 4665.12 4665.12
1401 4665.12 4665.12
1402 4665.12 4665.12
1403 4665.12 4665.12
1404 4665.12 4665.12
1405 4665.12 4665.12
1406 4665.12 4665.12
1407 4665.12 4665.12
1408 4665.12 4665.12
1409 4665.12 4665.12
1410 4665.12 4665.12
1411 4665.12 4665.12
1412 4665.12 4665.12
1413 4665.12 4665.12
1414 4665.12 4665.12
1415 4665.12 4665.12
1416 4665.12 4665.12
1417 4665.12 4665.12
1418 4665.12 4665.12
1419 4665.12 4665.12
1420 4665.12 4665.12
1421 4665.12 4665.12
1422 4665.12 4665.12
1423 4665.12 4665.12
1424 4665.12 4665.12
1425 4665.12 4665.12
1426 4665.12 4665.12
1427 4665.12 4665.12
1428 4665.12 4665.12
1429 4665.12 4665.12
1430 4665.12 4665.12
1431 4665.12 4665.12
1432 4665.12 4665.12
1433 4665.12 4665.12
1434 4665.12 4665.12
1435 4665.12 4665.12
1436 4665.12 4665.12
1437 4665.12 4665.12
1438 4665.12 4665.12
1439 4665.12 4666.2
1440 4665.12 4667.47
1441 4665.12 4665.12
1442 4665.12 4665.12
1443 4665.12 4665.12
1444 4665.12 4665.12
1445 4665.12 4665.12
1446 4665.12 4665.12
1447 4665.12 4665.12
1448 4665.12 4665.12
1449 4665.12 4665.12
1450 4665.12 4665.12
1451 4665.12 4665.12
1452 4665.12 4665.12
1453 4665.12 4665.12
1454 4665.12 4665.12
1455 4665.12 4665.12
1456 4665.12 4665.12
1457 4665.12 4665.12
1458 4665.12 4665.12
1459 4665.12 4665.12
1460 4665.12 4665.12
1461 4665.12 4665.12
1462 4665.12 4665.12
1463 4665.12 4665.12
1464 4665.12 4665.12
1465 4665.12 4665.12
1466 4665.12 4665.12
1467 4665.12 4665.12
1468 4665.12 4665.12
1469 4665.12 4665.12
1470 4665.12 4665.12
1471 4665.12 4665.12
1472 4665.12 4665.12
1473 4665.12 4665.12
1474 4665.12 4665.12
1475 4665.12 4665.12
1476 4665.12 4665.6
1477 4665.12 4665.12
1478 4665.12 4665.12
1479 4665.12 4665.12
1480 4665.12 4665.12
1481 4665.12 4665.12
1482 4665.12 4665.12
1483 4665.12 4665.12
1484 4665.12 4665.12
1485 4665.12 4665.12
1486 4665.12 4665.12
1487 4665.12 4665.12
1488 4665.12 4665.12
1489 4665.12 4665.12
1490 4665.12 4665.12
1491 4665.12 4665.12
1492 4665.12 4665.12
1493 4665.12 4665.12
1494 4665.12 4665.56
1495 4665.12 4665.12
1496 4665.12 4665.12
1497 4665.12 4665.12
1498 4665.12 4665.12
1499 4665.12 4665.12
1500 4662.34 4665.41
1501 4662.34 4722.17
1502 4662.34 4686.09
1503 4659.99 4711.05
1504 4659.99 4745.96
1505 4659.99 4758.26
1506 4659.99 4889.93
1507 4659.99 4791.83
1508 4659.99 4718.6
1509 4659.99 4686.24
1510 4652.44 4665.41
1511 4652.44 4661.23
1512 4652.44 4667.36
1513 4652.44 4659.3
1514 4652.44 4654.82
1515 4652.44 4652.8
1516 4652.44 4652.44
1517 4652.44 4652.44
1518 4652.44 4652.44
1519 4652.44 4652.44
1520 4652.44 4652.44
1521 4652.44 4652.44
1522 4652.44 4652.44
1523 4652.44 4652.44
1524 4652.44 4652.44
1525 4652.44 4652.44
1526 4652.44 4652.44
1527 4652.44 4652.44
1528 4652.44 4652.44
1529 4652.44 4653.28
1530 4652.44 4656.82
1531 4652.44 4652.44
1532 4652.44 4652.44
1533 4652.44 4652.44
1534 4652.44 4652.44
1535 4652.44 4652.44
1536 4652.44 4652.44
1537 4652.44 4652.44
1538 4652.44 4652.44
1539 4652.44 4652.44
1540 4652.44 4652.44
1541 4652.44 4652.44
1542 4652.44 4652.44
1543 4652.44 4659.76
1544 4652.44 4652.44
1545 4652.44 4652.44
1546 4652.44 4652.44
1547 4652.44 4652.44
1548 4652.44 4652.44
1549 4652.44 4652.44
1550 4652.44 4681.09
1551 4652.44 4683.09
1552 4652.44 4665.38
1553 4652.44 4703.33
1554 4652.44 4673.86
1555 4652.44 4661.13
1556 4652.44 4675.12
1557 4652.44 4682.89
1558 4652.44 4712.7
1559 4652.44 4702.18
1560 4652.44 4712.86
1561 4652.44 4674.13
1562 4652.44 4653.44
1563 4652.44 4652.67
1564 4652.44 4652.44
1565 4652.44 4652.44
1566 4652.44 4652.44
1567 4652.44 4652.44
1568 4652.44 4652.44
1569 4652.44 4652.44
1570 4652.44 4652.44
1571 4652.44 4652.44
1572 4652.44 4652.44
1573 4652.44 4652.44
1574 4652.44 4652.44
1575 4652.44 4652.44
1576 4652.44 4652.44
1577 4652.44 4652.44
1578 4652.44 4652.44
1579 4652.44 4652.44
1580 4652.44 4652.44
1581 4652.44 4652.44
1582 4652.44 4652.44
1583 4652.44 4652.44
1584 4652.44 4652.44
1585 4652.44 4652.44
1586 4652.44 4652.44
1587 4652.44 4652.44
1588 4652.44 4652.44
1589 4652.44 4652.44
1590 4652.44 4652.44
1591 4652.44 4652.44
1592 4652.44 4652.44
1593 4652.44 4652.44
1594 4652.44 4652.44
1595 4652.44 4652.44
1596 4652.44 4652.44
1597 4652.44 4652.44
1598 4652.44 4652.44
1599 4652.44 4652.44
1600 4652.44 4652.44
1601 4652.44 4652.44
1602 4652.44 4652.44
1603 4652.44 4652.44
1604 4652.44 4652.44
1605 4652.44 4652.44
1606 4652.44 4652.44
1607 4652.44 4652.44
1608 4652.44 4652.44
1609 4652.44 4652.44
1610 4652.44 4652.44
1611 4652.44 4652.44
1612 4652.44 4652.44
1613 4652.44 4652.44
1614 4652.44 4652.44
1615 4652.44 4652.44
1616 4652.44 4652.44
1617 4652.44 4652.44
1618 4652.44 4652.44
1619 4652.44 4652.44
1620 4652.44 4652.44
1621 4652.44 4652.44
1622 4652.44 4652.44
1623 4652.44 4652.44
1624 4652.44 4652.44
1625 4652.44 4652.44
1626 4652.44 4652.44
1627 4652.44 4652.89
1628 4652.44 4652.44
1629 4652.44 4652.44
1630 4652.44 4652.44
1631 4652.44 4652.44
1632 4652.44 4652.44
1633 4652.44 4652.44
1634 4652.44 4655.25
1635 4652.44 4652.44
1636 4652.44 4652.44
1637 4652.44 4652.44
1638 4652.44 4652.44
1639 4652.44 4652.44
1640 4652.44 4652.44
1641 4652.44 4652.44
1642 4652.44 4652.44
1643 4652.44 4652.44
1644 4652.44 4652.44
1645 4652.44 4652.44
1646 4652.44 4652.44
1647 4652.44 4652.44
1648 4652.44 4652.44
1649 4652.44 4652.44
1650 4652.44 4652.44
1651 4652.44 4652.44
1652 4652.44 4652.44
1653 4652.44 4652.44
1654 4652.44 4652.44
1655 4652.44 4652.44
1656 4652.44 4652.44
1657 4652.44 4652.44
1658 4652.44 4652.44
1659 4652.44 4652.44
1660 4652.44 4652.44
1661 4652.44 4652.44
1662 4652.44 4652.44
1663 4652.44 4652.44
1664 4652.44 4652.44
1665 4652.44 4652.44
1666 4652.44 4652.44
1667 4652.44 4653.5
1668 4652.44 4652.44
1669 4652.44 4655.67
1670 4652.44 4654.21
1671 4652.44 4652.94
1672 4652.44 4652.77
1673 4652.44 4652.44
1674 4652.44 4652.44
1675 4652.44 4652.44
1676 4652.44 4652.44
1677 4652.44 4652.44
1678 4652.44 4652.44
1679 4652.44 4652.44
1680 4652.44 4652.44
1681 4652.44 4652.44
1682 4652.44 4652.44
1683 4652.44 4652.44
1684 4652.44 4652.44
1685 4652.44 4652.44
1686 4652.44 4652.44
1687 4652.44 4652.44
1688 4652.44 4652.44
1689 4652.44 4652.44
1690 4652.44 4652.44
1691 4652.44 4652.44
1692 4652.44 4652.44
1693 4652.44 4652.44
1694 4652.44 4654.23
1695 4652.44 4652.44
1696 4652.44 4652.44
1697 4652.44 4652.44
1698 4652.44 4652.44
1699 4652.44 4652.44
1700 4652.44 4652.44
1701 4652.44 4658.1
1702 4652.44 4655.17
1703 4652.44 4652.44
1704 4652.44 4652.44
1705 4652.44 4652.44
1706 4652.44 4670.07
1707 4652.44 4664.12
1708 4652.44 4654.32
1709 4652.44 4652.44
1710 4652.44 4652.44
1711 4652.44 4652.44
1712 4652.44 4652.44
1713 4652.44 4652.44
1714 4652.44 4652.44
1715 4652.44 4652.44
1716 4652.44 4652.44
1717 4652.44 4652.44
1718 4652.44 4652.44
1719 4652.44 4652.44
1720 4652.44 4652.44
1721 4652.44 4652.44
1722 4652.44 4652.44
1723 4652.44 4652.44
1724 4652.44 4652.44
1725 4652.44 4652.92
1726 4652.44 4659.85
1727 4652.44 4680.35
1728 4652.44 4664.46
1729 4652.44 4656.99
1730 4652.44 4655.31
1731 4652.44 4652.44
1732 4652.44 4652.44
1733 4652.44 4652.44
1734 4652.44 4652.44
1735 4652.44 4652.44
1736 4652.44 4652.44
1737 4652.44 4652.76
1738 4652.44 4652.52
1739 4652.44 4652.44
1740 4652.44 4652.44
1741 4652.44 4652.44
1742 4652.44 4652.44
1743 4652.44 4652.44
1744 4652.44 4652.44
1745 4652.44 4652.44
1746 4652.44 4652.44
1747 4652.44 4652.44
1748 4652.44 4652.44
1749 4652.44 4652.44
1750 4652.44 4652.44
1751 4652.44 4652.44
1752 4652.44 4660.08
1753 4652.44 4658.17
1754 4652.44 4652.44
1755 4652.44 4652.44
1756 4652.44 4652.44
1757 4652.44 4652.44
1758 4652.44 4652.44
1759 4652.44 4652.44
1760 4652.44 4652.44
1761 4652.44 4652.44
1762 4652.44 4652.44
1763 4652.44 4660.81
1764 4652.44 4677.25
1765 4652.44 4684.6
1766 4652.44 4660.62
1767 4652.44 4652.44
1768 4652.44 4652.44
1769 4652.44 4652.44
1770 4652.44 4652.44
1771 4652.44 4652.44
1772 4652.44 4652.44
1773 4652.44 4652.44
1774 4652.44 4652.44
1775 4652.44 4652.44
1776 4652.44 4652.44
1777 4652.44 4652.44
1778 4652.44 4652.44
1779 4652.44 4652.44
1780 4652.44 4652.44
1781 4652.44 4652.44
1782 4652.44 4652.44
1783 4652.44 4652.44
1784 4652.44 4652.44
1785 4652.44 4652.44
1786 4652.44 4652.44
1787 4652.44 4652.44
1788 4652.44 4652.44
1789 4652.44 4652.44
1790 4652.44 4652.44
1791 4652.44 4652.44
1792 4652.44 4652.44
1793 4652.44 4652.44
1794 4652.44 4652.44
1795 4652.44 4652.44
1796 4652.44 4652.44
1797 4652.44 4652.44
1798 4652.44 4652.44
1799 4652.44 4652.44
1800 4652.44 4652.44
1801 4652.44 4652.44
1802 4652.44 4652.44
1803 4652.44 4652.44
1804 4652.44 4652.44
1805 4652.44 4653.13
1806 4652.44 4652.44
1807 4652.44 4652.86
1808 4652.44 4652.44
1809 4652.44 4652.44
1810 4652.44 4652.44
1811 4652.44 4652.44
1812 4652.44 4652.44
1813 4652.44 4652.44
1814 4652.44 4652.44
1815 4652.44 4652.44
1816 4652.44 4652.44
1817 4652.44 4652.44
1818 4652.44 4652.44
1819 4652.44 4652.44
1820 4652.44 4652.44
1821 4652.44 4652.44
1822 4652.44 4652.44
1823 4652.44 4652.44
1824 4652.44 4652.44
1825 4652.44 4652.44
1826 4652.44 4652.65
1827 4652.44 4655.98
1828 4652.44 4652.44
1829 4652.44 4652.44
1830 4652.44 4652.44
1831 4652.44 4652.44
1832 4652.44 4652.44
1833 4652.44 4652.44
1834 4652.44 4652.44
1835 4652.44 4652.44
1836 4652.44 4652.44
1837 4652.44 4652.44
1838 4652.44 4652.44
1839 4652.44 4652.44
1840 4652.44 4652.44
1841 4652.44 4652.44
1842 4652.44 4652.44
1843 4652.44 4652.44
1844 4652.44 4652.44
1845 4652.44 4652.44
1846 4652.44 4652.44
1847 4652.44 4652.44
1848 4652.44 4652.44
1849 4652.44 4658.72
1850 4652.44 4652.44
1851 4652.44 4652.44
1852 4652.44 4652.44
1853 4652.44 4652.44
1854 4652.44 4652.44
1855 4652.44 4652.44
1856 4652.44 4652.44
1857 4652.44 4654.03
1858 4652.44 4658.9
1859 4652.44 4654.45
1860 4652.44 4680.05
1861 4652.44 4668.58
1862 4652.44 4652.44
1863 4652.44 4652.44
1864 4652.44 4652.44
1865 4652.44 4652.44
1866 4652.44 4652.44
1867 4652.44 4652.44
1868 4652.44 4652.44
1869 4652.44 4652.44
1870 4652.44 4652.44
1871 4652.44 4652.44
1872 4652.44 4654.71
1873 4652.44 4659.09
1874 4652.44 4652.44
1875 4652.44 4652.44
1876 4652.44 4652.44
1877 4652.44 4652.44
1878 4652.44 4652.44
1879 4652.44 4652.44
1880 4652.44 4653.56
1881 4652.44 4652.44
1882 4652.44 4652.44
1883 4652.44 4652.44
1884 4652.44 4652.44
1885 4652.44 4652.44
1886 4652.44 4652.44
1887 4652.44 4652.44
1888 4652.44 4652.44
1889 4652.44 4652.44
1890 4652.44 4652.44
1891 4652.44 4716.82
1892 4652.44 4695.78
1893 4652.44 4669.73
1894 4652.44 4652.44
1895 4652.44 4652.44
1896 4652.44 4652.44
1897 4652.44 4652.44
1898 4652.44 4652.44
1899 4652.44 4652.44
1900 4652.44 4652.44
1901 4652.44 4652.44
1902 4652.44 4652.44
1903 4652.44 4652.44
1904 4652.44 4652.44
1905 4652.44 4652.44
1906 4652.44 4652.44
1907 4652.44 4652.44
1908 4652.44 4652.44
1909 4652.44 4652.44
1910 4652.44 4652.44
1911 4652.44 4652.44
1912 4652.44 4652.44
1913 4652.44 4652.44
1914 4652.44 4652.44
1915 4636.38 4652.28
1916 4636.38 4675.2
1917 4652.44 4710.15
1918 4652.44 4713.81
1919 4652.44 4740.69
1920 4652.44 4703.69
1921 4652.44 4686.46
1922 4652.44 4673.93
1923 4652.44 4658.72
1924 4652.44 4656.04
1925 4652.44 4652.44
1926 4652.44 4652.53
1927 4652.44 4652.44
1928 4652.44 4652.44
1929 4652.44 4652.44
1930 4652.44 4652.44
1931 4652.44 4652.44
1932 4652.44 4652.44
1933 4652.44 4652.44
1934 4652.44 4652.44
1935 4652.44 4655.53
1936 4652.44 4652.44
1937 4652.44 4652.44
1938 4652.44 4652.44
1939 4652.44 4652.44
1940 4652.44 4652.44
1941 4652.44 4652.44
1942 4652.44 4652.44
1943 4652.44 4652.44
1944 4652.44 4652.44
1945 4652.44 4652.79
1946 4652.44 4652.44
1947 4652.44 4652.56
1948 4652.44 4653.85
1949 4652.44 4654.16
1950 4652.44 4652.44
1951 4652.44 4652.44
1952 4652.44 4652.44
1953 4652.44 4652.44
1954 4652.44 4652.44
1955 4652.44 4652.44
1956 4652.44 4652.44
1957 4652.44 4653.01
1958 4652.44 4656.9
1959 4652.44 4655.19
1960 4652.44 4680.61
1961 4652.44 4678.37
1962 4652.44 4652.44
1963 4652.44 4652.44
1964 4652.44 4652.44
1965 4652.44 4652.44
1966 4652.44 4652.44
1967 4652.44 4652.51
1968 4652.44 4652.44
1969 4652.44 4652.44
1970 4652.44 4652.44
1971 4652.44 4652.44
1972 4652.44 4652.44
1973 4652.44 4652.44
1974 4652.44 4652.44
1975 4652.44 4652.44
1976 4652.44 4652.44
1977 4652.44 4652.44
1978 4652.44 4652.44
1979 4652.44 4652.44
1980 4652.44 4652.44
1981 4652.44 4652.44
1982 4652.44 4652.44
1983 4652.44 4652.44
1984 4652.44 4652.44
1985 4652.44 4652.44
1986 4652.44 4652.44
1987 4652.44 4652.44
1988 4652.44 4652.44
1989 4652.44 4652.44
1990 4652.44 4667.99
1991 4652.44 4658.56
1992 4652.44 4652.44
1993 4652.44 4656.62
1994 4652.44 4656.37
1995 4652.44 4671.94
1996 4652.44 4669.59
1997 4652.44 4655.67
1998 4652.44 4652.44
1999 4652.44 4652.44
2000 4652.44 4652.44
2001 4652.44 4652.44
2002 4652.44 4652.44
2003 4652.44 4652.44
2004 4652.44 4652.44
2005 4652.44 4652.44
2006 4652.44 4652.44
2007 4652.44 4652.44
2008 4652.44 4652.44
2009 4652.44 4652.44
2010 4652.44 4652.44
2011 4652.44 4672.06
2012 4652.44 4740.79
2013 4652.44 4770.05
2014 4652.44 4666.4
2015 4652.44 4657.68
2016 4652.44 4656.56
2017 4652.44 4652.87
2018 4652.44 4652.44
2019 4652.44 4652.44
2020 4652.44 4652.44
2021 4652.44 4663.37
2022 4652.44 4654.54
2023 4652.44 4652.44
2024 4652.44 4656.74
2025 4652.44 4652.44
2026 4652.44 4652.44
2027 4652.44 4652.44
2028 4652.44 4652.44
2029 4652.44 4652.44
2030 4652.44 4652.44
2031 4652.44 4652.44
2032 4652.44 4652.76
2033 4652.44 4652.78
2034 4652.44 4652.44
2035 4652.44 4661.13
2036 4652.44 4670.47
2037 4652.44 4654.18
2038 4652.44 4659.66
2039 4652.44 4683.51
2040 4652.44 4679.06
2041 4652.44 4672.98
2042 4652.44 4652.44
2043 4652.44 4652.44
2044 4652.44 4652.44
2045 4652.44 4652.44
2046 4652.44 4652.44
2047 4652.44 4652.44
2048 4652.44 4652.44
2049 4652.44 4652.44
2050 4652.44 4652.44
2051 4652.44 4652.44
2052 4652.44 4652.44
2053 4652.44 4652.44
2054 4652.44 4652.44
2055 4652.44 4652.44
2056 4652.44 4652.44
2057 4652.44 4652.44
2058 4652.44 4652.44
2059 4652.44 4652.44
2060 4652.44 4652.44
2061 4652.44 4652.44
2062 4652.44 4652.44
2063 4652.44 4652.44
2064 4652.44 4652.44
2065 4652.44 4652.44
2066 4652.44 4652.44
2067 4652.44 4652.44
2068 4652.44 4653.92
2069 4652.44 4678.64
2070 4652.44 4666.75
2071 4652.44 4652.44
2072 4652.44 4652.44
2073 4652.44 4652.44
2074 4652.44 4652.44
2075 4652.44 4652.44
2076 4652.44 4652.44
2077 4652.44 4652.44
2078 4652.44 4652.44
2079 4652.44 4652.44
2080 4652.44 4652.44
2081 4652.44 4652.44
2082 4652.44 4652.44
2083 4652.44 4652.44
2084 4652.44 4652.44
2085 4652.44 4652.44
2086 4652.44 4652.44
2087 4652.44 4652.44
2088 4652.44 4652.44
2089 4652.44 4652.44
2090 4652.44 4652.44
2091 4652.44 4652.44
2092 4652.44 4652.44
2093 4652.44 4652.44
2094 4652.44 4652.44
2095 4652.44 4652.44
2096 4652.44 4652.44
2097 4652.44 4652.44
2098 4652.44 4652.44
2099 4652.44 4653.58
2100 4652.44 4654.01
2101 4652.44 4652.44
2102 4652.44 4652.44
2103 4652.44 4652.44
2104 4652.44 4652.44
2105 4652.44 4662.53
2106 4652.44 4652.44
2107 4652.44 4652.44
2108 4652.44 4652.44
2109 4652.44 4652.44
2110 4652.44 4652.44
2111 4652.44 4652.44
2112 4652.44 4652.44
2113 4652.44 4655.26
2114 4652.44 4652.44
2115 4652.44 4652.44
2116 4652.44 4652.44
2117 4652.44 4652.44
2118 4652.44 4652.44
2119 4652.44 4652.44
2120 4652.44 4652.44
2121 4652.44 4652.44
2122 4652.44 4652.44
2123 4652.44 4652.44
2124 4652.44 4652.44
2125 4652.44 4652.44
2126 4652.44 4652.44
2127 4652.44 4652.44
2128 4652.44 4652.44
2129 4652.44 4667.41
2130 4652.44 4655.09
2131 4652.44 4654.98
2132 4652.44 4652.44
2133 4652.44 4652.44
2134 4652.44 4655.36
2135 4652.44 4652.44
2136 4652.44 4655.24
2137 4652.44 4653.83
2138 4652.44 4656.14
2139 4652.44 4654.37
2140 4652.44 4652.44
2141 4652.44 4652.44
2142 4652.44 4652.44
2143 4652.44 4652.44
2144 4652.44 4652.44
2145 4652.44 4652.44
2146 4652.44 4652.44
2147 4652.44 4652.44
2148 4652.44 4654.74
2149 4652.44 4682.72
2150 4652.44 4666.81
2151 4652.44 4658.8
2152 4652.44 4664.22
2153 4652.44 4665.1
2154 4652.44 4685.25
2155 4652.44 4669.79
2156 4652.44 4652.44
2157 4652.44 4652.44
2158 4652.44 4652.44
2159 4652.44 4652.44
2160 4652.44 4652.44
2161 4652.44 4652.44
2162 4652.44 4652.44
2163 4652.44 4657.76
2164 4652.44 4654.26
2165 4652.44 4655.96
2166 4652.44 4683.25
2167 4652.44 4675.91
2168 4652.44 4652.95
2169 4652.44 4652.44
2170 4652.44 4652.44
2171 4652.44 4652.44
2172 4652.44 4652.44
2173 4652.44 4652.44
2174 4652.44 4652.44
2175 4652.44 4652.44
2176 4652.44 4652.44
2177 4652.44 4652.44
2178 4652.44 4668.43
2179 4652.44 4652.44
2180 4652.44 4652.44
2181 4652.44 4652.44
2182 4652.44 4652.44
2183 4652.44 4652.44
2184 4652.44 4656.5
2185 4652.44 4652.44
2186 4652.44 4652.44
2187 4652.44 4661.13
2188 4652.44 4658.39
2189 4652.44 4652.44
2190 4652.44 4652.44
2191 4652.44 4652.44
2192 4652.44 4652.44
2193 4652.44 4652.44
2194 4652.44 4652.44
2195 4652.44 4656.18
2196 4652.44 4663.23
2197 4652.44 4657
2198 4652.44 4655.73
2199 4652.44 4652.44
2200 4652.44 4652.44
2201 4652.44 4652.44
2202 4652.44 4652.44
2203 4652.44 4652.44
2204 4652.44 4652.44
2205 4652.44 4652.44
2206 4652.44 4652.44
2207 4652.44 4652.44
2208 4652.44 4652.44
2209 4652.44 4652.44
2210 4652.44 4652.44
2211 4652.44 4652.44
2212 4652.44 4652.44
2213 4652.44 4652.44
2214 4652.44 4652.44
2215 4652.44 4652.44
2216 4652.44 4652.44
2217 4652.44 4652.44
2218 4652.44 4652.44
2219 4652.44 4652.44
2220 4652.44 4652.44
2221 4652.44 4652.44
2222 4652.44 4652.44
2223 4652.44 4654.5
2224 4652.44 4652.88
2225 4652.44 4665.43
2226 4652.44 4657.21
2227 4652.44 4652.44
2228 4652.44 4652.44
2229 4652.44 4652.44
2230 4652.44 4652.44
2231 4652.44 4652.44
2232 4652.44 4652.44
2233 4652.44 4652.44
2234 4652.44 4652.44
2235 4652.44 4652.44
2236 4652.44 4652.44
2237 4652.44 4659.07
2238 4652.44 4652.44
2239 4652.44 4652.44
2240 4652.44 4652.44
2241 4652.44 4652.44
2242 4652.44 4652.44
2243 4652.44 4652.44
2244 4652.44 4652.44
2245 4652.44 4652.44
2246 4652.44 4652.44
2247 4652.44 4652.44
2248 4652.44 4652.71
2249 4652.44 4654.07
2250 4652.44 4652.44
2251 4652.44 4652.44
2252 4652.44 4652.44
2253 4652.44 4652.44
2254 4652.44 4655.88
2255 4652.44 4652.44
2256 4652.44 4652.44
2257 4652.44 4652.44
2258 4652.44 4652.44
2259 4652.44 4652.44
2260 4652.44 4652.44
2261 4652.44 4652.44
2262 4652.44 4652.44
2263 4652.44 4652.44
2264 4652.44 4652.44
2265 4652.44 4652.44
2266 4652.44 4652.44
2267 4652.44 4652.44
2268 4652.44 4652.44
2269 4652.44 4652.44
2270 4652.44 4652.44
2271 4652.44 4652.44
2272 4652.44 4652.44
2273 4652.44 4652.44
2274 4652.44 4652.44
2275 4652.44 4652.44
2276 4652.44 4652.44
2277 4652.44 4654.99
2278 4652.44 4652.83
2279 4652.44 4658.34
2280 4652.44 4652.44
2281 4652.44 4656.57
2282 4652.44 4656.54
2283 4652.44 4658.25
2284 4652.44 4658.39
2285 4652.44 4652.44
2286 4652.44 4652.44
2287 4652.44 4652.44
2288 4652.44 4652.44
2289 4652.44 4652.44
2290 4652.44 4652.44
2291 4652.44 4652.44
2292 4652.44 4652.44
2293 4652.44 4652.44
2294 4652.44 4652.44
2295 4652.44 4652.44
2296 4652.44 4652.44
2297 4652.44 4652.44
2298 4652.44 4652.44
2299 4652.44 4652.44
2300 4652.44 4652.44
2301 4652.44 4652.44
2302 4652.44 4652.44
2303 4652.44 4652.44
2304 4652.44 4652.44
2305 4652.44 4652.44
2306 4652.44 4652.44
2307 4652.44 4652.44
2308 4652.44 4652.44
2309 4652.44 4652.44
2310 4652.44 4652.44
2311 4652.44 4652.44
2312 4652.44 4652.44
2313 4652.44 4652.44
2314 4652.44 4652.44
2315 4652.44 4652.44
2316 4652.44 4652.44
2317 4652.44 4652.44
2318 4652.44 4652.44
2319 4652.44 4652.44
2320 4652.44 4652.44
2321 4652.44 4652.44
2322 4652.44 4652.44
2323 4652.44 4652.44
2324 4652.44 4671
2325 4652.44 4652.44
2326 4652.44 4652.44
2327 4652.44 4652.44
2328 4652.44 4652.44
2329 4652.44 4652.44
2330 4652.44 4652.44
2331 4652.44 4652.44
2332 4652.44 4652.44
2333 4652.44 4652.44
2334 4652.44 4652.44
2335 4652.44 4652.44
2336 4652.44 4652.44
2337 4652.44 4652.44
2338 4652.44 4652.44
2339 4652.44 4652.44
2340 4652.44 4652.44
2341 4652.44 4652.44
2342 4652.44 4652.44
2343 4652.44 4652.44
2344 4652.44 4652.44
2345 4652.44 4652.44
2346 4652.44 4652.44
2347 4652.44 4652.44
2348 4652.44 4653.55
2349 4652.44 4652.88
2350 4652.44 4652.44
2351 4652.44 4652.44
2352 4652.44 4652.44
2353 4652.44 4668.35
2354 4652.44 4678.6
2355 4652.44 4652.69
2356 4652.44 4652.44
2357 4652.44 4652.44
2358 4652.44 4652.44
2359 4652.44 4652.44
2360 4652.44 4652.44
2361 4652.44 4652.44
2362 4652.44 4652.44
2363 4652.44 4652.44
2364 4652.44 4652.44
2365 4652.44 4652.44
2366 4652.44 4652.44
2367 4652.44 4652.44
2368 4652.44 4652.44
2369 4652.44 4652.44
2370 4652.44 4652.68
2371 4652.44 4652.44
2372 4652.44 4654.57
2373 4652.44 4653.84
2374 4652.44 4652.44
2375 4652.44 4652.44
2376 4652.44 4652.44
2377 4652.44 4652.44
2378 4652.44 4652.44
2379 4652.44 4652.44
2380 4652.44 4652.44
2381 4652.44 4652.44
2382 4652.44 4652.44
2383 4652.44 4652.44
2384 4652.44 4652.44
2385 4652.44 4652.44
2386 4652.44 4652.44
2387 4652.44 4652.44
2388 4652.44 4652.44
2389 4652.44 4652.44
2390 4652.44 4652.44
2391 4652.44 4652.44
2392 4652.44 4652.44
2393 4652.44 4652.44
2394 4652.44 4652.44
2395 4652.44 4655.48
2396 4652.44 4652.44
2397 4652.44 4652.44
2398 4652.44 4652.44
2399 4652.44 4652.44
2400 4652.44 4653.42
2401 4652.44 4652.44
2402 4652.44 4652.44
2403 4652.44 4652.44
2404 4652.44 4652.44
2405 4652.44 4652.44
2406 4652.44 4652.44
2407 4652.44 4652.44
2408 4652.44 4652.44
2409 4652.44 4652.44
2410 4652.44 4652.44
2411 4652.44 4652.44
2412 4652.44 4652.44
2413 4652.44 4652.44
2414 4652.44 4652.44
2415 4652.44 4652.44
2416 4652.44 4652.44
2417 4652.44 4652.44
2418 4652.44 4652.44
2419 4652.44 4652.44
2420 4652.44 4652.44
2421 4652.44 4652.44
2422 4652.44 4652.44
2423 4652.44 4652.44
2424 4652.44 4652.44
2425 4652.44 4652.44
2426 4652.44 4652.44
2427 4652.44 4652.44
2428 4652.44 4652.44
2429 4652.44 4652.44
2430 4652.44 4652.44
2431 4652.44 4652.44
2432 4652.44 4659.67
2433 4652.44 4671.98
2434 4652.44 4658.11
2435 4652.44 4653.89
2436 4652.44 4697.34
2437 4652.44 4653.74
2438 4652.44 4652.53
2439 4652.44 4657.54
2440 4652.44 4652.44
2441 4652.44 4652.44
2442 4652.44 4652.44
2443 4652.44 4652.82
2444 4652.44 4652.44
2445 4652.44 4652.44
2446 4652.44 4652.44
2447 4652.44 4652.44
2448 4652.44 4652.44
2449 4652.44 4652.44
2450 4652.44 4652.44
2451 4652.44 4652.44
2452 4652.44 4652.44
2453 4652.44 4652.44
2454 4652.44 4652.44
2455 4652.44 4652.44
2456 4652.44 4652.44
2457 4652.44 4652.44
2458 4652.44 4652.44
2459 4652.44 4652.44
2460 4652.44 4652.44
2461 4652.44 4660.73
2462 4652.44 4697.23
2463 4652.44 4691.8
2464 4652.44 4673.41
2465 4652.44 4656.7
2466 4652.44 4652.56
2467 4652.44 4652.44
2468 4652.44 4652.44
2469 4652.44 4652.44
2470 4652.44 4652.44
2471 4652.44 4652.44
2472 4652.44 4652.44
2473 4652.44 4652.44
2474 4652.44 4652.44
2475 4652.44 4652.44
2476 4652.44 4652.44
2477 4652.44 4652.44
2478 4652.44 4652.44
2479 4652.44 4652.44
2480 4652.44 4652.44
2481 4652.44 4652.44
2482 4652.44 4652.44
2483 4652.44 4652.44
2484 4652.44 4652.44
2485 4652.44 4652.44
2486 4652.44 4652.44
2487 4652.44 4652.44
2488 4652.44 4652.44
2489 4652.44 4652.44
2490 4652.44 4652.44
2491 4652.44 4652.44
2492 4652.44 4652.44
2493 4652.44 4652.44
2494 4652.44 4652.44
2495 4652.44 4652.44
2496 4652.44 4652.44
2497 4652.44 4652.44
2498 4652.44 4652.44
2499 4652.44 4652.44
