0 21961.5 34553.6
1 18741.7 30981.9
2 17745.5 29020.5
3 17698.2 25053.8
4 17593.3 23302.3
5 16867.9 21496.1
6 16169.6 20750.2
7 15239.4 19926.6
8 15139.4 19281.8
9 14814.4 18574.3
10 14121.5 18133.1
11 13979.9 17233.9
12 12892.2 16389.8
13 12892.2 15215.9
14 12892.2 14256.4
15 11544.2 13967.4
16 11544.2 13928.6
17 11524 13453.6
18 11524 13043.7
19 10892.7 12657
20 10479.6 12359
21 10479.6 11959.3
22 10387 11626.7
23 10398 11417.7
24 10312.2 11183.1
25 10196.2 10916
26 9886.17 10938.9
27 9786.1 10780.8
28 9321.01 10688
29 9321.01 10557.7
30 8933.41 10452.9
31 9141.77 10150.8
32 8770.68 10056
33 8742.73 9798.45
34 8741.44 9823.36
35 8213.89 9465.84
36 8352.71 9326.43
37 8259.67 9130.26
38 8259.67 9016.02
39 8213.89 8888.73
40 8199.06 8854.7
41 8199.06 8694.47
42 8180.01 8501.4
43 8180.01 8448.73
44 7910 8326.97
45 7791.84 8193.97
46 7791.84 8187.93
47 7791.84 8071.51
48 7783.09 8008.99
49 7783.09 7959.04
50 7783.09 8002.03
51 7762.5 7952.04
52 7697.59 7960.44
53 7543.17 7970.9
54 7105.45 7894.5
55 7105.45 7733.95
56 7105.45 7751.52
57 7059.19 7584.27
58 7059.19 7484.71
59 7025.29 7424.3
60 7025.29 7250.76
61 7025.29 7243.82
62 6998.47 7170.88
63 6933.78 7124.27
64 6738.13 7099.66
65 6738.13 7164.7
66 6845.81 7192.59
67 6808.82 7204.54
68 6827.2 7277.93
69 6805.67 7475.17
70 6805.67 7355.94
71 6780.48 7426.75
72 6463.81 7393.11
73 6448.6 7351.03
74 6472.76 7328.86
75 6472.76 7309.11
76 6472.76 7241.89
77 6463.81 6985.81
78 6463.81 6966
79 6428.25 6860.65
80 6377.22 6825.34
81 6377.22 6905.49
82 6377.22 6750.23
83 6377.22 6659.52
84 6357.47 6537.77
85 6275.4 6413.45
86 6275.4 6376.46
87 6177.75 6407.21
88 6177.75 6400.67
89 6092.08 6321.53
90 6064.6 6287.87
91 6064.6 6253.56
92 6064.6 6201.86
93 6064.6 6265.18
94 6064.6 6338.08
95 6064.6 6285.26
96 6064.6 6296.61
97 5996.7 6224.94
98 5996.7 6159.3
99 5996.7 6129.92
100 5996.7 6100.78
101 5961.07 6061.95
102 5961.07 6036.53
103 5961.07 6024.6
104 5906.97 6024.7
105 5906.97 5994.37
106 5906.97 5989
107 5906.97 5939.31
108 5906.97 5920.89
109 5906.97 5920.61
110 5858.42 5910.91
111 5858.42 5905.95
112 5858.42 5900.49
113 5858.42 5906.34
114 5858.42 5931.83
115 5858.42 5951.71
116 5825.66 5896.69
117 5825.66 5877.46
118 5825.66 5860.95
119 5727.12 5852.18
120 5727.12 5876.19
121 5715.78 5898.09
122 5715.78 5908.41
123 5715.78 5860.61
124 5715.78 5779.26
125 5715.78 5748.34
126 5715.78 5716.04
127 5715.78 5718.23
128 5711.3 5716.28
129 5711.3 5715.38
130 5642.31 5713.63
131 5702.03 5726.46
132 5711.3 5758.59
133 5639.04 5728.65
134 5639.04 5713.36
135 5639.04 5690.95
136 5616.29 5704.31
137 5611.93 5744.17
138 5553.04 5779.52
139 5553.04 5782.29
140 5553.04 5807.1
141 5553.04 5792.17
142 5553.04 5727.33
143 5553.04 5629.49
144 5553.04 5574.32
145 5553.04 5553.95
146 5553.04 5554.13
147 5553.04 5553.04
148 5553.04 5553.04
149 5553.04 5553.04
150 5553.04 5553.61
151 5553.04 5562.94
152 5553.04 5553.04
153 5553.04 5553.94
154 5553.04 5553.04
155 5553.04 5553.04
156 5553.04 5553.04
157 5553.04 5553.04
158 5548.59 5553
159 5548.59 5552.86
160 5484.74 5551.47
161 5484.74 5544.64
162 5484.74 5531.51
163 5483.86 5561.97
164 5483.86 5546.77
165 5483.86 5527.82
166 5483.86 5505.68
167 5483.86 5484.18
168 5483.86 5484.08
169 5483.86 5483.86
170 5483.86 5483.86
171 5483.86 5483.86
172 5469.83 5483.72
173 5469.83 5482.74
174 5469.83 5479.23
175 5469.83 5472.64
176 5469.83 5471.23
177 5469.83 5470.68
178 5469.83 5469.89
179 5466.21 5470.78
180 5466.21 5469.65
181 5465.21 5468.89
182 5460.9 5467.43
183 5460.9 5465.51
184 5435.92 5463.22
185 5435 5460.48
186 5430.69 5456.61
187 5430.69 5443.06
188 5430.69 5440.68
189 5430.69 5431.59
190 5430.69 5430.79
191 5422.31 5430.61
192 5422.31 5429.85
193 5422.31 5429.1
194 5422.31 5426.58
195 5415.22 5424.16
196 5415.22 5422.61
197 5399.6 5419.24
198 5399.6 5416.89
199 5399.6 5409.9
200 5399.6 5404.79
201 5399.6 5402.66
202 5399.6 5400.86
203 5399.6 5399.87
204 5399.6 5399.6
205 5314.68 5398.75
206 5314.68 5399.14
207 5310.29 5392.59
208 5310.29 5372.98
209 5210.61 5348.26
210 5210.61 5335.32
211 5210.61 5316.69
212 5210.61 5284.72
213 5210.61 5280.36
214 5210.61 5238.23
215 5210.61 5225.75
216 5210.61 5226.02
217 5210.61 5227.62
218 5210.61 5222.69
219 5210.61 5215.65
220 5210.61 5232.4
221 5210.61 5237.25
222 5210.61 5229.3
223 5210.61 5219.56
224 5210.61 5210.61
225 5203.62 5210.47
226 5203.62 5209.63
227 5202.94 5207.25
228 5202.94 5206.79
229 5202.94 5204.75
230 5202.94 5203.95
231 5202.94 5203.21
232 5202.94 5203.07
233 5202.94 5202.94
234 5202.94 5202.95
235 5202.94 5203.15
236 5202.94 5203.05
237 5202.94 5222.73
238 5202.9 5202.94
239 5202.9 5202.94
240 5202.9 5202.93
241 5202.9 5202.92
242 5202.9 5202.91
243 5202.9 5204.58
244 5202.9 5203.04
245 5202.9 5204.33
246 5202.9 5213.22
247 5202.9 5204.01
248 5202.9 5202.9
249 5202.9 5202.9
250 5202.9 5202.9
251 5202.9 5202.9
252 5202.9 5202.9
253 5202.9 5211.8
254 5195.92 5203.32
255 5202.9 5204.1
256 5202.9 5202.9
257 5202.9 5202.9
258 5202.9 5210.84
259 5202.9 5202.9
260 5202.9 5202.9
261 5202.9 5202.9
262 5202.9 5202.9
263 5197.8 5202.83
264 5197.8 5202.59
265 5197.8 5201.93
266 5197.8 5200.55
267 5197.8 5199.9
268 5197.8 5198.31
269 5197.8 5197.8
270 5197.8 5197.8
271 5197.8 5197.8
272 5197.8 5197.8
273 5197.8 5197.8
274 5197.8 5197.8
275 5197.8 5197.8
276 5197.8 5197.8
277 5197.8 5197.8
278 5194.77 5197.77
279 5194.77 5199.26
280 5194.77 5198.06
281 5194.77 5196.62
282 5194.77 5195.92
283 5194.77 5207.59
284 5194.77 5203.8
285 5194.77 5194.83
286 5194.77 5194.77
287 5194.77 5194.77
288 5194.77 5194.77
289 5194.77 5194.77
290 5194.77 5194.77
291 5194.77 5194.77
292 5194.77 5194.77
293 5194.77 5194.77
294 5194.77 5194.77
295 5194.77 5194.77
296 5194.77 5194.77
297 5194.77 5194.77
298 5194.77 5194.77
299 5194.77 5194.77
300 5194.77 5194.77
301 5194.77 5194.77
302 5194.77 5194.77
303 5194.77 5194.77
304 5194.77 5194.77
305 5194.77 5194.77
306 5194.77 5194.77
307 5189.66 5194.72
308 5194.77 5218.07
309 5194.77 5206.81
310 5194.77 5197.97
311 5194.77 5210.82
312 5194.77 5238.01
313 5185.09 5203.51
314 5185.09 5193.99
315 5185.09 5192.33
316 5185.09 5187.96
317 5185.09 5186.24
318 5185.09 5185.09
319 5185.09 5185.09
320 5185.09 5185.09
321 5185.09 5185.09
322 5185.09 5185.09
323 5185.09 5185.09
324 5185.09 5185.09
325 5143.78 5184.71
326 5143.78 5211.56
327 5143.78 5193.52
328 5143.78 5183.32
329 5143.78 5187.01
330 5143.78 5168
331 5143.78 5143.78
332 5143.78 5143.78
333 5143.78 5143.78
334 5118 5143.53
335 5118 5141.31
336 5118 5135.69
337 5118 5130.02
338 5118 5143.08
339 5118 5145.69
340 5118 5124.8
341 5118 5121.46
342 5118 5125.03
343 5118 5151.54
344 5118 5173.9
345 5118 5127.83
346 5118 5118.74
347 5118 5118
348 5118 5118
349 5118 5118
350 5118 5118
351 5118 5118
352 5118 5118
353 5118 5118
354 5118 5118
355 5118 5118
356 5118 5118
357 5118 5118
358 5118 5118
359 5118 5118
360 5118 5118
361 5118 5118
362 5118 5118
363 5118 5118
364 5118 5118
365 5118 5118
366 5118 5118
367 5118 5118
368 5118 5118
369 5118 5118
370 5118 5118
371 5118 5118
372 5118 5118
373 5118 5118
374 5118 5118
375 5114.78 5117.96
376 5114.78 5117.96
377 5114.78 5161.93
378 5114.78 5198.22
379 5114.78 5273.65
380 5105.42 5385.97
381 5114.78 5418.25
382 5114.78 5440.58
383 5114.78 5607.83
384 5114.78 5508.91
385 5114.78 5473.67
386 5114.78 5710.63
387 5114.78 5793.39
388 5116.61 6054.41
389 5109.99 5872.06
390 5109.99 5653.68
391 5062.36 5910.42
392 5062.36 5638.21
393 5062.36 5446.14
394 5062.36 5535.14
395 5054.22 5387.51
396 5051.16 5241.9
397 5051.16 5248.54
398 5040.87 5163.44
399 5002.02 5112.51
400 5002.02 5112.06
401 4991.57 5115.13
402 4991.57 5146.56
403 4987.89 5024.55
404 4987.89 5041.86
405 4987.89 5072.97
406 4987.63 5135.53
407 4987.63 5143.32
408 4981.09 5060.9
409 4981.09 5065.97
410 4981.09 5027.03
411 4981.09 4990.94
412 4981.09 4998.97
413 4981.09 5009.21
414 4981.09 4983.65
415 4981.09 5003.57
416 4981.09 4982.26
417 4981.09 4981.09
418 4981.09 4981.09
419 4950.32 4980.78
420 4950.32 4979.86
421 4950.32 4976.83
422 4950.32 4975.06
423 4950.32 4985.53
424 4950.32 4980.36
425 4950.32 4962.26
426 4950.32 4950.47
427 4950.32 4950.32
428 4950.32 4950.32
429 4950.32 4950.32
430 4950.32 4950.32
431 4950.32 4950.94
432 4950.32 4950.32
433 4950.32 4950.32
434 4950.32 4950.32
435 4950.32 4950.32
436 4950.32 4950.32
437 4935.83 4950.18
438 4935.83 4948.87
439 4935.83 4946.12
440 4935.83 4944.96
441 4935.83 4942.79
442 4935.83 4940.76
443 4935.83 4938.98
444 4935.83 4938.59
445 4935.83 4936.37
446 4935.83 4937.82
447 4935.83 4935.83
448 4935.83 4935.83
449 4935.83 4935.83
450 4935.83 4935.83
451 4935.83 4935.83
452 4935.83 4935.83
453 4935.83 4935.83
454 4935.83 4935.83
455 4935.83 4935.83
456 4935.83 4935.83
457 4935.83 4935.83
458 4935.83 4935.83
459 4935.83 4935.83
460 4935.83 4935.83
461 4935.83 4935.83
462 4935.83 4935.83
463 4935.83 4935.83
464 4935.83 4935.83
465 4935.83 4935.83
466 4935.83 4935.83
467 4935.83 4935.83
468 4935.83 4935.83
469 4935.83 4935.83
470 4935.83 4935.83
471 4935.83 4935.83
472 4935.83 4935.83
473 4935.83 4935.83
474 4935.83 4935.83
475 4935.83 4935.83
476 4935.83 4935.83
477 4935.83 4935.83
478 4891.89 4935.39
479 4891.89 4933.17
480 4891.89 4929.46
481 4891.89 4920.74
482 4891.89 4910.67
483 4891.89 4895.37
484 4891.89 4891.89
485 4891.89 4891.89
486 4891.89 4891.89
487 4891.89 4891.89
488 4891.89 4891.89
489 4891.89 4894.01
490 4891.89 4891.89
491 4891.89 4891.89
492 4891.89 4891.89
493 4891.89 4891.89
494 4891.89 4891.89
495 4891.89 4891.89
496 4891.89 4891.89
497 4891.89 4891.89
498 4891.89 4891.89
499 4891.89 4891.89
500 4891.89 4891.89
501 4891.89 4891.89
502 4891.89 4891.89
503 4891.89 4891.89
504 4891.89 4891.89
505 4891.89 4891.89
506 4891.89 4891.89
507 4891.89 4891.89
508 4891.89 4891.89
509 4891.89 4891.89
510 4891.89 4891.89
511 4891.89 4891.89
512 4891.89 4891.89
513 4891.61 4891.89
514 4847 4900.19
515 4847 4925.67
516 4847 4962.23
517 4847 5011.96
518 4847 5018.16
519 4847 4953.01
520 4847 4884.26
521 4847 4874.31
522 4847 4847
523 4847 4847
524 4847 4847
525 4847 4858.64
526 4847 4871.63
527 4847 4871.11
528 4847 4895.76
529 4847 4909.99
530 4847 4911.02
531 4847 4875.67
532 4847 4855.06
533 4847 4850.52
534 4847 4847
535 4847 4847
536 4847 4847
537 4847 4847
538 4847 4847
539 4847 4847
540 4847 4847
541 4847 4847
542 4847 4847
543 4847 4847
544 4847 4847
545 4847 4847
546 4847 4847
547 4847 4847
548 4817.39 4846.7
549 4817.39 4843.15
550 4817.39 4837.61
551 4817.39 4826.89
552 4817.39 4820.55
553 4817.39 4821.17
554 4817.39 4817.39
555 4817.39 4817.39
556 4796.8 4817.18
557 4796.8 4815.95
558 4796.8 4814.51
559 4796.8 4807.51
560 4796.8 4801.33
561 4796.8 4796.8
562 4796.8 4796.8
563 4796.8 4796.8
564 4796.8 4796.8
565 4796.8 4796.8
566 4796.8 4796.8
567 4796.8 4796.8
568 4796.8 4796.8
569 4796.8 4796.8
570 4796.8 4796.8
571 4796.8 4796.8
572 4796.8 4796.8
573 4796.8 4796.8
574 4796.8 4796.8
575 4796.8 4796.8
576 4796.8 4796.8
577 4796.8 4796.8
578 4796.8 4796.8
579 4796.8 4796.8
580 4796.8 4796.8
581 4796.8 4796.8
582 4796.8 4796.8
583 4796.8 4796.8
584 4796.8 4796.8
585 4796.8 4797.1
586 4796.8 4796.8
587 4796.8 4812.45
588 4796.8 4824.58
589 4796.8 4820.09
590 4796.8 4807.57
591 4796.8 4800.87
592 4796.8 4822.33
593 4796.8 4800.77
594 4796.8 4796.8
595 4796.8 4796.8
596 4796.8 4796.8
597 4796.8 4796.8
598 4796.8 4796.8
599 4796.8 4796.8
600 4796.8 4796.8
601 4796.8 4796.8
602 4796.8 4796.8
603 4796.8 4796.8
604 4796.8 4796.8
605 4796.8 4796.8
606 4796.8 4796.8
607 4796.8 4796.8
608 4796.8 4796.8
609 4796.8 4796.8
610 4796.8 4796.8
611 4796.8 4796.8
612 4796.8 4796.8
613 4796.8 4796.8
614 4796.8 4796.8
615 4796.8 4796.8
616 4796.8 4796.8
617 4796.8 4811.36
618 4796.8 4796.8
619 4796.8 4796.8
620 4796.8 4796.8
621 4774.58 4796.58
622 4774.58 4794.36
623 4774.58 4789.91
624 4774.58 4785.47
625 4774.58 4780.07
626 4774.58 4774.58
627 4774.58 4774.58
628 4774.58 4774.58
629 4774.58 4774.58
630 4774.58 4774.58
631 4774.58 4774.58
632 4774.58 4774.58
633 4774.58 4774.58
634 4774.58 4774.58
635 4774.58 4774.58
636 4774.58 4774.93
637 4774.58 4774.58
638 4774.58 4774.58
639 4774.58 4774.58
640 4774.58 4774.58
641 4774.58 4774.58
642 4774.58 4774.58
643 4774.58 4774.58
644 4774.58 4774.58
645 4774.58 4774.58
646 4774.58 4774.58
647 4763 4774.47
648 4763 4772.99
649 4763 4769.65
650 4763 4766.98
651 4763 4766.58
652 4763 4772.13
653 4763 4764.48
654 4763 4763.56
655 4763 4763
656 4763 4763
657 4763 4763
658 4763 4763
659 4763 4763
660 4763 4763
661 4763 4763
662 4763 4763
663 4763 4763
664 4763 4763
665 4763 4763
666 4763 4763
667 4763 4763
668 4763 4763
669 4763 4763
670 4763 4763
671 4763 4763
672 4763 4763
673 4763 4763
674 4763 4763
675 4763 4763
676 4763 4763
677 4763 4763
678 4763 4763
679 4763 4763
680 4763 4763
681 4763 4763
682 4763 4763
683 4763 4763
684 4763 4763
685 4763 4763
686 4763 4763
687 4763 4763
688 4763 4763
689 4763 4763
690 4763 4763
691 4763 4763
692 4763 4763
693 4763 4763
694 4763 4763
695 4763 4763
696 4763 4763
697 4763 4763
698 4763 4763
699 4763 4763
700 4763 4763
701 4763 4764.48
702 4763 4764.32
703 4763 4763
704 4763 4763
705 4763 4763
706 4763 4766.03
707 4763 4763
708 4763 4780.69
709 4763 4777.38
710 4763 4763
711 4763 4763
712 4763 4763
713 4763 4763
714 4763 4763
715 4763 4763
716 4763 4763
717 4763 4763
718 4763 4763
719 4763 4763
720 4763 4763
721 4763 4763
722 4763 4763
723 4763 4763
724 4763 4763
725 4763 4763
726 4763 4763
727 4763 4763
728 4763 4763
729 4763 4763
730 4763 4783.17
731 4763 4763
732 4763 4763
733 4763 4763
734 4763 4765.41
735 4763 4764.66
736 4763 4764.8
737 4763 4763
738 4763 4763
739 4763 4763
740 4763 4763
741 4763 4763
742 4763 4763
743 4763 4763
744 4763 4763
745 4763 4763
746 4763 4763
747 4763 4763
748 4763 4763
749 4763 4763
750 4687.27 4763.43
751 4687.27 4783.88
752 4687.27 4875.38
753 4740.06 4939.89
754 4740.06 5086.46
755 4740.06 5178.11
756 4740.06 5103.96
757 4740.06 5164.55
758 4740.06 4984.55
759 4740.06 4905.59
760 4740.06 4946.9
761 4740.06 4899.87
762 4740.06 4823.96
763 4740.06 4853.57
764 4740.06 4793.92
765 4740.06 4740.38
766 4740.06 4756.22
767 4740.06 4754.11
768 4740.06 4762.79
769 4740.06 4740.71
770 4740.06 4775.92
771 4740.06 4822.99
772 4740.06 4790.94
773 4740.06 4750.13
774 4740.06 4740.06
775 4740.06 4740.06
776 4740.06 4740.06
777 4740.06 4740.06
778 4740.06 4740.06
779 4740.06 4740.06
780 4740.06 4740.06
781 4740.06 4740.06
782 4740.06 4741.39
783 4740.06 4746.62
784 4740.06 4742.69
785 4740.06 4741.4
786 4740.06 4740.06
787 4740.06 4740.35
788 4740.06 4740.06
789 4740.06 4741.84
790 4740.06 4740.06
791 4740.06 4740.06
792 4740.06 4740.06
793 4740.06 4740.06
794 4740.06 4740.06
795 4740.06 4740.06
796 4740.06 4740.06
797 4740.06 4740.06
798 4740.06 4740.06
799 4740.06 4740.06
800 4740.06 4740.06
801 4740.06 4740.06
802 4740.06 4740.06
803 4740.06 4740.06
804 4740.06 4740.06
805 4740.06 4740.06
806 4740.06 4740.06
807 4718.59 4739.85
808 4718.59 4739.2
809 4718.59 4734.91
810 4718.59 4726.75
811 4718.59 4719.88
812 4718.59 4718.59
813 4718.59 4718.59
814 4718.59 4718.59
815 4718.59 4718.59
816 4718.59 4718.59
817 4718.59 4718.59
818 4718.59 4718.59
819 4718.59 4718.59
820 4718.59 4718.59
821 4718.59 4718.59
822 4718.59 4718.59
823 4703.47 4718.44
824 4703.47 4721.41
825 4703.47 4746.18
826 4703.47 4815.59
827 4703.47 4912.15
828 4703.47 4863.16
829 4703.47 4828.09
830 4703.47 4875.32
831 4703.47 4816.45
832 4703.47 4806.53
833 4703.47 4749.37
834 4703.47 4763.13
835 4703.47 4733.04
836 4703.47 4759.75
837 4703.47 4727.4
838 4703.47 4716.44
839 4703.47 4703.47
840 4703.47 4703.47
841 4703.47 4703.47
842 4703.47 4703.47
843 4703.47 4703.47
844 4703.47 4703.47
845 4703.47 4703.47
846 4703.47 4703.47
847 4703.47 4703.47
848 4703.47 4703.47
849 4703.47 4703.47
850 4703.47 4703.47
851 4703.47 4703.47
852 4703.47 4703.47
853 4687.32 4703.15
854 4687.32 4707.43
855 4687.32 4711.09
856 4687.32 4711.83
857 4687.32 4693.61
858 4687.32 4688.92
859 4687.32 4687.32
860 4687.32 4687.32
861 4687.32 4687.32
862 4687.32 4687.32
863 4687.32 4687.32
864 4687.32 4687.32
865 4687.32 4689.65
866 4687.32 4688.42
867 4683.55 4689.09
868 4683.55 4708.59
869 4683.55 4689.75
870 4683.55 4694.8
871 4683.55 4690.16
872 4683.55 4685.32
873 4683.55 4684.49
874 4683.55 4694.52
875 4683.55 4683.81
876 4683.55 4683.77
877 4683.55 4683.62
878 4683.55 4683.55
879 4683.55 4685.9
880 4683.55 4683.55
881 4683.55 4689.99
882 4683.55 4699.43
883 4683.55 4743.45
884 4683.55 4708.06
885 4683.55 4692.16
886 4683.55 4687.81
887 4683.55 4683.55
888 4683.55 4683.55
889 4683.55 4683.55
890 4683.55 4683.55
891 4683.55 4683.55
892 4683.55 4683.55
893 4683.55 4683.55
894 4683.55 4683.55
895 4683.55 4683.55
896 4683.55 4683.55
897 4683.55 4683.55
898 4683.55 4683.55
899 4683.55 4683.55
900 4683.55 4683.55
901 4683.55 4683.55
902 4683.55 4683.55
903 4683.55 4683.55
904 4683.55 4683.55
905 4683.55 4683.55
906 4683.55 4683.55
907 4683.55 4683.55
908 4683.55 4684.53
909 4683.55 4688.31
910 4681.79 4698.09
911 4681.79 4686.87
912 4681.79 4683.09
913 4681.79 4684.23
914 4681.79 4683.68
915 4681.79 4686.79
916 4681.79 4696.61
917 4681.79 4682.29
918 4681.79 4681.79
919 4681.79 4681.79
920 4681.79 4681.79
921 4681.79 4681.79
922 4681.79 4681.79
923 4681.79 4681.79
924 4681.79 4681.79
925 4681.79 4681.79
926 4681.79 4681.79
927 4681.79 4681.79
928 4681.79 4681.79
929 4681.79 4681.79
930 4681.79 4681.79
931 4681.79 4681.79
932 4681.79 4681.79
933 4681.79 4682.37
934 4681.79 4682.21
935 4681.79 4682.21
936 4681.79 4699.78
937 4681.79 4681.83
938 4681.79 4681.79
939 4681.79 4681.79
940 4681.79 4681.79
941 4681.79 4681.79
942 4681.79 4681.79
943 4681.79 4681.79
944 4681.79 4681.79
945 4681.79 4681.79
946 4681.79 4681.79
947 4681.79 4681.79
948 4681.79 4681.79
949 4681.79 4681.79
950 4681.79 4681.79
951 4681.79 4681.79
952 4681.79 4681.79
953 4681.79 4681.79
954 4681.79 4741.53
955 4681.79 4751.16
956 4681.79 4693.36
957 4681.79 4691.36
958 4681.79 4682.22
959 4681.79 4681.79
960 4681.79 4681.79
961 4681.79 4681.79
962 4681.79 4681.79
963 4681.79 4681.79
964 4681.79 4681.79
965 4681.79 4681.79
966 4681.79 4681.79
967 4681.79 4681.79
968 4681.79 4681.79
969 4681.79 4681.94
970 4681.79 4697.24
971 4681.79 4683.38
972 4681.79 4688.43
973 4681.79 4681.79
974 4681.79 4681.79
975 4681.79 4681.79
976 4681.79 4681.79
977 4681.79 4681.79
978 4681.79 4681.79
979 4681.79 4681.79
980 4681.79 4681.79
981 4681.79 4681.79
982 4681.79 4681.79
983 4681.79 4681.79
984 4681.79 4681.79
985 4681.79 4681.79
986 4681.79 4681.79
987 4681.79 4681.79
988 4681.79 4681.79
989 4681.79 4681.79
990 4681.79 4681.79
991 4681.79 4681.79
992 4681.79 4681.79
993 4681.79 4681.79
994 4681.79 4681.79
995 4681.79 4687.57
996 4681.79 4684.55
997 4681.79 4683.31
998 4681.79 4688.71
999 4681.79 4747.18
1000 4681.79 4702.11
1001 4681.79 4681.79
1002 4681.79 4684.26
1003 4681.79 4681.79
1004 4681.79 4703.91
1005 4681.79 4703.78
1006 4681.79 4748.05
1007 4681.79 4703.87
1008 4681.79 4715.78
1009 4681.79 4683.9
1010 4681.79 4681.79
1011 4681.79 4698.51
1012 4681.79 4683.39
1013 4681.79 4683.16
1014 4681.79 4685.79
1015 4681.79 4692.94
1016 4681.79 4681.79
1017 4681.79 4681.79
1018 4681.79 4681.79
1019 4681.79 4681.79
1020 4681.79 4681.79
1021 4681.79 4681.79
1022 4681.79 4681.79
1023 4681.79 4681.79
1024 4681.79 4681.79
1025 4681.79 4681.79
1026 4681.79 4681.79
1027 4681.79 4681.79
1028 4681.79 4681.79
1029 4681.79 4681.79
1030 4681.79 4681.79
1031 4681.79 4681.79
1032 4681.79 4681.79
1033 4681.79 4681.79
1034 4681.79 4681.79
1035 4681.79 4688.88
1036 4664.89 4690.43
1037 4664.89 4689.99
1038 4664.89 4704.24
1039 4664.89 4732.49
1040 4664.89 4726.59
1041 4664.89 4718.59
1042 4664.89 4697.53
1043 4664.89 4664.89
1044 4664.89 4664.89
1045 4664.89 4664.89
1046 4664.89 4664.89
1047 4664.89 4664.89
1048 4664.89 4664.89
1049 4664.89 4664.89
1050 4664.89 4664.89
1051 4664.89 4664.89
1052 4664.89 4664.89
1053 4664.89 4664.89
1054 4664.89 4664.89
1055 4664.89 4664.89
1056 4664.89 4664.89
1057 4664.89 4664.89
1058 4664.89 4665
1059 4664.89 4664.89
1060 4664.89 4664.89
1061 4664.89 4664.89
1062 4664.89 4664.89
1063 4664.89 4664.89
1064 4664.89 4664.89
1065 4664.89 4664.89
1066 4664.89 4664.89
1067 4664.89 4666.4
1068 4664.89 4677.23
1069 4645.35 4664.74
1070 4645.35 4662.35
1071 4645.35 4664.07
1072 4645.35 4688.11
1073 4645.35 4699.87
1074 4645.35 4655.59
1075 4645.35 4645.58
1076 4645.35 4648.87
1077 4645.35 4645.35
1078 4645.35 4645.35
1079 4645.35 4645.35
1080 4645.35 4645.35
1081 4645.35 4645.35
1082 4645.35 4645.35
1083 4645.35 4645.35
1084 4645.35 4645.35
1085 4645.35 4645.35
1086 4645.35 4645.35
1087 4645.35 4645.35
1088 4645.35 4645.35
1089 4645.35 4645.35
1090 4645.35 4645.35
1091 4645.35 4645.35
1092 4645.35 4645.35
1093 4645.35 4645.35
1094 4645.35 4645.35
1095 4645.35 4645.35
1096 4645.35 4645.35
1097 4645.35 4645.35
1098 4645.35 4645.35
1099 4645.35 4645.35
1100 4645.35 4645.35
1101 4645.35 4645.35
1102 4645.35 4645.35
1103 4645.35 4645.35
1104 4645.35 4645.35
1105 4645.35 4645.35
1106 4645.35 4648.67
1107 4645.35 4645.35
1108 4645.35 4645.35
1109 4645.35 4645.35
1110 4645.35 4645.35
1111 4645.35 4645.35
1112 4645.35 4645.35
1113 4645.35 4645.35
1114 4645.35 4645.35
1115 4645.35 4645.35
1116 4645.35 4646.11
1117 4645.35 4645.35
1118 4645.35 4645.35
1119 4645.35 4645.35
1120 4645.35 4645.44
1121 4645.35 4645.35
1122 4645.35 4647.89
1123 4645.35 4645.35
1124 4645.35 4645.35
1125 4645.35 4645.35
1126 4645.35 4645.35
1127 4645.35 4645.35
1128 4645.35 4645.35
1129 4645.35 4645.35
1130 4645.35 4645.35
1131 4645.35 4645.35
1132 4645.35 4645.35
1133 4645.35 4645.35
1134 4645.35 4645.35
1135 4645.35 4645.35
1136 4645.35 4648.38
1137 4645.35 4685.55
1138 4645.35 4664.04
1139 4645.35 4662.87
1140 4645.35 4656.53
1141 4645.35 4656.91
1142 4645.35 4649.42
1143 4645.35 4645.35
1144 4645.35 4646.92
1145 4645.35 4648.58
1146 4645.35 4645.35
1147 4645.35 4648.06
1148 4645.35 4645.35
1149 4645.35 4648.89
1150 4645.35 4645.35
1151 4645.35 4645.35
1152 4645.35 4645.35
1153 4645.35 4645.35
1154 4645.35 4645.35
1155 4645.35 4645.35
1156 4645.35 4645.35
1157 4645.35 4667.15
1158 4645.35 4673.66
1159 4645.35 4648.67
1160 4645.35 4646.17
1161 4645.35 4645.35
1162 4645.35 4645.35
1163 4645.35 4645.35
1164 4645.35 4645.35
1165 4645.35 4645.35
1166 4645.35 4645.35
1167 4645.35 4645.35
1168 4645.35 4645.35
1169 4645.35 4645.35
1170 4645.35 4655.55
1171 4645.35 4645.71
1172 4645.35 4645.35
1173 4645.35 4645.35
1174 4645.35 4645.35
1175 4645.35 4645.35
1176 4645.35 4645.35
1177 4645.35 4645.35
1178 4645.35 4645.35
1179 4645.35 4645.35
1180 4645.35 4645.35
1181 4645.35 4645.35
1182 4645.35 4645.35
1183 4645.35 4645.35
1184 4645.35 4645.35
1185 4645.35 4645.35
1186 4645.35 4645.35
1187 4645.35 4645.35
1188 4645.35 4645.35
1189 4645.35 4645.35
1190 4645.35 4646.36
1191 4645.35 4647.5
1192 4645.35 4645.35
1193 4645.35 4645.35
1194 4645.35 4645.35
1195 4645.35 4645.35
1196 4645.35 4645.35
1197 4645.35 4645.35
1198 4645.35 4645.35
1199 4645.35 4645.35
1200 4645.35 4645.35
1201 4645.35 4645.35
1202 4645.35 4645.35
1203 4645.35 4645.35
1204 4645.35 4645.35
1205 4645.35 4645.35
1206 4645.35 4645.35
1207 4645.35 4645.35
1208 4645.35 4645.35
1209 4645.35 4645.35
1210 4645.35 4645.35
1211 4645.35 4645.35
1212 4645.35 4645.35
1213 4645.35 4645.35
1214 4645.35 4645.35
1215 4645.35 4645.35
1216 4645.35 4645.35
1217 4645.35 4645.35
1218 4645.35 4645.35
1219 4645.35 4645.35
1220 4645.35 4645.35
1221 4645.35 4645.35
1222 4645.35 4645.35
1223 4645.35 4645.35
1224 4645.35 4645.35
1225 4645.35 4645.35
1226 4645.35 4645.35
1227 4645.35 4645.35
1228 4645.35 4645.35
1229 4645.35 4645.35
1230 4645.35 4645.35
1231 4645.35 4645.35
1232 4645.35 4645.35
1233 4645.35 4645.35
1234 4645.35 4645.35
1235 4645.35 4645.35
1236 4645.35 4645.35
1237 4645.35 4645.35
1238 4645.35 4645.35
1239 4645.35 4645.35
1240 4645.35 4645.35
1241 4645.35 4652.73
1242 4645.35 4656.1
1243 4645.35 4655.02
1244 4645.35 4645.35
1245 4645.35 4645.35
1246 4645.35 4645.35
1247 4645.35 4645.35
1248 4645.35 4645.35
1249 4645.35 4674.51
1250 4645.35 4645.35
1251 4645.35 4645.35
1252 4645.35 4645.35
1253 4645.35 4645.35
1254 4645.35 4664.28
1255 4645.35 4693.78
1256 4645.35 4703.07
1257 4645.35 4658.65
1258 4645.35 4647.51
1259 4645.35 4645.35
1260 4645.35 4645.35
1261 4645.35 4645.35
1262 4645.35 4645.35
1263 4645.35 4645.35
1264 4645.35 4645.35
1265 4645.35 4645.35
1266 4645.35 4645.35
1267 4645.35 4645.35
1268 4645.35 4645.35
1269 4645.35 4645.35
1270 4645.35 4645.35
1271 4645.35 4645.35
1272 4645.35 4645.35
1273 4645.35 4645.35
1274 4645.35 4645.35
1275 4645.35 4645.35
1276 4645.35 4645.35
1277 4645.35 4645.35
1278 4645.35 4645.35
1279 4645.35 4645.35
1280 4645.35 4645.35
1281 4645.35 4645.35
1282 4645.35 4645.35
1283 4645.35 4645.35
1284 4645.35 4645.35
1285 4645.35 4645.35
1286 4645.35 4645.35
1287 4645.35 4645.35
1288 4645.35 4645.35
1289 4645.35 4645.35
1290 4645.35 4645.35
1291 4645.35 4645.35
1292 4645.35 4645.35
1293 4645.35 4645.35
1294 4645.35 4645.35
1295 4645.35 4647.54
1296 4645.35 4645.35
1297 4645.35 4645.35
1298 4645.35 4645.35
1299 4645.35 4645.35
1300 4645.35 4645.35
1301 4645.35 4645.35
1302 4645.35 4645.35
1303 4645.35 4645.35
1304 4645.35 4645.35
1305 4645.35 4645.35
1306 4645.35 4645.35
1307 4645.35 4645.35
1308 4645.35 4666.21
1309 4645.35 4645.35
1310 4645.35 4645.35
1311 4645.35 4645.35
1312 4645.35 4645.35
1313 4645.35 4645.35
1314 4645.35 4645.35
1315 4645.35 4645.35
1316 4645.35 4645.35
1317 4645.35 4645.35
1318 4645.35 4648.33
1319 4645.35 4645.35
1320 4645.35 4648.85
1321 4645.35 4658.58
1322 4645.35 4645.35
1323 4645.35 4645.35
1324 4645.35 4646.51
1325 4645.35 4650.05
1326 4645.35 4651
1327 4645.35 4662.69
1328 4645.35 4649.18
1329 4645.35 4646.6
1330 4645.35 4656.21
1331 4645.35 4645.35
1332 4645.35 4645.35
1333 4645.35 4645.35
1334 4645.35 4645.35
1335 4645.35 4645.35
1336 4645.35 4645.35
1337 4645.35 4645.35
1338 4645.35 4645.35
1339 4645.35 4645.35
1340 4645.35 4645.35
1341 4645.35 4645.35
1342 4645.35 4645.35
1343 4645.35 4645.35
1344 4645.35 4645.35
1345 4645.35 4645.35
1346 4645.35 4647.01
1347 4645.35 4653
1348 4645.35 4645.35
1349 4645.35 4645.35
1350 4645.35 4645.35
1351 4645.35 4645.35
1352 4645.35 4645.35
1353 4645.35 4645.35
1354 4645.35 4645.35
1355 4645.35 4645.35
1356 4645.35 4645.35
1357 4645.35 4645.35
1358 4645.35 4645.35
1359 4645.35 4645.35
1360 4645.35 4645.35
1361 4645.35 4645.35
1362 4645.35 4645.35
1363 4645.35 4645.35
1364 4645.35 4645.35
1365 4645.35 4645.35
1366 4645.35 4645.35
1367 4645.35 4645.35
1368 4645.35 4645.35
1369 4645.35 4645.35
1370 4645.35 4645.35
1371 4645.35 4645.35
1372 4645.35 4646.8
1373 4645.35 4645.35
1374 4645.35 4645.35
1375 4645.35 4645.35
1376 4645.35 4645.35
1377 4645.35 4645.35
1378 4645.35 4645.35
1379 4645.35 4645.35
1380 4645.35 4645.35
1381 4645.35 4645.35
1382 4645.35 4645.35
1383 4645.35 4645.35
1384 4645.35 4645.35
1385 4645.35 4645.35
1386 4645.35 4645.35
1387 4645.35 4647.24
1388 4645.35 4646.29
1389 4645.35 4645.35
1390 4645.35 4645.35
1391 4645.35 4645.35
1392 4645.35 4645.35
1393 4645.35 4645.35
1394 4645.35 4645.35
1395 4645.35 4645.35
1396 4645.35 4645.35
1397 4645.35 4645.35
1398 4645.35 4645.35
1399 4645.35 4645.35
1400 4645.35 4645.35
1401 4645.35 4645.35
1402 4645.35 4645.35
1403 4645.35 4645.35
1404 4645.35 4645.35
1405 4645.35 4645.35
1406 4645.35 4645.35
1407 4645.35 4647.89
1408 4645.35 4645.35
1409 4645.35 4645.35
1410 4645.35 4645.35
1411 4645.35 4645.35
1412 4645.35 4645.35
1413 4645.35 4645.35
1414 4645.35 4645.35
1415 4645.35 4645.35
1416 4645.35 4647.16
1417 4645.35 4646.83
1418 4645.35 4646.1
1419 4645.35 4645.35
1420 4645.35 4645.35
1421 4645.35 4645.35
1422 4645.35 4645.35
1423 4645.35 4645.35
1424 4645.35 4645.35
1425 4645.35 4645.35
1426 4645.35 4645.35
1427 4645.35 4645.35
1428 4645.35 4645.35
1429 4645.35 4645.35
1430 4645.35 4645.35
1431 4645.35 4648.97
1432 4645.35 4645.35
1433 4645.35 4645.35
1434 4645.35 4645.35
1435 4645.35 4645.35
1436 4645.35 4645.35
1437 4645.35 4645.35
1438 4645.35 4653.97
1439 4645.35 4645.54
1440 4645.35 4679.02
1441 4645.35 4651.1
1442 4645.35 4664.03
1443 4645.35 4645.35
1444 4645.35 4645.35
1445 4645.35 4645.35
1446 4637.14 4645.27
1447 4637.14 4644.86
1448 4637.14 4644.53
1449 4637.14 4642.88
1450 4637.14 4640.75
1451 4637.14 4639.52
1452 4637.14 4637.14
1453 4637.14 4637.14
1454 4637.14 4637.14
1455 4637.14 4637.14
1456 4637.14 4637.14
1457 4637.14 4637.14
1458 4637.14 4637.98
1459 4637.14 4637.14
1460 4637.14 4640.32
1461 4637.14 4642.84
1462 4637.14 4675.52
1463 4637.14 4645.32
1464 4637.14 4672.71
1465 4637.14 4637.38
1466 4637.14 4637.22
1467 4637.14 4637.14
1468 4637.14 4637.14
1469 4637.14 4637.14
1470 4637.14 4642.85
1471 4637.14 4663.05
1472 4637.14 4652.99
1473 4637.14 4637.14
1474 4637.14 4637.14
1475 4637.14 4637.14
1476 4637.14 4637.14
1477 4637.14 4637.14
1478 4637.14 4637.14
1479 4637.14 4639.92
1480 4637.14 4664.69
1481 4637.14 4649.18
1482 4637.14 4742.26
1483 4637.14 4665.85
1484 4637.14 4660.23
1485 4637.14 4661.2
1486 4637.14 4669.06
1487 4637.14 4637.46
1488 4637.14 4637.5
1489 4637.14 4637.42
1490 4637.14 4637.14
1491 4637.14 4665.3
1492 4637.14 4650.68
1493 4637.14 4637.27
1494 4637.14 4637.14
1495 4637.14 4637.14
1496 4637.14 4637.39
1497 4637.14 4637.14
1498 4637.14 4637.14
1499 4637.14 4649.48
1500 4637.14 4640.27
1501 4637.14 4637.14
1502 4637.14 4637.14
1503 4637.14 4637.44
1504 4637.14 4637.14
1505 4637.14 4637.14
1506 4637.14 4637.14
1507 4637.14 4637.14
1508 4637.14 4637.14
1509 4637.14 4637.14
1510 4637.14 4637.14
1511 4637.14 4637.14
1512 4637.14 4637.14
1513 4637.14 4637.14
1514 4637.14 4639.37
1515 4637.14 4637.14
1516 4637.14 4637.14
1517 4637.14 4637.14
1518 4637.14 4643.79
1519 4637.14 4637.14
1520 4637.14 4637.14
1521 4637.14 4637.14
1522 4637.14 4638.1
1523 4637.14 4638.03
1524 4637.14 4638.09
1525 4637.14 4639.58
1526 4637.14 4663.23
1527 4637.14 4711.49
1528 4637.14 4673.91
1529 4637.14 4654.2
1530 4637.14 4664.6
1531 4637.14 4669.74
1532 4637.14 4676.29
1533 4637.14 4745.52
1534 4637.14 4692.02
1535 4637.14 4715.27
1536 4637.14 4640.3
1537 4637.14 4637.14
1538 4637.14 4637.14
1539 4637.14 4637.14
1540 4637.14 4637.14
1541 4637.14 4637.14
1542 4637.14 4637.14
1543 4637.14 4637.14
1544 4637.14 4637.14
1545 4637.14 4637.14
1546 4637.14 4637.14
1547 4637.14 4637.14
1548 4637.14 4637.14
1549 4637.14 4637.14
1550 4637.14 4637.14
1551 4637.14 4637.14
1552 4637.14 4637.14
1553 4637.14 4637.14
1554 4637.14 4650.56
1555 4637.14 4651.32
1556 4637.14 4692.79
1557 4637.14 4651.03
1558 4637.14 4701.07
1559 4637.14 4637.14
1560 4637.14 4637.14
1561 4637.14 4637.14
1562 4637.14 4637.14
1563 4637.14 4637.14
1564 4637.14 4637.14
1565 4637.14 4637.44
1566 4637.14 4637.52
1567 4637.14 4664.8
1568 4637.14 4650.87
1569 4637.14 4637.14
1570 4637.14 4638.26
1571 4637.14 4637.14
1572 4637.14 4656.37
1573 4637.14 4664.87
1574 4637.14 4806.96
1575 4637.14 4771.31
1576 4637.14 4741.48
1577 4637.14 4648.23
1578 4637.14 4648.16
1579 4637.14 4639.43
1580 4637.14 4637.88
1581 4637.14 4637.14
1582 4637.14 4637.14
1583 4637.14 4648.05
1584 4637.14 4641.82
1585 4637.14 4695.19
1586 4637.14 4665.79
1587 4637.14 4661.97
1588 4637.14 4657.2
1589 4637.14 4640.86
1590 4637.14 4637.14
1591 4637.14 4637.2
1592 4637.14 4637.14
1593 4637.14 4637.99
1594 4637.14 4637.14
1595 4637.14 4637.14
1596 4637.14 4637.14
1597 4637.14 4637.14
1598 4637.14 4640.87
1599 4637.14 4637.14
1600 4637.14 4642.64
1601 4637.14 4637.14
1602 4637.14 4637.14
1603 4637.14 4637.14
1604 4637.14 4637.14
1605 4637.14 4637.14
1606 4637.14 4637.14
1607 4637.14 4637.14
1608 4637.14 4637.14
1609 4637.14 4637.14
1610 4637.14 4637.14
1611 4637.14 4637.14
1612 4637.14 4637.14
1613 4637.14 4664.77
1614 4637.14 4724.82
1615 4637.14 4663.31
1616 4637.14 4676.5
1617 4637.14 4656.27
1618 4637.14 4653.12
1619 4637.14 4698.25
1620 4637.14 4673.75
1621 4637.14 4670.28
1622 4637.14 4672.91
1623 4637.14 4644.94
1624 4637.14 4656.93
1625 4637.14 4653.64
1626 4637.14 4638.51
1627 4637.14 4637.14
1628 4637.14 4637.14
1629 4637.14 4637.14
1630 4637.14 4637.14
1631 4637.14 4637.14
1632 4637.14 4637.14
1633 4637.14 4637.14
1634 4637.14 4637.14
1635 4637.14 4637.14
1636 4637.14 4637.14
1637 4637.14 4639.83
1638 4637.14 4638.53
1639 4637.14 4639.32
1640 4637.14 4637.14
1641 4637.14 4637.14
1642 4637.14 4637.14
1643 4637.14 4637.14
1644 4637.14 4637.14
1645 4637.14 4644.25
1646 4637.14 4637.14
1647 4637.14 4637.14
1648 4637.14 4637.14
1649 4637.14 4650
1650 4637.14 4643.22
1651 4637.14 4641.92
1652 4637.14 4655.19
1653 4637.14 4644.54
1654 4637.14 4637.14
1655 4637.14 4638.7
1656 4637.14 4637.51
1657 4637.14 4637.14
1658 4637.14 4637.14
1659 4637.14 4637.14
1660 4637.14 4637.14
1661 4637.14 4637.14
1662 4637.14 4637.14
1663 4637.14 4637.14
1664 4637.14 4637.14
1665 4637.14 4637.14
1666 4637.14 4637.14
1667 4637.14 4637.14
1668 4637.14 4637.14
1669 4637.14 4637.14
1670 4637.14 4637.14
1671 4637.14 4637.14
1672 4637.14 4637.14
1673 4637.14 4637.14
1674 4637.14 4637.14
1675 4637.14 4637.14
1676 4637.14 4640.22
1677 4637.14 4660.32
1678 4637.14 4639.67
1679 4637.14 4637.14
1680 4637.14 4637.14
1681 4637.14 4637.14
1682 4637.14 4637.14
1683 4637.14 4637.14
1684 4637.14 4637.14
1685 4637.14 4637.14
1686 4637.14 4637.14
1687 4637.14 4637.14
1688 4637.14 4637.14
1689 4637.14 4637.14
1690 4637.14 4637.14
1691 4637.14 4637.14
1692 4637.14 4646.4
1693 4637.14 4754.59
1694 4637.14 4802.3
1695 4637.14 4740.41
1696 4637.14 4659.69
1697 4637.14 4687.43
1698 4637.14 4637.14
1699 4637.14 4637.14
1700 4637.14 4637.14
1701 4637.14 4637.14
1702 4637.14 4637.14
1703 4637.14 4637.14
1704 4637.14 4637.14
1705 4637.14 4637.14
1706 4637.14 4637.14
1707 4637.14 4637.14
1708 4637.14 4637.14
1709 4637.14 4637.14
1710 4637.14 4637.14
1711 4637.14 4637.14
1712 4637.14 4637.14
1713 4637.14 4637.14
1714 4637.14 4639.25
1715 4637.14 4646.25
1716 4637.14 4647.95
1717 4637.14 4637.14
1718 4637.14 4637.14
1719 4637.14 4637.14
1720 4637.14 4637.14
1721 4637.14 4637.14
1722 4637.14 4637.14
1723 4637.14 4637.14
1724 4637.14 4637.14
1725 4637.14 4637.14
1726 4637.14 4637.14
1727 4637.14 4637.14
1728 4637.14 4637.14
1729 4637.14 4637.14
1730 4637.14 4637.14
1731 4637.14 4637.14
1732 4637.14 4637.14
1733 4637.14 4637.14
1734 4637.14 4637.14
1735 4637.14 4637.14
1736 4637.14 4637.14
1737 4637.14 4637.14
1738 4637.14 4637.14
1739 4637.14 4637.14
1740 4637.14 4637.14
1741 4637.14 4651.96
1742 4637.14 4669.63
1743 4637.14 4699.34
1744 4637.14 4637.14
1745 4637.14 4637.14
1746 4637.14 4637.14
1747 4637.14 4637.14
1748 4637.14 4637.14
1749 4637.14 4637.14
1750 4637.14 4637.14
1751 4637.14 4637.14
1752 4637.14 4637.14
1753 4637.14 4641.56
1754 4637.14 4661.66
1755 4637.14 4646.99
1756 4637.14 4637.14
1757 4637.14 4638.09
1758 4637.14 4637.14
1759 4637.14 4637.14
1760 4637.14 4637.14
1761 4637.14 4637.14
1762 4637.14 4637.14
1763 4637.14 4637.33
1764 4637.14 4637.14
1765 4637.14 4637.14
1766 4637.14 4637.14
1767 4637.14 4637.14
1768 4637.14 4637.14
1769 4637.14 4637.14
1770 4637.14 4637.14
1771 4637.14 4637.14
1772 4637.14 4637.6
1773 4637.14 4637.14
1774 4637.14 4637.14
1775 4637.14 4637.14
1776 4637.14 4637.14
1777 4637.14 4649.94
1778 4637.14 4654.87
1779 4637.14 4645.56
1780 4637.14 4637.14
1781 4637.14 4637.14
1782 4637.14 4637.14
1783 4637.14 4637.14
1784 4637.14 4637.14
1785 4637.14 4637.14
1786 4637.14 4637.14
1787 4637.14 4637.14
1788 4637.14 4637.14
1789 4637.14 4637.14
1790 4637.14 4637.14
1791 4637.14 4637.14
1792 4637.14 4637.14
1793 4637.14 4637.14
1794 4637.14 4637.14
1795 4637.14 4637.14
1796 4637.14 4637.14
1797 4637.14 4637.14
1798 4637.14 4637.14
1799 4637.14 4637.14
1800 4637.14 4637.14
1801 4637.14 4637.14
1802 4637.14 4637.14
1803 4637.14 4637.14
1804 4637.14 4637.14
1805 4637.14 4637.14
1806 4637.14 4637.14
1807 4637.14 4637.14
1808 4637.14 4637.14
1809 4637.14 4637.14
1810 4637.14 4637.14
1811 4637.14 4637.14
1812 4637.14 4637.14
1813 4637.14 4637.14
1814 4637.14 4637.14
1815 4637.14 4637.14
1816 4637.14 4637.14
1817 4637.14 4637.14
1818 4637.14 4637.14
1819 4637.14 4637.14
1820 4637.14 4637.14
1821 4637.14 4637.14
1822 4637.14 4637.14
1823 4637.14 4637.14
1824 4637.14 4637.14
1825 4637.14 4637.14
1826 4637.14 4637.14
1827 4637.14 4637.14
1828 4637.14 4637.14
1829 4637.14 4638.25
1830 4637.14 4637.14
1831 4637.14 4637.14
1832 4637.14 4637.14
1833 4637.14 4637.14
1834 4637.14 4637.14
1835 4637.14 4637.14
1836 4637.14 4637.14
1837 4637.14 4637.14
1838 4637.14 4637.14
1839 4637.14 4637.14
1840 4637.14 4637.14
1841 4637.14 4637.14
1842 4637.14 4637.14
1843 4637.14 4637.14
1844 4637.14 4637.14
1845 4637.14 4637.14
1846 4637.14 4637.14
1847 4637.14 4637.14
1848 4637.14 4637.14
1849 4637.14 4637.14
1850 4637.14 4637.14
1851 4637.14 4637.14
1852 4637.14 4637.14
1853 4637.14 4637.14
1854 4637.14 4637.14
1855 4637.14 4637.14
1856 4637.14 4637.14
1857 4637.14 4637.14
1858 4637.14 4637.14
1859 4637.14 4637.14
1860 4637.14 4637.14
1861 4637.14 4641.03
1862 4637.14 4638.43
1863 4637.14 4637.14
1864 4637.14 4637.14
1865 4637.14 4637.14
1866 4637.14 4637.14
1867 4637.14 4637.14
1868 4637.14 4637.14
1869 4637.14 4637.14
1870 4637.14 4637.14
1871 4637.14 4637.14
1872 4637.14 4637.14
1873 4637.14 4637.14
1874 4637.14 4637.14
1875 4637.14 4637.14
1876 4637.14 4637.14
1877 4637.14 4637.14
1878 4637.14 4638.09
1879 4637.14 4637.14
1880 4637.14 4637.14
1881 4637.14 4637.14
1882 4637.14 4637.14
1883 4637.14 4637.14
1884 4637.14 4637.14
1885 4637.14 4637.14
1886 4637.14 4637.14
1887 4637.14 4637.14
1888 4637.14 4637.14
1889 4637.14 4637.14
1890 4637.14 4637.14
1891 4637.14 4637.14
1892 4637.14 4637.14
1893 4637.14 4637.14
1894 4637.14 4637.14
1895 4637.14 4637.14
1896 4637.14 4637.14
1897 4637.14 4637.14
1898 4637.14 4637.14
1899 4637.14 4637.14
1900 4637.14 4637.14
1901 4637.14 4637.14
1902 4637.14 4637.14
1903 4637.14 4637.14
1904 4637.14 4637.14
1905 4637.14 4637.14
1906 4637.14 4637.14
1907 4637.14 4637.14
1908 4637.14 4637.14
1909 4637.14 4637.14
1910 4637.14 4637.14
1911 4637.14 4651.19
1912 4637.14 4637.14
1913 4637.14 4637.14
1914 4637.14 4637.14
1915 4637.14 4637.14
1916 4637.14 4637.56
1917 4637.14 4637.14
1918 4637.14 4637.14
1919 4637.14 4637.14
1920 4637.14 4637.14
1921 4637.14 4637.14
1922 4637.14 4637.14
1923 4637.14 4637.14
1924 4637.14 4637.14
1925 4637.14 4637.14
1926 4637.14 4637.14
1927 4637.14 4637.14
1928 4637.14 4637.14
1929 4637.14 4637.14
1930 4637.14 4637.14
1931 4637.14 4637.14
1932 4637.14 4637.14
1933 4637.14 4637.14
1934 4637.14 4637.14
1935 4637.14 4637.14
1936 4637.14 4637.14
1937 4637.14 4637.14
1938 4637.14 4637.14
1939 4637.14 4637.14
1940 4637.14 4637.14
1941 4637.14 4637.14
1942 4637.14 4637.14
1943 4637.14 4637.14
1944 4637.14 4637.14
1945 4637.14 4637.14
1946 4637.14 4637.14
1947 4637.14 4637.14
1948 4637.14 4637.14
1949 4637.14 4637.14
1950 4637.14 4637.14
1951 4637.14 4637.14
1952 4637.14 4637.14
1953 4637.14 4637.14
1954 4637.14 4645.69
1955 4637.14 4637.14
1956 4637.14 4637.34
1957 4637.14 4637.14
1958 4637.14 4637.14
1959 4637.14 4637.14
1960 4637.14 4637.14
1961 4637.14 4642.05
1962 4637.14 4646.55
1963 4637.14 4637.14
1964 4637.14 4637.14
1965 4637.14 4637.14
1966 4637.14 4637.14
1967 4637.14 4637.14
1968 4637.14 4637.14
1969 4637.14 4637.14
1970 4637.14 4637.14
1971 4637.14 4637.14
1972 4637.14 4637.14
1973 4637.14 4637.14
1974 4637.14 4637.14
1975 4637.14 4637.14
1976 4637.14 4637.14
1977 4637.14 4637.14
1978 4637.14 4637.14
1979 4637.14 4637.14
1980 4637.14 4637.14
1981 4637.14 4637.14
1982 4637.14 4637.14
1983 4637.14 4637.14
1984 4637.14 4637.14
1985 4637.14 4637.14
1986 4637.14 4637.14
1987 4637.14 4670.59
1988 4637.14 4749.18
1989 4637.14 4723.03
1990 4637.14 4703.31
1991 4637.14 4698.9
1992 4637.14 4650.24
1993 4637.14 4637.23
1994 4637.14 4637.7
1995 4637.14 4637.14
1996 4637.14 4637.14
1997 4637.14 4637.14
1998 4637.14 4637.14
1999 4637.14 4637.14
2000 4637.14 4650.41
2001 4637.14 4653.99
2002 4637.14 4637.14
2003 4637.14 4637.14
2004 4637.14 4637.14
2005 4637.14 4637.14
2006 4637.14 4637.14
2007 4637.14 4643.44
2008 4637.14 4637.14
2009 4637.14 4637.14
2010 4637.14 4637.14
2011 4637.14 4638.42
2012 4637.14 4637.14
2013 4637.14 4637.14
2014 4637.14 4637.14
2015 4637.14 4637.14
2016 4637.14 4637.14
2017 4637.14 4637.14
2018 4637.14 4637.14
2019 4637.14 4637.14
2020 4637.14 4637.14
2021 4637.14 4637.14
2022 4637.14 4637.14
2023 4637.14 4637.14
2024 4637.14 4637.14
2025 4637.14 4643.16
2026 4637.14 4638.71
2027 4637.14 4639.26
2028 4637.14 4653.28
2029 4637.14 4642.38
2030 4637.14 4637.14
2031 4637.14 4637.14
2032 4637.14 4637.14
2033 4637.14 4637.14
2034 4637.14 4637.14
2035 4637.14 4637.14
2036 4637.14 4637.14
2037 4637.14 4639.23
2038 4637.14 4637.14
2039 4637.14 4637.14
2040 4637.14 4637.14
2041 4637.14 4637.14
2042 4637.14 4637.14
2043 4637.14 4637.14
2044 4637.14 4637.14
2045 4637.14 4637.14
2046 4637.14 4637.14
2047 4637.14 4637.14
2048 4637.14 4637.14
2049 4637.14 4647.18
2050 4637.14 4643.13
2051 4637.14 4661.71
2052 4637.14 4637.14
2053 4637.14 4644.48
2054 4637.14 4642.73
2055 4637.14 4639.39
2056 4637.14 4637.14
2057 4637.14 4637.14
2058 4637.14 4637.14
2059 4637.14 4637.14
2060 4637.14 4637.14
2061 4637.14 4637.14
2062 4637.14 4637.14
2063 4637.14 4637.14
2064 4637.14 4637.14
2065 4637.14 4637.14
2066 4637.14 4637.14
2067 4637.14 4637.14
2068 4637.14 4637.14
2069 4637.14 4637.14
2070 4637.14 4637.14
2071 4637.14 4637.14
2072 4637.14 4637.14
2073 4637.14 4637.14
2074 4637.14 4637.14
2075 4637.14 4643.04
2076 4637.14 4637.14
2077 4637.14 4637.14
2078 4637.14 4637.14
2079 4637.14 4637.14
2080 4637.14 4637.14
2081 4637.14 4637.14
2082 4637.14 4637.14
2083 4637.14 4637.14
2084 4637.14 4637.14
2085 4637.14 4637.14
2086 4637.14 4637.14
2087 4637.14 4637.14
2088 4637.14 4637.14
2089 4637.14 4637.14
2090 4637.14 4637.14
2091 4637.14 4637.14
2092 4637.14 4637.14
2093 4637.14 4637.14
2094 4637.14 4637.14
2095 4637.14 4637.14
2096 4637.14 4637.14
2097 4637.14 4637.14
2098 4637.14 4637.14
2099 4637.14 4637.14
2100 4637.14 4637.14
2101 4637.14 4637.14
2102 4637.14 4637.14
2103 4637.14 4637.14
2104 4637.14 4637.14
2105 4637.14 4637.14
2106 4637.14 4637.14
2107 4637.14 4637.14
2108 4637.14 4643.34
2109 4637.14 4637.14
2110 4637.14 4637.14
2111 4637.14 4637.14
2112 4637.14 4637.14
2113 4637.14 4637.14
2114 4637.14 4637.14
2115 4637.14 4637.14
2116 4637.14 4637.14
2117 4637.14 4637.14
2118 4637.14 4637.14
2119 4637.14 4637.14
2120 4637.14 4637.14
2121 4637.14 4637.14
2122 4637.14 4637.14
2123 4637.14 4637.14
2124 4637.14 4637.14
2125 4637.14 4637.14
2126 4637.14 4637.14
2127 4637.14 4637.14
2128 4637.14 4637.14
2129 4637.14 4637.14
2130 4637.14 4637.14
2131 4637.14 4637.14
2132 4637.14 4637.14
2133 4637.14 4637.14
2134 4637.14 4637.14
2135 4637.14 4637.14
2136 4637.14 4637.14
2137 4637.14 4637.14
2138 4637.14 4637.14
2139 4637.14 4637.14
2140 4637.14 4637.14
2141 4637.14 4637.14
2142 4637.14 4637.14
2143 4637.14 4637.14
2144 4637.14 4637.14
2145 4637.14 4637.14
2146 4637.14 4637.14
2147 4637.14 4637.14
2148 4637.14 4637.14
2149 4637.14 4637.14
2150 4637.14 4637.14
2151 4637.14 4637.14
2152 4637.14 4639.43
2153 4637.14 4637.14
2154 4637.14 4637.14
2155 4637.14 4640.15
2156 4637.14 4663.67
2157 4637.14 4637.14
2158 4637.14 4637.14
2159 4637.14 4637.14
2160 4637.14 4637.14
2161 4637.14 4637.14
2162 4637.14 4637.14
2163 4637.14 4637.14
2164 4637.14 4637.14
2165 4637.14 4637.14
2166 4637.14 4637.14
2167 4637.14 4637.14
2168 4637.14 4637.14
2169 4637.14 4637.14
2170 4637.14 4637.14
2171 4637.14 4637.14
2172 4637.14 4637.14
2173 4637.14 4637.14
2174 4637.14 4637.14
2175 4637.14 4637.14
2176 4637.14 4637.14
2177 4637.14 4637.14
2178 4637.14 4639.47
2179 4637.14 4643.02
2180 4637.14 4637.14
2181 4637.14 4637.14
2182 4637.14 4637.14
2183 4637.14 4637.14
2184 4637.14 4637.14
2185 4637.14 4637.14
2186 4637.14 4637.14
2187 4637.14 4637.14
2188 4637.14 4637.14
2189 4637.14 4637.14
2190 4637.14 4637.14
2191 4637.14 4637.14
2192 4637.14 4637.14
2193 4637.14 4637.14
2194 4637.14 4637.14
2195 4637.14 4637.14
2196 4637.14 4637.14
2197 4637.14 4637.14
2198 4637.14 4637.14
2199 4637.14 4637.14
2200 4637.14 4637.14
2201 4637.14 4637.14
2202 4637.14 4637.14
2203 4637.14 4637.14
2204 4637.14 4637.14
2205 4637.14 4655.1
2206 4637.14 4647.43
2207 4637.14 4645.47
2208 4637.14 4647.86
2209 4637.14 4637.14
2210 4637.14 4637.14
2211 4637.14 4637.14
2212 4637.14 4637.14
2213 4637.14 4638.01
2214 4637.14 4637.14
2215 4637.14 4637.14
2216 4637.14 4639.28
2217 4637.14 4637.14
2218 4637.14 4637.14
2219 4637.14 4637.14
2220 4637.14 4637.14
2221 4637.14 4637.14
2222 4637.14 4637.14
2223 4637.14 4638.45
2224 4637.14 4637.14
2225 4637.14 4637.14
2226 4637.14 4637.14
2227 4637.14 4637.14
2228 4637.14 4637.14
2229 4637.14 4637.14
2230 4637.14 4637.14
2231 4637.14 4637.14
2232 4637.14 4637.14
2233 4637.14 4637.14
2234 4637.14 4637.14
2235 4637.14 4637.14
2236 4637.14 4637.14
2237 4637.14 4637.14
2238 4637.14 4637.14
2239 4637.14 4637.14
2240 4637.14 4637.14
2241 4637.14 4637.14
2242 4637.14 4637.14
2243 4637.14 4637.14
2244 4637.14 4637.14
2245 4637.14 4637.14
2246 4637.14 4637.14
2247 4637.14 4637.14
2248 4637.14 4637.14
2249 4637.14 4637.14
2250 4637.14 4637.14
2251 4637.14 4637.14
2252 4637.14 4637.14
2253 4637.14 4637.14
2254 4637.14 4637.14
2255 4637.14 4637.14
2256 4637.14 4637.14
2257 4637.14 4637.14
2258 4637.14 4637.14
2259 4637.14 4637.14
2260 4637.14 4637.14
2261 4637.14 4637.14
2262 4637.14 4637.14
2263 4637.14 4637.14
2264 4637.14 4637.14
2265 4637.14 4637.14
2266 4637.14 4639.6
2267 4637.14 4637.14
2268 4637.14 4637.14
2269 4637.14 4637.14
2270 4637.14 4637.14
2271 4637.14 4637.14
2272 4637.14 4637.14
2273 4637.14 4637.14
2274 4637.14 4637.14
2275 4637.14 4637.14
2276 4637.14 4637.76
2277 4637.14 4637.14
2278 4637.14 4640.08
2279 4637.14 4637.14
2280 4637.14 4637.14
2281 4637.14 4637.14
2282 4637.14 4637.14
2283 4637.14 4637.14
2284 4637.14 4637.14
2285 4637.14 4637.14
2286 4637.14 4637.14
2287 4637.14 4637.14
2288 4637.14 4637.14
2289 4637.14 4637.14
2290 4637.14 4637.14
2291 4637.14 4637.14
2292 4637.14 4637.14
2293 4637.14 4637.14
2294 4637.14 4637.14
2295 4637.14 4637.14
2296 4637.14 4637.14
2297 4637.14 4637.14
2298 4637.14 4637.14
2299 4637.14 4637.14
2300 4637.14 4637.14
2301 4637.14 4638.13
2302 4637.14 4642.71
2303 4637.14 4637.14
2304 4637.14 4637.14
2305 4637.14 4637.14
2306 4637.14 4637.14
2307 4637.14 4657.18
2308 4637.14 4637.14
2309 4637.14 4637.14
2310 4637.14 4637.14
2311 4637.14 4637.14
2312 4637.14 4637.14
2313 4637.14 4637.14
2314 4637.14 4637.14
2315 4637.14 4637.14
2316 4637.14 4637.14
2317 4637.14 4637.14
2318 4637.14 4637.14
2319 4637.14 4638.1
2320 4637.14 4637.14
2321 4637.14 4637.14
2322 4637.14 4637.14
2323 4637.14 4637.14
2324 4637.14 4637.14
2325 4637.14 4643.28
2326 4637.14 4637.14
2327 4637.14 4637.14
2328 4637.14 4637.14
2329 4637.14 4637.14
2330 4637.14 4637.14
2331 4637.14 4637.14
2332 4637.14 4637.14
2333 4637.14 4637.14
2334 4637.14 4637.14
2335 4637.14 4637.14
2336 4637.14 4637.14
2337 4637.14 4637.14
2338 4637.14 4637.14
2339 4637.14 4637.14
2340 4637.14 4637.14
2341 4637.14 4637.14
2342 4637.14 4637.14
2343 4637.14 4637.14
2344 4637.14 4637.14
2345 4637.14 4637.14
2346 4637.14 4637.14
2347 4637.14 4637.14
2348 4637.14 4637.14
2349 4637.14 4637.14
2350 4637.14 4637.14
2351 4637.14 4637.14
2352 4637.14 4637.14
2353 4637.14 4637.14
2354 4637.14 4637.14
2355 4637.14 4637.14
2356 4637.14 4637.14
2357 4637.14 4637.14
2358 4637.14 4637.14
2359 4637.14 4637.14
2360 4637.14 4637.14
2361 4637.14 4637.14
2362 4637.14 4637.14
2363 4637.14 4637.14
2364 4637.14 4637.14
2365 4637.14 4637.14
2366 4637.14 4637.14
2367 4637.14 4637.14
2368 4637.14 4637.14
2369 4637.14 4637.14
2370 4637.14 4637.14
2371 4637.14 4637.14
2372 4637.14 4637.14
2373 4637.14 4637.14
2374 4637.14 4637.14
2375 4637.14 4637.14
2376 4637.14 4637.14
2377 4637.14 4637.14
2378 4637.14 4637.14
2379 4637.14 4637.14
2380 4637.14 4637.52
2381 4637.14 4637.14
2382 4637.14 4637.14
2383 4637.14 4637.14
2384 4637.14 4637.14
2385 4637.14 4637.14
2386 4637.14 4637.14
2387 4637.14 4637.14
2388 4637.14 4637.14
2389 4637.14 4637.14
2390 4637.14 4637.14
2391 4637.14 4637.14
2392 4637.14 4637.62
2393 4637.14 4637.14
2394 4637.14 4637.14
2395 4637.14 4637.14
2396 4637.14 4637.14
2397 4637.14 4637.14
2398 4637.14 4637.14
2399 4637.14 4637.14
2400 4637.14 4637.14
2401 4637.14 4637.14
2402 4637.14 4637.14
2403 4637.14 4637.14
2404 4637.14 4637.14
2405 4637.14 4637.14
2406 4637.14 4637.14
2407 4637.14 4637.14
2408 4637.14 4637.14
2409 4637.14 4637.14
2410 4637.14 4637.14
2411 4637.14 4637.14
2412 4637.14 4637.14
2413 4637.14 4637.14
2414 4637.14 4637.14
2415 4637.14 4637.14
2416 4637.14 4637.14
2417 4637.14 4637.14
2418 4637.14 4637.14
2419 4637.14 4637.14
2420 4637.14 4637.14
2421 4637.14 4637.14
2422 4637.14 4637.14
2423 4637.14 4638.52
2424 4637.14 4637.14
2425 4637.14 4637.14
2426 4637.14 4641.74
2427 4637.14 4637.14
2428 4637.14 4649.38
2429 4637.14 4639.72
2430 4637.14 4637.14
2431 4637.14 4637.14
2432 4637.14 4640.26
2433 4637.14 4637.14
2434 4637.14 4637.14
2435 4637.14 4637.14
2436 4637.14 4637.43
2437 4637.14 4637.14
2438 4637.14 4637.14
2439 4637.14 4637.88
2440 4637.14 4637.14
2441 4637.14 4637.14
2442 4637.14 4637.94
2443 4637.14 4637.14
2444 4637.14 4637.14
2445 4637.14 4637.14
2446 4637.14 4637.14
2447 4637.14 4637.14
2448 4637.14 4637.14
2449 4637.14 4637.14
2450 4637.14 4637.14
2451 4637.14 4637.14
2452 4637.14 4637.14
2453 4637.14 4638.99
2454 4637.14 4690.55
2455 4637.14 4740
2456 4637.14 4664.96
2457 4637.14 4652.36
2458 4637.14 4675.62
2459 4637.14 4650.78
2460 4637.14 4637.62
2461 4637.14 4638.74
2462 4637.14 4637.14
2463 4637.14 4637.14
2464 4637.14 4637.14
2465 4637.14 4639.84
2466 4637.14 4637.25
2467 4637.14 4638.38
2468 4637.14 4637.14
2469 4637.14 4637.22
2470 4637.14 4637.14
2471 4637.14 4638.46
2472 4637.14 4637.56
2473 4637.14 4637.14
2474 4637.14 4638.77
2475 4637.14 4637.8
2476 4637.14 4637.14
2477 4637.14 4637.14
2478 4637.14 4637.14
2479 4637.14 4637.14
2480 4637.14 4637.14
2481 4637.14 4637.14
2482 4637.14 4637.14
2483 4637.14 4637.14
2484 4637.14 4637.14
2485 4637.14 4637.14
2486 4637.14 4637.14
2487 4637.14 4637.14
2488 4637.14 4637.14
2489 4637.14 4653.79
2490 4637.14 4637.14
2491 4637.14 4637.14
2492 4637.14 4637.14
2493 4637.14 4637.14
2494 4637.14 4637.14
2495 4637.14 4637.14
2496 4637.14 4637.14
2497 4637.14 4637.14
2498 4637.14 4637.14
2499 4637.14 4637.14
