0 23743.7 35229.6
1 23966.8 32599.2
2 18654.3 27941.3
3 18654.3 25460.9
4 18654.3 24039.6
5 18446 23242.8
6 17801 21831.2
7 16149.3 20105.8
8 15681 19382.8
9 15115.5 18646.1
10 14947 17381.5
11 14451.1 16513.9
12 13833.8 15668.2
13 13233.3 15660.5
14 13108.7 15081.5
15 12601.3 14636
16 12581.2 14243.7
17 12036.9 13907.5
18 12202.3 13520.2
19 12160.4 13179.9
20 11502.1 12982.4
21 11616.1 12900.9
22 11616.1 12785.3
23 11627 12687.8
24 11458.2 12551.3
25 11073.4 12345.1
26 10888.4 12310.5
27 10603.1 12290.6
28 10603.1 12174.7
29 9749.28 11695.8
30 8977.13 11375.6
31 8977.13 10835.3
32 8977.13 10232.6
33 8900.98 9963.37
34 8843.04 9767.01
35 8843.04 9390.16
36 8823.89 9317.48
37 8433.47 9171.74
38 8302.31 9032.84
39 8323.56 8941.75
40 8323.56 8791.16
41 8229.93 8703.72
42 8318.98 8716.58
43 8318.98 8676.86
44 8231.01 8567.21
45 8093.03 8441.03
46 8056.33 8277.12
47 8056.33 8290.61
48 8038.12 8274.21
49 8038.12 8263.57
50 7955.26 8172.61
51 7935.08 8081.08
52 7935.08 8040.05
53 7821.72 8039.53
54 7584.56 7961.21
55 7539.61 7895.61
56 7539.57 7866.77
57 7438.14 7998.42
58 7492.52 8070.35
59 7452.52 8108.77
60 7169.43 8107.08
61 7438.14 8295.35
62 7169.43 7959.35
63 7169.43 8051.15
64 7169.43 7970.07
65 7169.43 7902.3
66 7169.43 8134.9
67 7169.43 8373.15
68 7169.43 8236.04
69 7169.43 8131.72
70 7116.74 8451.39
71 7116.74 8104.73
72 7116.74 7641.54
73 6924.06 7407.17
74 6958.04 7317.69
75 6955.47 7247.86
76 6804.29 7249.83
77 6821.6 7158.89
78 6667.85 7127.02
79 6667.85 7149.29
80 6553.82 6991.76
81 6553.82 6892.75
82 6486.16 6814.89
83 6393.22 6746.03
84 6442.63 6773.15
85 6432.57 6676.42
86 6372.13 6692.18
87 6328.6 6614.59
88 6328.6 6567.85
89 6328.6 6571.42
90 6205.07 6543.75
91 6205.07 6426.89
92 6144.16 6367.45
93 6144.16 6317.89
94 6144.16 6259.99
95 6068.75 6223.67
96 6068.75 6189.82
97 6068.75 6238.4
98 6068.75 6233.16
99 6068.75 6251.86
100 6068.75 6205.33
101 6048.79 6135.34
102 6048.79 6071.39
103 6048.79 6060.43
104 6048.79 6060.35
105 6048.79 6048.79
106 6048.79 6048.79
107 6048.79 6048.79
108 6048.79 6048.79
109 6048.79 6051.04
110 6048.79 6048.79
111 6048.79 6048.79
112 6048.79 6048.79
113 5925.85 6047.08
114 5925.85 6038.54
115 5925.85 6012.78
116 5925.85 5986.67
117 5925.85 5977.99
118 5847.25 5954.82
119 5847.25 5979.62
120 5847.25 5940.62
121 5846.07 5885.21
122 5812.32 5883.07
123 5812.32 5879.08
124 5812.32 5871.48
125 5812.32 5882.98
126 5812.32 5880.11
127 5807.1 5841.85
128 5807.1 5861.61
129 5807.1 5849.01
130 5807.1 5814.81
131 5807.1 5819.66
132 5807.1 5807.73
133 5770.13 5806.18
134 5770.13 5803.11
135 5770.13 5797
136 5770.13 5789.58
137 5744.05 5776.79
138 5744.05 5774.23
139 5744.05 5768.14
140 5740.36 5762.53
141 5740.36 5756.21
142 5740.36 5749.46
143 5740.36 5751.12
144 5740.36 5742.26
145 5740.36 5741.8
146 5740.36 5740.36
147 5740.36 5740.36
148 5740.36 5740.36
149 5740.36 5740.36
150 5740.36 5740.36
151 5716.02 5740.11
152 5740.36 5745.7
153 5740.36 5811.11
154 5714.28 5788.1
155 5714.28 5759.67
156 5714.28 5740.15
157 5714.28 5734.1
158 5714.28 5728.99
159 5714.28 5721.32
160 5714.28 5717.85
161 5714.28 5727.66
162 5714.28 5716.25
163 5714.28 5714.28
164 5714.28 5714.28
165 5714.28 5715.02
166 5714.28 5714.28
167 5710.25 5714.2
168 5710.25 5713.47
169 5710.25 5712.26
170 5689.3 5710.97
171 5689.3 5709.24
172 5687.55 5706.97
173 5687.55 5702.59
174 5687.55 5698.98
175 5687.55 5690.58
176 5683.05 5687.91
177 5683.05 5687.47
178 5683.05 5687.86
179 5683.05 5794.67
180 5683.05 5786.39
181 5683.05 5704.36
182 5683.05 5683.05
183 5683.05 5683.05
184 5683.05 5683.05
185 5683.05 5683.05
186 5683.05 5683.05
187 5617.53 5682.39
188 5683.05 5703.11
189 5683.05 5684.92
190 5568.27 5681.9
191 5568.27 5679.68
192 5572.27 5711.55
193 5572.27 5730.08
194 5444.98 5778.98
195 5444.98 5808.85
196 5444.98 5684.69
197 5443.21 5525.09
198 5443.21 5488.3
199 5443.21 5515.68
200 5443.21 5455.43
201 5443.21 5443.79
202 5443.21 5443.58
203 5443.21 5443.21
204 5443.21 5443.21
205 5443.21 5443.21
206 5443.21 5443.21
207 5443.21 5443.21
208 5443.21 5443.21
209 5443.21 5443.21
210 5443.21 5443.21
211 5443.21 5443.21
212 5443.21 5443.21
213 5443.21 5443.21
214 5443.21 5443.21
215 5443.21 5443.21
216 5443.21 5443.21
217 5443.21 5443.21
218 5443.21 5443.21
219 5443.21 5443.21
220 5443.21 5443.21
221 5443.21 5443.21
222 5443.21 5443.21
223 5443.21 5443.21
224 5443.21 5443.21
225 5443.21 5450.97
226 5430.49 5472.72
227 5430.49 5465.33
228 5405.54 5479.38
229 5405.54 5435.42
230 5405.54 5433.44
231 5405.54 5420.78
232 5405.54 5414.49
233 5405.54 5410.17
234 5405.54 5411.45
235 5338.77 5404.87
236 5338.77 5405.93
237 5338.77 5398.81
238 5338.77 5385.38
239 5338.77 5365.9
240 5338.77 5353.42
241 5338.77 5354.46
242 5338.77 5345.42
243 5338.77 5338.85
244 5338.77 5338.77
245 5338.77 5338.77
246 5338.77 5338.95
247 5318.81 5338.57
248 5304.31 5336.43
249 5304.31 5326.65
250 5291.99 5321.91
251 5235.53 5397.07
252 5287.04 5407.19
253 5287.04 5386.91
254 5287.04 5404.12
255 5287.04 5401.19
256 5256.68 5349.38
257 5256.68 5323.47
258 5230.4 5347.31
259 5230.4 5335.9
260 5194.95 5421.32
261 5194.95 5378.79
262 5194.95 5386.01
263 5194.95 5533.55
264 5194.95 5426.29
265 5194.95 5430.17
266 5194.95 5280.25
267 5194.95 5228.22
268 5194.95 5206.22
269 5194.95 5198.83
270 5194.95 5196.06
271 5194.95 5196.99
272 5194.95 5194.95
273 5194.95 5194.95
274 5194.95 5194.95
275 5194.95 5194.95
276 5194.95 5194.95
277 5194.95 5194.95
278 5194.95 5194.95
279 5194.95 5194.95
280 5169.36 5194.69
281 5169.36 5191.99
282 5169.36 5185.34
283 5169.36 5179.35
284 5169.36 5173.71
285 5169.36 5169.36
286 5145.38 5169.12
287 5145.38 5166.96
288 5145.38 5193.13
289 5145.38 5170.1
290 5145.38 5169.92
291 5145.38 5157.6
292 5145.38 5147.14
293 5145.38 5145.38
294 5145.38 5145.38
295 5145.38 5145.38
296 5145.38 5145.38
297 5145.38 5145.38
298 5145.38 5145.38
299 5145.38 5145.38
300 5145.38 5157.81
301 5142.31 5159.49
302 5142.31 5148.14
303 5142.31 5145.97
304 5082.07 5143.59
305 5082.07 5154.05
306 5082.07 5135.45
307 5079 5128.84
308 5079 5146.75
309 5079 5137.68
310 5075.81 5117.96
311 5075.81 5123.45
312 5075.81 5078.56
313 5074.67 5077.67
314 5074.67 5076.36
315 5074.67 5075.74
316 5074.67 5075.6
317 5074.67 5074.96
318 5074.67 5074.69
319 5074.67 5074.67
320 5074.67 5074.67
321 5074.67 5074.67
322 5074.67 5074.67
323 5074.67 5074.67
324 5074.67 5074.67
325 5074.67 5074.67
326 5074.67 5074.67
327 5074.67 5074.67
328 5074.67 5074.67
329 5074.67 5074.67
330 5074.67 5074.67
331 5074.67 5074.67
332 4989.7 5073.82
333 4989.7 5072.97
334 4989.7 5067.02
335 4989.7 5044.93
336 4989.7 5019
337 4989.7 5005.03
338 4989.7 4990.55
339 4989.7 4990.39
340 4980.02 4989.6
341 4911.55 4988.14
342 4921.22 4986.75
343 4921.22 4979.13
344 4911.55 4964.82
345 4911.55 4944.02
346 4911.55 4935.18
347 4911.55 4914.42
348 4911.55 4911.55
349 4911.55 4911.55
350 4911.55 4911.55
351 4911.55 4911.55
352 4911.55 4911.55
353 4911.55 4911.55
354 4911.55 4911.55
355 4911.55 4911.55
356 4911.55 4911.55
357 4911.55 4911.55
358 4911.55 4911.55
359 4911.55 4911.55
360 4911.55 4911.55
361 4911.36 4911.54
362 4911.36 4920.15
363 4909.07 4911.44
364 4901.13 4911.06
365 4901.13 4910.26
366 4901.13 4907.72
367 4901.13 4903.98
368 4901.13 4901.49
369 4901.13 4901.95
370 4901.13 4901.13
371 4901.13 4901.13
372 4901.13 4901.13
373 4901.13 4901.13
374 4900.72 4901.12
375 4891.79 4901.01
376 4891.39 4900.13
377 4884.63 4898.19
378 4884.63 4895.46
379 4884.63 4896.49
380 4884.63 4900.96
381 4884.63 4914.17
382 4884.63 4901.03
383 4884.63 4897.65
384 4884.63 4898.92
385 4874.18 4908.91
386 4874.18 4925.32
387 4874.18 4945.26
388 4874.18 4891.05
389 4865.65 4900.09
390 4865.65 4879.9
391 4865.65 4886.66
392 4865.65 4895.94
393 4865.65 4885.96
394 4865.65 4874.67
395 4865.65 4871.87
396 4865.65 4866.42
397 4865.65 4865.65
398 4865.65 4865.65
399 4865.65 4865.65
400 4865.65 4865.65
401 4865.65 4865.65
402 4865.65 4865.65
403 4865.65 4865.65
404 4865.65 4865.65
405 4865.65 4865.65
406 4865.65 4865.65
407 4865.65 4865.65
408 4865.65 4865.65
409 4865.65 4865.65
410 4865.65 4865.65
411 4865.65 4865.65
412 4865.65 4865.65
413 4865.65 4865.65
414 4865.65 4865.65
415 4865.65 4865.65
416 4865.65 4865.65
417 4865.65 4865.65
418 4865.65 4865.65
419 4865.65 4865.65
420 4865.65 4865.65
421 4865.65 4865.65
422 4865.65 4865.65
423 4865.65 4867.46
424 4865.65 4871.64
425 4865.65 4865.65
426 4848.73 4865.48
427 4848.73 4863.96
428 4848.73 4860.91
429 4848.73 4858.04
430 4848.73 4855.84
431 4848.73 4852.38
432 4848.73 4850.08
433 4848.73 4848.73
434 4848.73 4848.73
435 4848.73 4848.73
436 4848.73 4848.73
437 4848.73 4848.73
438 4848.73 4848.73
439 4848.73 4848.81
440 4848.73 4848.73
441 4848.73 4848.73
442 4848.73 4848.73
443 4848.73 4848.73
444 4848.73 4848.73
445 4848.73 4848.73
446 4848.73 4848.73
447 4848.73 4848.73
448 4848.73 4848.73
449 4848.73 4848.73
450 4848.73 4848.73
451 4848.73 4848.73
452 4848.73 4848.73
453 4848.73 4848.73
454 4848.73 4848.73
455 4848.73 4848.73
456 4848.73 4848.73
457 4848.73 4848.73
458 4848.73 4848.73
459 4848.73 4848.73
460 4848.73 4848.73
461 4848.73 4848.73
462 4848.73 4848.73
463 4848.73 4848.73
464 4848.73 4848.73
465 4848.73 4848.73
466 4848.73 4848.73
467 4848.73 4848.73
468 4848.73 4848.73
469 4848.73 4848.73
470 4848.73 4848.73
471 4848.73 4848.73
472 4848.73 4848.73
473 4848.73 4848.73
474 4848.73 4848.73
475 4848.73 4848.73
476 4848.73 4848.73
477 4848.73 4848.73
478 4848.73 4850.33
479 4848.73 4848.73
480 4848.73 4848.94
481 4848.73 4848.73
482 4848.73 4848.73
483 4848.73 4848.73
484 4848.73 4848.73
485 4848.73 4848.73
486 4848.73 4848.73
487 4848.73 4848.73
488 4848.73 4848.73
489 4848.73 4848.73
490 4848.73 4848.73
491 4848.73 4848.73
492 4848.73 4848.73
493 4848.73 4848.73
494 4848.73 4848.73
495 4848.73 4848.73
496 4848.73 4848.73
497 4848.73 4848.73
498 4848.73 4848.73
499 4848.73 4848.73
500 4848.73 4848.73
501 4848.73 4848.73
502 4848.73 4848.73
503 4848.73 4848.73
504 4848.73 4848.73
505 4848.73 4848.73
506 4848.73 4848.73
507 4848.73 4848.73
508 4846.36 4876.39
509 4846.36 4882.35
510 4846.36 4849.71
511 4841.64 4852.34
512 4841.64 4880.39
513 4841.64 4860.04
514 4841.64 4863.15
515 4841.64 4859.59
516 4841.64 4864.92
517 4841.64 4855.79
518 4841.64 4882.34
519 4841.64 4852.43
520 4841.64 4845.75
521 4841.64 4841.64
522 4841.64 4841.64
523 4841.64 4842.46
524 4841.64 4841.64
525 4841.64 4841.64
526 4841.64 4841.64
527 4841.64 4841.64
528 4841.64 4841.64
529 4841.64 4841.64
530 4841.64 4841.64
531 4841.64 4841.64
532 4841.64 4841.64
533 4841.64 4841.92
534 4841.64 4841.64
535 4841.64 4841.64
536 4841.64 4841.64
537 4841.64 4841.64
538 4841.64 4841.64
539 4841.64 4841.64
540 4841.64 4841.64
541 4841.64 4841.64
542 4841.64 4841.64
543 4841.64 4841.64
544 4841.64 4841.64
545 4841.64 4841.64
546 4841.64 4841.64
547 4841.64 4841.64
548 4841.64 4841.64
549 4841.64 4841.64
550 4841.64 4841.64
551 4841.64 4841.64
552 4841.64 4841.64
553 4841.64 4841.64
554 4841.64 4841.64
555 4841.64 4841.64
556 4841.64 4849.5
557 4841.64 4841.64
558 4841.64 4844.59
559 4841.64 4841.64
560 4841.64 4841.64
561 4841.64 4841.64
562 4841.64 4841.64
563 4841.64 4848.31
564 4841.64 4887.34
565 4841.64 4888.13
566 4841.64 4869.45
567 4841.64 4844.42
568 4789.25 4841.27
569 4789.25 4840.76
570 4789.25 4838.32
571 4789.25 4831.69
572 4789.25 4845.07
573 4789.25 4854.86
574 4789.25 4824.58
575 4789.25 4824.41
576 4789.25 4802.94
577 4780.52 4789.16
578 4780.52 4789.16
579 4780.52 4788.11
580 4780.52 4786.19
581 4780.52 4784.36
582 4780.52 4782.81
583 4780.52 4781.83
584 4780.52 4780.52
585 4780.52 4780.66
586 4780.52 4782.38
587 4780.52 4780.96
588 4780.52 4780.52
589 4780.52 4780.52
590 4780.52 4780.52
591 4780.52 4780.52
592 4780.52 4780.52
593 4780.52 4780.52
594 4780.52 4780.52
595 4780.52 4780.52
596 4780.52 4780.52
597 4780.52 4780.52
598 4780.52 4780.52
599 4780.52 4780.52
600 4780.52 4780.52
601 4780.52 4780.52
602 4767.74 4780.39
603 4767.74 4779.75
604 4767.74 4776.69
605 4767.74 4771.58
606 4767.74 4767.74
607 4767.74 4768.76
608 4767.74 4769.52
609 4767.74 4782.77
610 4767.74 4769.1
611 4767.74 4767.74
612 4767.74 4767.74
613 4767.74 4767.74
614 4767.74 4767.74
615 4767.74 4767.74
616 4767.74 4767.74
617 4767.74 4767.74
618 4767.74 4767.74
619 4767.74 4767.94
620 4767.74 4767.74
621 4767.74 4767.74
622 4767.74 4767.74
623 4767.74 4767.74
624 4767.74 4767.74
625 4767.74 4768.39
626 4767.74 4794.74
627 4767.74 4768.44
628 4767.74 4768.76
629 4767.74 4767.74
630 4767.74 4767.74
631 4767.74 4767.74
632 4767.74 4767.74
633 4767.74 4767.74
634 4767.74 4767.74
635 4767.74 4768.77
636 4767.74 4767.74
637 4767.74 4767.74
638 4767.74 4767.74
639 4767.74 4767.74
640 4767.74 4767.74
641 4767.74 4767.74
642 4767.74 4767.74
643 4767.74 4767.74
644 4767.74 4767.74
645 4767.74 4767.74
646 4767.74 4767.74
647 4767.74 4767.74
648 4767.74 4768.64
649 4767.74 4767.92
650 4767.74 4767.74
651 4767.74 4767.92
652 4767.74 4767.97
653 4767.74 4767.74
654 4767.74 4767.74
655 4767.74 4767.74
656 4767.74 4767.74
657 4767.74 4767.74
658 4767.74 4767.74
659 4767.74 4767.74
660 4767.74 4767.74
661 4767.74 4767.74
662 4767.74 4767.74
663 4767.74 4767.74
664 4767.74 4767.74
665 4767.74 4767.74
666 4767.74 4767.74
667 4767.74 4767.74
668 4767.74 4767.74
669 4767.74 4768.01
670 4767.74 4767.74
671 4687.27 4768.45
672 4687.27 4764.22
673 4687.27 4754.69
674 4687.27 4733.79
675 4687.27 4721.55
676 4687.27 4729.02
677 4687.27 4702.3
678 4687.27 4715.49
679 4687.27 4721.37
680 4687.27 4695.35
681 4687.27 4687.27
682 4687.27 4687.27
683 4687.27 4687.27
684 4687.27 4687.27
685 4687.27 4687.27
686 4687.27 4687.27
687 4687.27 4687.27
688 4687.27 4687.27
689 4687.27 4687.27
690 4687.27 4687.27
691 4687.27 4687.96
692 4687.27 4687.27
693 4687.27 4687.27
694 4687.27 4687.27
695 4687.27 4687.27
696 4687.27 4687.27
697 4687.27 4687.27
698 4687.27 4687.27
699 4687.27 4687.27
700 4687.27 4687.27
701 4687.27 4689.4
702 4687.27 4708.11
703 4687.27 4699.22
704 4687.27 4690.05
705 4687.27 4689.72
706 4687.27 4689.4
707 4687.27 4714.93
708 4687.27 4741.04
709 4687.27 4693.68
710 4687.27 4692.8
711 4687.27 4687.38
712 4687.27 4687.27
713 4687.27 4687.27
714 4687.27 4687.27
715 4687.27 4687.4
716 4687.27 4687.27
717 4687.27 4688.97
718 4687.27 4688.85
719 4687.27 4687.27
720 4687.27 4687.27
721 4687.27 4687.27
722 4687.27 4689.31
723 4687.27 4687.27
724 4687.27 4687.27
725 4687.27 4687.27
726 4687.27 4687.27
727 4687.27 4687.27
728 4687.27 4687.27
729 4687.27 4687.27
730 4687.27 4687.27
731 4687.27 4687.27
732 4687.27 4687.89
733 4687.27 4687.27
734 4687.27 4687.27
735 4687.27 4687.52
736 4687.27 4687.27
737 4687.27 4687.27
738 4687.27 4687.27
739 4687.27 4687.27
740 4687.27 4687.27
741 4687.27 4687.27
742 4687.27 4687.27
743 4687.27 4687.27
744 4687.27 4687.27
745 4687.27 4687.27
746 4687.27 4687.27
747 4687.27 4687.27
748 4687.27 4687.27
749 4687.27 4687.27
750 4687.27 4687.27
751 4687.27 4687.27
752 4687.27 4687.27
753 4687.27 4687.27
754 4687.27 4687.27
755 4687.27 4687.27
756 4687.27 4687.27
757 4687.27 4687.27
758 4687.27 4687.27
759 4687.27 4687.27
760 4687.27 4687.27
761 4687.27 4687.27
762 4687.27 4687.27
763 4687.27 4687.27
764 4687.27 4687.27
765 4687.27 4687.27
766 4687.27 4687.27
767 4687.27 4687.27
768 4687.27 4687.27
769 4687.27 4687.27
770 4687.27 4687.27
771 4687.27 4687.27
772 4687.27 4687.27
773 4687.27 4687.27
774 4687.27 4687.27
775 4687.27 4687.27
776 4687.27 4687.27
777 4687.27 4687.27
778 4687.27 4687.27
779 4687.27 4687.27
780 4687.27 4687.27
781 4687.27 4687.27
782 4687.27 4687.27
783 4687.27 4687.27
784 4687.27 4687.27
785 4687.27 4688.8
786 4687.27 4687.47
787 4687.27 4688.67
788 4687.27 4687.27
789 4687.27 4687.27
790 4687.27 4687.27
791 4687.27 4687.27
792 4687.27 4687.27
793 4687.27 4687.27
794 4687.27 4687.27
795 4687.27 4687.27
796 4687.27 4687.27
797 4687.27 4687.27
798 4687.27 4687.27
799 4687.27 4687.27
800 4687.27 4687.27
801 4687.27 4687.27
802 4687.27 4687.55
803 4687.27 4687.69
804 4687.27 4687.27
805 4687.27 4694.59
806 4687.27 4697.28
807 4687.27 4687.27
808 4687.27 4687.27
809 4687.27 4704.63
810 4687.27 4723.2
811 4687.27 4690.88
812 4687.27 4687.27
813 4687.27 4692.87
814 4687.27 4691.79
815 4687.27 4690.53
816 4687.27 4702.73
817 4687.27 4720.9
818 4687.27 4715.25
819 4687.27 4687.44
820 4687.27 4687.27
821 4687.27 4687.27
822 4687.27 4687.27
823 4687.27 4701.54
824 4687.27 4687.27
825 4687.27 4687.27
826 4687.27 4687.27
827 4687.27 4687.27
828 4687.27 4688.67
829 4687.27 4687.27
830 4687.27 4687.27
831 4687.27 4687.27
832 4687.27 4687.27
833 4687.27 4687.27
834 4687.27 4687.27
835 4687.27 4687.27
836 4687.27 4687.27
837 4687.27 4687.27
838 4687.27 4687.9
839 4687.27 4695.28
840 4687.27 4687.27
841 4687.27 4687.27
842 4687.27 4687.27
843 4687.27 4687.27
844 4687.27 4687.27
845 4687.27 4687.27
846 4687.27 4687.27
847 4687.27 4687.27
848 4687.27 4687.27
849 4687.27 4687.27
850 4687.27 4687.27
851 4687.27 4687.27
852 4687.27 4687.27
853 4687.27 4687.27
854 4687.27 4687.27
855 4687.27 4687.27
856 4687.27 4687.27
857 4687.27 4687.27
858 4687.27 4687.27
859 4687.27 4687.27
860 4687.27 4687.27
861 4687.27 4698.87
862 4687.27 4687.92
863 4687.27 4687.27
864 4687.27 4687.27
865 4687.27 4687.27
866 4687.27 4687.27
867 4687.27 4687.27
868 4687.27 4687.27
869 4687.27 4687.27
870 4687.27 4687.27
871 4687.27 4687.27
872 4687.27 4687.86
873 4687.27 4687.27
874 4687.27 4687.27
875 4687.27 4687.27
876 4687.27 4687.27
877 4687.27 4687.27
878 4687.27 4687.27
879 4687.27 4687.27
880 4687.27 4687.27
881 4687.27 4687.27
882 4687.27 4687.27
883 4687.27 4687.27
884 4687.27 4687.27
885 4687.27 4687.27
886 4687.27 4687.27
887 4687.27 4687.27
888 4687.27 4687.27
889 4687.27 4687.27
890 4687.27 4687.27
891 4687.27 4687.27
892 4687.27 4687.27
893 4687.27 4687.27
894 4687.27 4687.27
895 4687.27 4707.14
896 4687.27 4687.49
897 4687.27 4687.42
898 4687.27 4688.27
899 4687.27 4692.79
900 4687.27 4689.82
901 4687.27 4687.45
902 4687.27 4687.27
903 4687.27 4687.27
904 4687.27 4687.27
905 4687.27 4687.27
906 4687.27 4687.27
907 4687.27 4687.27
908 4687.27 4690.23
909 4687.27 4689.09
910 4687.27 4687.27
911 4687.27 4687.27
912 4687.27 4687.27
913 4687.27 4687.27
914 4687.27 4687.27
915 4687.27 4687.27
916 4687.27 4687.27
917 4687.27 4687.27
918 4687.27 4687.27
919 4687.27 4687.27
920 4687.27 4687.27
921 4687.27 4687.27
922 4687.27 4687.27
923 4687.27 4687.27
924 4687.27 4687.27
925 4687.27 4687.27
926 4687.27 4687.27
927 4687.27 4687.27
928 4687.27 4687.27
929 4687.27 4687.27
930 4687.27 4687.27
931 4687.27 4687.27
932 4687.27 4687.27
933 4687.27 4687.27
934 4687.27 4687.27
935 4687.27 4687.27
936 4687.27 4687.27
937 4687.27 4691.91
938 4687.27 4697.34
939 4687.27 4711.61
940 4687.27 4687.68
941 4687.27 4688.14
942 4687.27 4688.38
943 4687.27 4694.87
944 4670.82 4695.3
945 4670.82 4699.47
946 4670.82 4691.98
947 4670.82 4782.98
948 4670.82 4798.99
949 4670.82 4702.02
950 4670.82 4676.49
951 4670.82 4678.47
952 4670.82 4690.65
953 4670.82 4670.82
954 4670.82 4670.82
955 4670.82 4670.82
956 4670.82 4670.82
957 4670.82 4670.82
958 4654.76 4670.66
959 4654.76 4671.75
960 4654.76 4703.42
961 4670.82 4775.26
962 4670.82 4703.86
963 4670.82 4716.08
964 4670.82 4732.64
965 4670.82 4743.94
966 4670.82 4827.6
967 4670.82 4775.08
968 4670.82 4814.95
969 4670.82 4713.11
970 4670.82 4735.27
971 4670.82 4713.88
972 4670.82 4680.51
973 4670.82 4673.1
974 4670.82 4671.05
975 4670.82 4670.82
976 4670.82 4670.82
977 4670.82 4670.82
978 4670.82 4673.87
979 4670.82 4673.08
980 4670.82 4670.82
981 4670.82 4670.82
982 4670.82 4670.82
983 4670.82 4670.82
984 4670.82 4670.82
985 4670.82 4670.82
986 4670.82 4670.82
987 4670.82 4670.82
988 4670.82 4670.82
989 4670.82 4670.82
990 4670.82 4670.82
991 4670.82 4670.82
992 4670.82 4670.82
993 4670.82 4670.82
994 4670.82 4670.82
995 4670.82 4670.82
996 4670.82 4670.82
997 4670.82 4670.82
998 4670.82 4670.82
999 4670.82 4670.82
1000 4670.82 4671.24
1001 4670.82 4671
1002 4670.82 4670.82
1003 4670.82 4670.82
1004 4670.82 4670.82
1005 4670.82 4670.82
1006 4670.82 4670.82
1007 4670.82 4670.82
1008 4670.82 4670.82
1009 4670.82 4670.82
1010 4670.82 4670.82
1011 4670.82 4670.82
1012 4670.82 4670.82
1013 4670.82 4670.82
1014 4670.82 4670.82
1015 4670.82 4670.82
1016 4670.82 4670.82
1017 4670.82 4672.65
1018 4670.82 4674.25
1019 4670.82 4670.82
1020 4670.82 4679.58
1021 4670.82 4674.23
1022 4670.82 4670.82
1023 4670.82 4670.82
1024 4670.82 4670.82
1025 4670.82 4670.82
1026 4670.82 4670.82
1027 4670.82 4670.82
1028 4670.82 4670.82
1029 4670.82 4670.82
1030 4670.82 4670.82
1031 4670.82 4670.82
1032 4670.82 4670.82
1033 4670.82 4670.82
1034 4670.82 4670.82
1035 4670.82 4670.82
1036 4670.82 4670.82
1037 4670.82 4670.82
1038 4670.82 4670.82
1039 4670.82 4670.82
1040 4670.82 4670.82
1041 4670.82 4670.82
1042 4670.82 4670.82
1043 4670.82 4670.82
1044 4670.82 4670.82
1045 4670.82 4670.82
1046 4670.82 4670.82
1047 4670.82 4670.82
1048 4670.82 4670.82
1049 4670.82 4670.95
1050 4670.82 4670.82
1051 4670.82 4670.82
1052 4670.82 4670.82
1053 4670.82 4670.82
1054 4670.82 4670.82
1055 4670.82 4670.82
1056 4670.82 4670.82
1057 4670.82 4670.82
1058 4670.82 4670.82
1059 4670.82 4670.82
1060 4670.82 4670.82
1061 4670.82 4670.82
1062 4670.82 4670.82
1063 4670.82 4670.82
1064 4670.82 4670.82
1065 4670.82 4670.87
1066 4670.82 4681.24
1067 4670.82 4675.21
1068 4670.82 4670.82
1069 4670.82 4670.82
1070 4670.82 4670.82
1071 4670.82 4670.82
1072 4670.82 4670.82
1073 4670.82 4670.82
1074 4670.82 4670.82
1075 4670.82 4670.82
1076 4670.82 4670.82
1077 4670.82 4670.82
1078 4670.82 4670.82
1079 4670.82 4670.82
1080 4670.82 4670.82
1081 4670.82 4670.82
1082 4670.82 4670.82
1083 4670.82 4670.82
1084 4670.82 4670.82
1085 4670.82 4670.82
1086 4670.82 4670.82
1087 4670.82 4670.82
1088 4670.82 4670.82
1089 4670.82 4674.69
1090 4670.82 4676.21
1091 4670.82 4688.51
1092 4670.82 4670.82
1093 4670.82 4670.82
1094 4670.82 4670.82
1095 4670.82 4670.82
1096 4670.82 4670.82
1097 4670.82 4670.82
1098 4670.82 4670.82
1099 4670.82 4670.82
1100 4670.82 4670.82
1101 4670.82 4670.82
1102 4670.82 4670.82
1103 4670.82 4670.82
1104 4670.82 4670.82
1105 4670.82 4670.82
1106 4670.82 4677.44
1107 4670.82 4670.82
1108 4670.82 4670.82
1109 4670.82 4670.82
1110 4670.82 4670.82
1111 4670.82 4670.82
1112 4670.82 4670.82
1113 4670.82 4670.82
1114 4670.82 4670.82
1115 4670.82 4670.82
1116 4670.82 4670.82
1117 4670.82 4670.82
1118 4670.82 4670.82
1119 4670.82 4670.82
1120 4670.82 4670.82
1121 4670.82 4670.82
1122 4670.82 4670.82
1123 4670.82 4670.82
1124 4670.82 4670.82
1125 4670.82 4670.82
1126 4670.82 4670.82
1127 4670.82 4670.82
1128 4670.82 4670.82
1129 4670.82 4670.82
1130 4670.82 4670.82
1131 4670.82 4670.82
1132 4670.82 4670.82
1133 4670.82 4670.82
1134 4670.82 4670.82
1135 4670.82 4670.82
1136 4670.82 4670.82
1137 4670.82 4670.82
1138 4670.82 4670.82
1139 4670.82 4670.82
1140 4670.82 4670.82
1141 4670.82 4670.82
1142 4670.82 4670.82
1143 4670.82 4670.82
1144 4670.82 4670.82
1145 4670.82 4670.82
1146 4670.82 4670.82
1147 4670.82 4670.82
1148 4670.82 4670.82
1149 4670.82 4670.82
1150 4670.82 4671.43
1151 4670.82 4670.82
1152 4670.82 4670.82
1153 4670.82 4675.62
1154 4670.82 4670.95
1155 4670.82 4673.89
1156 4670.82 4670.82
1157 4670.82 4670.82
1158 4670.82 4670.82
1159 4670.82 4670.82
1160 4670.82 4670.82
1161 4670.82 4670.82
1162 4670.82 4670.82
1163 4670.82 4670.82
1164 4670.82 4670.82
1165 4670.82 4670.82
1166 4670.82 4673.67
1167 4670.82 4686.3
1168 4670.82 4683.14
1169 4670.82 4679.64
1170 4670.82 4671.1
1171 4670.82 4670.82
1172 4670.82 4670.82
1173 4670.82 4670.82
1174 4670.82 4670.82
1175 4670.82 4670.82
1176 4670.82 4670.82
1177 4670.82 4670.82
1178 4670.82 4670.82
1179 4670.82 4670.82
1180 4670.82 4670.82
1181 4670.82 4670.82
1182 4670.82 4677.15
1183 4670.82 4670.84
1184 4670.82 4684
1185 4670.82 4670.82
1186 4670.82 4670.82
1187 4670.82 4671.03
1188 4670.82 4677.7
1189 4670.82 4670.82
1190 4670.82 4676.83
1191 4670.82 4686.36
1192 4670.82 4672.33
1193 4670.82 4671.87
1194 4670.82 4670.82
1195 4670.82 4670.82
1196 4670.82 4670.82
1197 4670.82 4670.82
1198 4670.82 4670.82
1199 4670.82 4671.18
1200 4670.82 4683.34
1201 4670.82 4705.86
1202 4670.82 4714.35
1203 4670.82 4771.63
1204 4670.82 4742.13
1205 4670.82 4671.63
1206 4670.82 4671.44
1207 4670.82 4671.8
1208 4670.82 4685.66
1209 4670.82 4670.82
1210 4670.82 4679.32
1211 4670.82 4670.82
1212 4670.82 4670.82
1213 4670.82 4670.82
1214 4670.82 4670.82
1215 4670.82 4670.82
1216 4670.82 4670.82
1217 4670.82 4670.82
1218 4670.82 4670.82
1219 4670.82 4675.04
1220 4670.82 4671.39
1221 4670.82 4670.82
1222 4670.82 4670.82
1223 4670.82 4678.16
1224 4670.82 4691.66
1225 4670.82 4672.98
1226 4670.82 4679.33
1227 4670.82 4670.82
1228 4670.82 4670.82
1229 4670.82 4672.05
1230 4670.82 4670.82
1231 4670.82 4670.82
1232 4670.82 4670.82
1233 4670.82 4670.82
1234 4670.82 4670.82
1235 4670.82 4670.82
1236 4670.82 4670.82
1237 4670.82 4670.82
1238 4670.82 4670.82
1239 4670.82 4670.82
1240 4670.82 4673.91
1241 4670.82 4670.82
1242 4670.82 4670.82
1243 4670.82 4670.82
1244 4670.82 4671.55
1245 4670.82 4679.54
1246 4670.82 4675.58
1247 4670.82 4679.6
1248 4670.82 4673.28
1249 4670.82 4694.93
1250 4670.82 4704.67
1251 4670.82 4696.32
1252 4670.82 4679.03
1253 4670.82 4671.72
1254 4670.82 4670.82
1255 4670.82 4670.82
1256 4670.82 4670.82
1257 4670.82 4670.97
1258 4670.82 4670.82
1259 4670.82 4670.82
1260 4670.82 4670.82
1261 4670.82 4670.82
1262 4670.82 4670.82
1263 4670.82 4673.58
1264 4670.82 4670.82
1265 4670.82 4670.82
1266 4670.82 4671.09
1267 4670.82 4685.61
1268 4670.82 4670.98
1269 4670.82 4670.82
1270 4670.82 4670.82
1271 4670.82 4670.82
1272 4670.82 4670.82
1273 4670.82 4670.82
1274 4670.82 4670.82
1275 4670.82 4670.82
1276 4670.82 4670.82
1277 4670.82 4670.97
1278 4670.82 4670.82
1279 4670.82 4670.97
1280 4670.82 4675.3
1281 4670.82 4672.79
1282 4670.82 4670.82
1283 4670.82 4674.57
1284 4670.82 4670.82
1285 4670.82 4670.82
1286 4670.82 4670.82
1287 4670.82 4670.82
1288 4670.82 4670.82
1289 4670.82 4670.82
1290 4670.82 4670.82
1291 4670.82 4670.82
1292 4670.82 4670.82
1293 4670.82 4670.82
1294 4670.82 4670.82
1295 4670.82 4670.82
1296 4670.82 4670.82
1297 4670.82 4670.82
1298 4670.82 4670.82
1299 4670.82 4670.82
1300 4670.82 4670.82
1301 4670.82 4670.82
1302 4670.82 4670.82
1303 4670.82 4670.82
1304 4670.82 4670.82
1305 4670.82 4670.82
1306 4670.82 4670.82
1307 4670.82 4670.82
1308 4670.82 4670.82
1309 4670.82 4670.82
1310 4670.82 4670.82
1311 4670.82 4670.82
1312 4670.82 4670.82
1313 4670.82 4670.82
1314 4670.82 4670.82
1315 4670.82 4670.82
1316 4670.82 4671.04
1317 4670.82 4670.82
1318 4670.82 4670.82
1319 4670.82 4670.82
1320 4670.82 4673.65
1321 4670.82 4670.82
1322 4670.82 4670.82
1323 4670.82 4670.82
1324 4670.82 4672.24
1325 4670.82 4676.95
1326 4670.82 4674.08
1327 4670.82 4670.82
1328 4670.82 4670.82
1329 4670.82 4670.82
1330 4662.34 4670.74
1331 4662.34 4670.23
1332 4662.34 4668.87
1333 4662.34 4666.92
1334 4662.34 4664.97
1335 4662.34 4662.34
1336 4662.34 4662.34
1337 4662.34 4662.34
1338 4662.34 4662.34
1339 4662.34 4662.34
1340 4662.34 4668.59
1341 4662.34 4662.34
1342 4662.34 4662.34
1343 4662.34 4662.34
1344 4662.34 4662.34
1345 4662.34 4662.34
1346 4662.34 4662.34
1347 4662.34 4662.34
1348 4662.34 4662.34
1349 4662.34 4662.34
1350 4662.34 4662.34
1351 4662.34 4662.34
1352 4662.34 4662.34
1353 4662.34 4662.34
1354 4662.34 4672.32
1355 4662.34 4664.61
1356 4662.34 4662.34
1357 4662.34 4662.34
1358 4662.34 4662.34
1359 4662.34 4662.34
1360 4662.34 4663.5
1361 4662.34 4662.77
1362 4662.34 4671.66
1363 4662.34 4668.37
1364 4662.34 4673.28
1365 4662.34 4670.61
1366 4662.34 4675.4
1367 4662.34 4662.34
1368 4662.34 4662.34
1369 4662.34 4662.34
1370 4662.34 4662.34
1371 4662.34 4662.34
1372 4662.34 4662.34
1373 4662.34 4662.34
1374 4662.34 4662.34
1375 4662.34 4662.34
1376 4662.34 4662.34
1377 4662.34 4662.34
1378 4662.34 4662.34
1379 4662.34 4662.34
1380 4662.34 4662.34
1381 4662.34 4686.98
1382 4662.34 4662.34
1383 4662.34 4662.34
1384 4662.34 4662.34
1385 4662.34 4668.75
1386 4662.34 4662.34
1387 4662.34 4663.51
1388 4662.34 4665.09
1389 4662.34 4662.34
1390 4662.34 4662.34
1391 4662.34 4662.34
1392 4662.34 4662.34
1393 4662.34 4662.34
1394 4662.34 4662.34
1395 4662.34 4662.34
1396 4662.34 4662.34
1397 4662.34 4662.34
1398 4662.34 4662.34
1399 4662.34 4662.34
1400 4662.34 4662.34
1401 4662.34 4662.34
1402 4662.34 4662.34
1403 4662.34 4662.34
1404 4662.34 4662.34
1405 4662.34 4662.34
1406 4662.34 4662.34
1407 4662.34 4662.34
1408 4662.34 4662.49
1409 4662.34 4662.34
1410 4662.34 4662.34
1411 4662.34 4662.34
1412 4662.34 4662.34
1413 4662.34 4667.05
1414 4662.34 4662.34
1415 4662.34 4662.34
1416 4662.34 4662.34
1417 4662.34 4662.42
1418 4662.34 4662.34
1419 4662.34 4662.34
1420 4662.34 4662.34
1421 4662.34 4662.34
1422 4662.34 4668.86
1423 4662.34 4682.75
1424 4662.34 4662.34
1425 4662.34 4662.34
1426 4662.34 4662.34
1427 4662.34 4662.34
1428 4662.34 4662.34
1429 4662.34 4662.34
1430 4662.34 4662.34
1431 4662.34 4662.34
1432 4662.34 4662.34
1433 4662.34 4662.34
1434 4662.34 4662.34
1435 4662.34 4662.34
1436 4662.34 4662.34
1437 4662.34 4662.34
1438 4662.34 4662.34
1439 4662.34 4662.34
1440 4662.34 4662.34
1441 4662.34 4662.34
1442 4662.34 4662.34
1443 4662.34 4662.34
1444 4662.34 4662.34
1445 4662.34 4662.34
1446 4662.34 4662.34
1447 4662.34 4662.34
1448 4662.34 4662.34
1449 4662.34 4662.34
1450 4662.34 4665.03
1451 4662.34 4662.34
1452 4662.34 4662.34
1453 4662.34 4662.34
1454 4662.34 4662.34
1455 4662.34 4662.34
1456 4662.34 4665.92
1457 4662.34 4662.34
1458 4662.34 4662.89
1459 4662.34 4662.34
1460 4662.34 4662.34
1461 4662.34 4665.35
1462 4662.34 4674.79
1463 4662.34 4702.83
1464 4662.34 4679.57
1465 4662.34 4662.41
1466 4662.34 4662.34
1467 4662.34 4662.34
1468 4662.34 4662.34
1469 4662.34 4662.34
1470 4662.34 4662.34
1471 4662.34 4662.34
1472 4662.34 4662.34
1473 4662.34 4662.34
1474 4662.34 4662.34
1475 4662.34 4662.34
1476 4662.34 4662.34
1477 4662.34 4662.34
1478 4662.34 4662.34
1479 4662.34 4662.34
1480 4662.34 4662.34
1481 4662.34 4662.34
1482 4662.34 4662.34
1483 4662.34 4662.34
1484 4662.34 4662.34
1485 4662.34 4662.34
1486 4662.34 4662.34
1487 4662.34 4662.34
1488 4662.34 4662.34
1489 4662.34 4662.34
1490 4662.34 4664.66
1491 4662.34 4662.34
1492 4662.34 4662.58
1493 4662.34 4678.38
1494 4662.34 4662.34
1495 4662.34 4662.34
1496 4662.34 4662.34
1497 4662.34 4662.34
1498 4662.34 4662.65
1499 4662.34 4681.43
1500 4662.34 4671.63
1501 4662.34 4670.16
1502 4662.34 4670.98
1503 4662.34 4662.34
1504 4662.34 4662.34
1505 4662.34 4662.34
1506 4662.34 4662.34
1507 4662.34 4662.34
1508 4662.34 4662.34
1509 4662.34 4662.34
1510 4662.34 4662.34
1511 4662.34 4662.34
1512 4662.34 4662.34
1513 4662.34 4694.79
1514 4662.34 4663.55
1515 4662.34 4662.34
1516 4662.34 4662.34
1517 4662.34 4662.34
1518 4662.34 4662.34
1519 4662.34 4662.34
1520 4662.34 4662.34
1521 4662.34 4662.34
1522 4662.34 4663.59
1523 4662.34 4662.34
1524 4662.34 4671.85
1525 4662.34 4662.42
1526 4662.34 4662.34
1527 4662.34 4662.34
1528 4662.34 4662.34
1529 4662.34 4662.34
1530 4662.34 4662.34
1531 4662.34 4662.34
1532 4662.34 4662.34
1533 4662.34 4662.34
1534 4662.34 4662.34
1535 4662.34 4666.32
1536 4662.34 4665.43
1537 4662.34 4666.17
1538 4662.34 4664.72
1539 4662.34 4662.34
1540 4662.34 4662.34
1541 4662.34 4662.34
1542 4662.34 4662.34
1543 4662.34 4662.34
1544 4662.34 4662.34
1545 4662.34 4662.34
1546 4662.34 4662.34
1547 4662.34 4662.34
1548 4662.34 4662.34
1549 4662.34 4662.34
1550 4662.34 4662.34
1551 4662.34 4662.34
1552 4662.34 4662.34
1553 4662.34 4662.34
1554 4662.34 4662.34
1555 4662.34 4662.34
1556 4662.34 4662.34
1557 4662.34 4662.34
1558 4662.34 4662.34
1559 4662.34 4662.34
1560 4662.34 4662.34
1561 4662.34 4662.34
1562 4646.28 4662.18
1563 4662.34 4662.34
1564 4662.34 4662.34
1565 4662.34 4662.34
1566 4662.34 4662.34
1567 4662.34 4662.34
1568 4662.34 4662.34
1569 4662.34 4668.16
1570 4662.34 4662.34
1571 4662.34 4662.34
1572 4662.34 4662.34
1573 4662.34 4662.34
1574 4662.34 4662.34
1575 4662.34 4662.34
1576 4662.34 4662.34
1577 4662.34 4662.34
1578 4662.34 4662.34
1579 4662.34 4662.34
1580 4662.34 4662.34
1581 4662.34 4662.34
1582 4662.34 4662.34
1583 4662.34 4662.34
1584 4662.34 4662.34
1585 4662.34 4662.34
1586 4662.34 4663.1
1587 4662.34 4671.95
1588 4662.34 4664.69
1589 4662.34 4662.34
1590 4662.34 4662.34
1591 4662.34 4662.34
1592 4662.34 4662.34
1593 4662.34 4662.34
1594 4662.34 4662.34
1595 4662.34 4662.34
1596 4662.34 4662.34
1597 4662.34 4662.34
1598 4662.34 4662.68
1599 4662.34 4662.34
1600 4662.34 4662.43
1601 4662.34 4662.34
1602 4662.34 4662.34
1603 4662.34 4662.34
1604 4662.34 4662.34
1605 4662.34 4662.34
1606 4662.34 4662.34
1607 4662.34 4662.34
1608 4662.34 4662.34
1609 4662.34 4662.34
1610 4662.34 4662.34
1611 4662.34 4662.34
1612 4662.34 4666.78
1613 4662.34 4669.56
1614 4662.34 4662.34
1615 4662.34 4662.34
1616 4662.34 4662.34
1617 4662.34 4662.34
1618 4662.34 4662.34
1619 4662.34 4662.34
1620 4662.34 4662.34
1621 4662.34 4662.34
1622 4662.34 4662.34
1623 4662.34 4662.34
1624 4662.34 4662.34
1625 4662.34 4662.34
1626 4662.34 4662.34
1627 4662.34 4662.34
1628 4662.34 4662.34
1629 4662.34 4662.34
1630 4662.34 4662.34
1631 4662.34 4662.34
1632 4662.34 4662.34
1633 4662.34 4662.34
1634 4662.34 4662.34
1635 4662.34 4662.34
1636 4662.34 4662.34
1637 4662.34 4671.01
1638 4662.34 4669.25
1639 4662.34 4675.36
1640 4662.34 4662.34
1641 4662.34 4662.34
1642 4662.34 4662.34
1643 4662.34 4662.34
1644 4662.34 4662.34
1645 4662.34 4662.34
1646 4662.34 4662.34
1647 4662.34 4662.34
1648 4662.34 4662.34
1649 4662.34 4662.34
1650 4662.34 4662.34
1651 4662.34 4662.34
1652 4662.34 4662.34
1653 4662.34 4662.34
1654 4662.34 4662.34
1655 4662.34 4662.34
1656 4662.34 4662.34
1657 4662.34 4662.34
1658 4662.34 4662.34
1659 4662.34 4662.34
1660 4662.34 4662.34
1661 4662.34 4662.34
1662 4662.34 4662.34
1663 4662.34 4662.34
1664 4662.34 4662.34
1665 4662.34 4662.34
1666 4662.34 4662.34
1667 4662.34 4662.34
1668 4662.34 4662.34
1669 4662.34 4662.34
1670 4662.34 4662.34
1671 4662.34 4662.34
1672 4662.34 4662.34
1673 4662.34 4662.34
1674 4662.34 4662.34
1675 4662.34 4662.34
1676 4662.34 4662.34
1677 4662.34 4662.34
1678 4662.34 4662.34
1679 4662.34 4662.34
1680 4662.34 4662.34
1681 4662.34 4662.34
1682 4662.34 4662.34
1683 4662.34 4662.34
1684 4662.34 4662.34
1685 4662.34 4664.28
1686 4662.34 4662.34
1687 4662.34 4662.34
1688 4662.34 4662.34
1689 4662.34 4662.34
1690 4662.34 4662.34
1691 4662.34 4662.34
1692 4662.34 4662.34
1693 4662.34 4662.34
1694 4662.34 4662.34
1695 4662.34 4662.34
1696 4662.34 4662.34
1697 4662.34 4662.34
1698 4662.34 4662.34
1699 4662.34 4662.34
1700 4662.34 4662.34
1701 4662.34 4663.97
1702 4662.34 4662.34
1703 4662.34 4670.2
1704 4662.34 4675.38
1705 4662.34 4700.77
1706 4662.34 4687.1
1707 4662.34 4670.64
1708 4662.34 4662.34
1709 4662.34 4662.34
1710 4662.34 4662.34
1711 4662.34 4662.34
1712 4662.34 4662.34
1713 4662.34 4662.34
1714 4662.34 4662.34
1715 4662.34 4662.34
1716 4662.34 4662.34
1717 4662.34 4662.34
1718 4662.34 4662.34
1719 4662.34 4662.34
1720 4662.34 4662.34
1721 4662.34 4662.34
1722 4662.34 4662.34
1723 4662.34 4662.34
1724 4662.34 4662.34
1725 4662.34 4662.34
1726 4662.34 4662.34
1727 4662.34 4662.34
1728 4662.34 4662.34
1729 4662.34 4662.34
1730 4662.34 4662.34
1731 4662.34 4662.34
1732 4662.34 4662.34
1733 4662.34 4662.34
1734 4662.34 4662.34
1735 4662.34 4662.34
1736 4662.34 4662.34
1737 4662.34 4662.34
1738 4662.34 4662.34
1739 4662.34 4662.34
1740 4662.34 4662.34
1741 4662.34 4662.34
1742 4662.34 4662.34
1743 4662.34 4662.34
1744 4662.34 4662.34
1745 4662.34 4662.34
1746 4662.34 4662.34
1747 4662.34 4662.34
1748 4662.34 4662.34
1749 4662.34 4662.34
1750 4662.34 4662.53
1751 4662.34 4669.12
1752 4662.34 4666.92
1753 4662.34 4662.34
1754 4662.34 4662.34
1755 4662.34 4662.34
1756 4662.34 4662.34
1757 4662.34 4662.34
1758 4662.34 4662.34
1759 4662.34 4662.34
1760 4662.34 4662.34
1761 4662.34 4662.34
1762 4662.34 4662.34
1763 4662.34 4662.34
1764 4662.34 4662.34
1765 4662.34 4662.34
1766 4662.34 4662.34
1767 4662.34 4662.34
1768 4662.34 4662.34
1769 4662.34 4662.34
1770 4662.34 4662.34
1771 4662.34 4662.34
1772 4662.34 4662.34
1773 4662.34 4662.34
1774 4662.34 4662.34
1775 4662.34 4662.34
1776 4662.34 4662.34
1777 4662.34 4662.34
1778 4662.34 4662.34
1779 4662.34 4662.34
1780 4662.34 4662.34
1781 4662.34 4662.34
1782 4662.34 4662.34
1783 4662.34 4662.34
1784 4662.34 4662.34
1785 4662.34 4662.34
1786 4662.34 4662.34
1787 4662.34 4662.34
1788 4662.34 4662.34
1789 4662.34 4662.34
1790 4662.34 4662.34
1791 4662.34 4662.34
1792 4662.34 4662.34
1793 4662.34 4662.34
1794 4662.34 4662.34
1795 4662.34 4662.34
1796 4662.34 4662.34
1797 4662.34 4662.34
1798 4662.34 4662.34
1799 4662.34 4662.34
1800 4662.34 4662.34
1801 4662.34 4662.34
1802 4662.34 4662.34
1803 4662.34 4662.34
1804 4662.34 4662.34
1805 4662.34 4662.34
1806 4662.34 4662.34
1807 4662.34 4662.34
1808 4662.34 4678.01
1809 4662.34 4680.57
1810 4662.34 4662.38
1811 4662.34 4662.34
1812 4662.34 4662.34
1813 4662.34 4665.29
1814 4662.34 4664.72
1815 4662.34 4662.55
1816 4662.34 4662.38
1817 4662.34 4662.34
1818 4662.34 4662.34
1819 4662.34 4662.34
1820 4662.34 4662.34
1821 4662.34 4662.34
1822 4662.34 4662.34
1823 4662.34 4662.34
1824 4662.34 4662.34
1825 4662.34 4662.34
1826 4662.34 4662.34
1827 4662.34 4662.34
1828 4662.34 4662.34
1829 4662.34 4662.34
1830 4662.34 4662.34
1831 4662.34 4662.34
1832 4662.34 4662.34
1833 4662.34 4662.34
1834 4662.34 4662.34
1835 4662.34 4662.34
1836 4662.34 4662.34
1837 4662.34 4662.34
1838 4662.34 4662.34
1839 4662.34 4662.34
1840 4662.34 4662.34
1841 4662.34 4662.34
1842 4662.34 4662.47
1843 4662.34 4662.34
1844 4662.34 4662.34
1845 4662.34 4662.34
1846 4662.34 4662.34
1847 4662.34 4662.34
1848 4662.34 4662.34
1849 4662.34 4662.34
1850 4662.34 4662.34
1851 4662.34 4662.34
1852 4662.34 4662.34
1853 4662.34 4662.34
1854 4662.34 4662.34
1855 4662.34 4662.34
1856 4662.34 4663.19
1857 4662.34 4662.34
1858 4662.34 4664.25
1859 4662.34 4662.34
1860 4662.34 4662.34
1861 4662.34 4663.6
1862 4662.34 4662.41
1863 4662.34 4664.12
1864 4662.34 4668.66
1865 4662.34 4662.34
1866 4662.34 4662.34
1867 4662.34 4662.34
1868 4662.34 4662.34
1869 4662.34 4662.34
1870 4662.34 4662.34
1871 4662.34 4662.34
1872 4662.34 4662.34
1873 4662.34 4662.34
1874 4662.34 4662.34
1875 4662.34 4662.34
1876 4662.34 4662.34
1877 4662.34 4662.34
1878 4662.34 4662.34
1879 4662.34 4662.34
1880 4662.34 4662.34
1881 4662.34 4662.34
1882 4662.34 4662.34
1883 4662.34 4662.34
1884 4662.34 4662.34
1885 4662.34 4662.34
1886 4662.34 4662.34
1887 4662.34 4662.34
1888 4662.34 4662.34
1889 4662.34 4662.34
1890 4662.34 4662.34
1891 4662.34 4662.34
1892 4662.34 4662.34
1893 4662.34 4662.34
1894 4662.34 4662.34
1895 4662.34 4662.34
1896 4662.34 4662.34
1897 4662.34 4662.34
1898 4662.34 4662.34
1899 4662.34 4662.34
1900 4662.34 4662.34
1901 4662.34 4662.34
1902 4662.34 4662.34
1903 4662.34 4662.34
1904 4662.34 4662.34
1905 4662.34 4662.34
1906 4662.34 4662.34
1907 4662.34 4662.38
1908 4662.34 4662.34
1909 4662.34 4662.34
1910 4662.34 4668.07
1911 4662.34 4676.99
1912 4662.34 4678.94
1913 4662.34 4664.43
1914 4662.34 4662.99
1915 4662.34 4662.34
1916 4662.34 4662.34
1917 4662.34 4662.34
1918 4662.34 4662.34
1919 4662.34 4662.34
1920 4662.34 4662.34
1921 4662.34 4663.31
1922 4662.34 4664.57
1923 4662.34 4662.34
1924 4662.34 4663.79
1925 4662.34 4670.95
1926 4662.34 4664.51
1927 4662.34 4662.34
1928 4662.34 4662.34
1929 4662.34 4662.34
1930 4662.34 4666.58
1931 4662.34 4672.3
1932 4662.34 4662.34
1933 4662.34 4662.34
1934 4662.34 4662.34
1935 4662.34 4662.34
1936 4662.34 4662.34
1937 4662.34 4662.34
1938 4662.34 4662.34
1939 4662.34 4662.34
1940 4662.34 4662.34
1941 4662.34 4662.34
1942 4662.34 4662.34
1943 4662.34 4662.34
1944 4662.34 4662.34
1945 4662.34 4662.34
1946 4662.34 4662.34
1947 4662.34 4662.34
1948 4662.34 4662.46
1949 4662.34 4695.04
1950 4662.34 4664.64
1951 4662.34 4677.02
1952 4662.34 4669.13
1953 4662.34 4697.51
1954 4662.34 4668.92
1955 4662.34 4662.34
1956 4662.34 4662.34
1957 4662.34 4662.34
1958 4662.34 4662.34
1959 4662.34 4662.34
1960 4662.34 4662.34
1961 4662.34 4662.34
1962 4662.34 4662.34
1963 4662.34 4662.34
1964 4662.34 4662.34
1965 4662.34 4662.34
1966 4662.34 4666.17
1967 4662.34 4662.34
1968 4662.34 4662.34
1969 4662.34 4675.11
1970 4662.34 4676.19
1971 4662.34 4662.34
1972 4662.34 4662.34
1973 4662.34 4690.58
1974 4662.34 4674.3
1975 4662.34 4686.22
1976 4662.34 4680.45
1977 4662.34 4670.1
1978 4662.34 4662.34
1979 4662.34 4662.34
1980 4662.34 4662.34
1981 4662.34 4662.34
1982 4662.34 4662.34
1983 4662.34 4662.34
1984 4662.34 4662.34
1985 4662.34 4662.34
1986 4662.34 4662.34
1987 4662.34 4662.34
1988 4662.34 4662.34
1989 4662.34 4662.34
1990 4662.34 4662.34
1991 4662.34 4662.34
1992 4662.34 4662.34
1993 4662.34 4662.34
1994 4662.34 4662.46
1995 4662.34 4662.34
1996 4662.34 4662.34
1997 4662.34 4662.34
1998 4662.34 4662.34
1999 4662.34 4662.34
2000 4652.44 4661.91
2001 4652.44 4660.18
2002 4652.44 4659.86
2003 4652.44 4659.05
2004 4652.44 4666.01
2005 4652.44 4655.98
2006 4652.44 4653.85
2007 4652.44 4653.43
2008 4652.44 4653.15
2009 4652.44 4652.56
2010 4652.44 4652.44
2011 4652.44 4652.51
2012 4652.44 4660.41
2013 4652.44 4652.53
2014 4652.44 4652.44
2015 4652.44 4652.44
2016 4652.44 4679.86
2017 4652.44 4652.44
2018 4652.44 4652.44
2019 4652.44 4652.44
2020 4652.44 4652.44
2021 4652.44 4652.44
2022 4652.44 4652.44
2023 4652.44 4652.44
2024 4652.44 4652.44
2025 4652.44 4652.44
2026 4652.44 4652.44
2027 4652.44 4652.44
2028 4652.44 4652.44
2029 4652.44 4652.44
2030 4652.44 4652.44
2031 4652.44 4652.44
2032 4652.44 4652.44
2033 4652.44 4652.44
2034 4652.44 4652.44
2035 4652.44 4652.44
2036 4652.44 4652.44
2037 4652.44 4652.44
2038 4652.44 4652.44
2039 4652.44 4655.38
2040 4652.44 4652.44
2041 4652.44 4653.94
2042 4652.44 4652.44
2043 4652.44 4652.44
2044 4652.44 4652.44
2045 4652.44 4652.44
2046 4652.44 4652.44
2047 4652.44 4652.44
2048 4652.44 4652.44
2049 4652.44 4652.44
2050 4652.44 4652.44
2051 4652.44 4652.44
2052 4652.44 4652.44
2053 4652.44 4652.76
2054 4652.44 4652.44
2055 4652.44 4652.44
2056 4652.44 4652.44
2057 4652.44 4652.44
2058 4652.44 4652.44
2059 4652.44 4652.44
2060 4652.44 4652.44
2061 4652.44 4652.44
2062 4652.44 4652.44
2063 4652.44 4652.44
2064 4652.44 4652.44
2065 4652.44 4652.44
2066 4652.44 4652.44
2067 4652.44 4652.44
2068 4652.44 4652.44
2069 4652.44 4652.44
2070 4652.44 4652.44
2071 4652.44 4652.44
2072 4652.44 4652.44
2073 4652.44 4652.44
2074 4652.44 4652.44
2075 4652.44 4652.44
2076 4652.44 4652.44
2077 4652.44 4652.44
2078 4652.44 4652.44
2079 4652.44 4652.44
2080 4652.44 4652.44
2081 4652.44 4652.44
2082 4652.44 4652.44
2083 4652.44 4652.44
2084 4652.44 4652.44
2085 4652.44 4652.44
2086 4652.44 4652.44
2087 4652.44 4652.44
2088 4652.44 4652.44
2089 4652.44 4652.44
2090 4652.44 4652.44
2091 4652.44 4652.44
2092 4652.44 4652.82
2093 4652.44 4655.73
2094 4652.44 4652.44
2095 4652.44 4652.44
2096 4652.44 4653.06
2097 4652.44 4652.44
2098 4652.44 4652.44
2099 4652.44 4652.44
2100 4652.44 4652.44
2101 4652.44 4652.44
2102 4652.44 4652.44
2103 4652.44 4652.44
2104 4652.44 4652.44
2105 4652.44 4652.44
2106 4652.44 4652.44
2107 4652.44 4652.44
2108 4652.44 4652.44
2109 4652.44 4652.44
2110 4652.44 4652.44
2111 4652.44 4652.44
2112 4652.44 4652.44
2113 4652.44 4652.44
2114 4652.44 4652.44
2115 4652.44 4652.44
2116 4652.44 4652.44
2117 4652.44 4652.44
2118 4652.44 4652.44
2119 4652.44 4652.44
2120 4652.44 4652.44
2121 4652.44 4652.44
2122 4652.44 4652.44
2123 4652.44 4652.44
2124 4652.44 4652.44
2125 4652.44 4652.44
2126 4652.44 4652.44
2127 4652.44 4652.44
2128 4652.44 4652.44
2129 4652.44 4652.44
2130 4652.44 4653.17
2131 4652.44 4652.44
2132 4652.44 4652.44
2133 4652.44 4652.44
2134 4652.44 4652.44
2135 4652.44 4652.44
2136 4652.44 4652.44
2137 4652.44 4652.44
2138 4652.44 4652.44
2139 4652.44 4652.44
2140 4652.44 4652.44
2141 4652.44 4652.44
2142 4652.44 4652.44
2143 4652.44 4652.44
2144 4652.44 4652.44
2145 4652.44 4652.44
2146 4652.44 4652.44
2147 4652.44 4652.44
2148 4652.44 4652.44
2149 4652.44 4652.44
2150 4652.44 4652.44
2151 4652.44 4652.44
2152 4652.44 4652.44
2153 4652.44 4652.44
2154 4652.44 4652.44
2155 4652.44 4652.44
2156 4652.44 4652.44
2157 4652.44 4652.44
2158 4652.44 4652.44
2159 4652.44 4652.44
2160 4652.44 4652.44
2161 4652.44 4652.44
2162 4652.44 4652.44
2163 4652.44 4652.44
2164 4652.44 4652.44
2165 4652.44 4652.44
2166 4652.44 4652.44
2167 4652.44 4652.44
2168 4652.44 4652.44
2169 4652.44 4652.44
2170 4652.44 4652.44
2171 4652.44 4652.44
2172 4652.44 4652.44
2173 4652.44 4652.44
2174 4652.44 4652.44
2175 4652.44 4652.44
2176 4652.44 4655.64
2177 4652.44 4653.22
2178 4652.44 4656.68
2179 4652.44 4652.44
2180 4652.44 4652.44
2181 4652.44 4652.44
2182 4652.44 4652.44
2183 4652.44 4653.33
2184 4652.44 4652.44
2185 4652.44 4652.44
2186 4652.44 4654.26
2187 4652.44 4653.24
2188 4652.44 4652.44
2189 4652.44 4652.44
2190 4652.44 4660.72
2191 4652.44 4652.44
2192 4652.44 4652.44
2193 4652.44 4652.44
2194 4652.44 4652.44
2195 4652.44 4652.44
2196 4652.44 4652.44
2197 4652.44 4652.44
2198 4652.44 4652.44
2199 4652.44 4652.44
2200 4652.44 4652.44
2201 4652.44 4652.44
2202 4652.44 4652.44
2203 4652.44 4652.44
2204 4652.44 4652.44
2205 4652.44 4652.44
2206 4652.44 4652.44
2207 4652.44 4652.44
2208 4652.44 4652.44
2209 4652.44 4652.44
2210 4652.44 4652.44
2211 4652.44 4652.44
2212 4652.44 4652.44
2213 4652.44 4652.56
2214 4652.44 4654.38
2215 4652.44 4652.44
2216 4652.44 4652.44
2217 4652.44 4652.44
2218 4652.44 4657.36
2219 4652.44 4673.04
2220 4652.44 4733.04
2221 4652.44 4694.29
2222 4652.44 4657.56
2223 4652.44 4652.44
2224 4652.44 4652.44
2225 4652.44 4652.44
2226 4652.44 4652.44
2227 4652.44 4652.44
2228 4652.44 4652.44
2229 4652.44 4652.44
2230 4652.44 4652.44
2231 4652.44 4653.11
2232 4652.44 4677.95
2233 4652.44 4703.93
2234 4652.44 4694.35
2235 4652.44 4719
2236 4652.44 4659.23
2237 4652.44 4652.6
2238 4652.44 4652.44
2239 4652.44 4652.44
2240 4652.44 4652.44
2241 4652.44 4652.44
2242 4652.44 4652.44
2243 4652.44 4652.44
2244 4652.44 4652.44
2245 4652.44 4652.44
2246 4652.44 4652.44
2247 4652.44 4652.44
2248 4652.44 4652.44
2249 4652.44 4652.44
2250 4652.44 4673.84
2251 4652.44 4656.01
2252 4652.44 4663.5
2253 4652.44 4652.55
2254 4652.44 4652.44
2255 4652.44 4652.44
2256 4652.44 4652.44
2257 4652.44 4652.44
2258 4652.44 4652.44
2259 4652.44 4652.44
2260 4652.44 4652.44
2261 4652.44 4652.44
2262 4652.44 4652.44
2263 4652.44 4652.44
2264 4652.44 4652.44
2265 4652.44 4652.44
2266 4652.44 4652.44
2267 4652.44 4652.44
2268 4652.44 4652.44
2269 4652.44 4652.44
2270 4652.44 4652.44
2271 4652.44 4652.44
2272 4652.44 4652.44
2273 4652.44 4652.44
2274 4652.44 4652.44
2275 4652.44 4652.44
2276 4652.44 4652.44
2277 4652.44 4652.44
2278 4652.44 4652.44
2279 4652.44 4652.44
2280 4652.44 4652.44
2281 4652.44 4652.44
2282 4652.44 4652.44
2283 4652.44 4652.44
2284 4652.44 4652.44
2285 4652.44 4652.44
2286 4652.44 4652.44
2287 4652.44 4652.44
2288 4652.44 4652.44
2289 4652.44 4652.44
2290 4652.44 4652.44
2291 4652.44 4652.44
2292 4652.44 4652.44
2293 4652.44 4652.44
2294 4652.44 4652.44
2295 4652.44 4652.44
2296 4652.44 4652.44
2297 4652.44 4652.44
2298 4652.44 4652.44
2299 4652.44 4652.44
2300 4652.44 4652.44
2301 4652.44 4652.44
2302 4652.44 4652.44
2303 4652.44 4652.44
2304 4652.44 4652.44
2305 4652.44 4652.44
2306 4652.44 4652.44
2307 4652.44 4652.44
2308 4652.44 4652.44
2309 4652.44 4652.44
2310 4652.44 4652.44
2311 4652.44 4652.44
2312 4652.44 4652.44
2313 4652.44 4652.44
2314 4652.44 4652.44
2315 4652.44 4652.44
2316 4652.44 4652.44
2317 4652.44 4652.44
2318 4652.44 4652.44
2319 4652.44 4652.44
2320 4652.44 4652.44
2321 4652.44 4652.44
2322 4652.44 4652.44
2323 4652.44 4652.44
2324 4652.44 4652.44
2325 4652.44 4652.44
2326 4652.44 4652.44
2327 4652.44 4652.44
2328 4652.44 4652.44
2329 4652.44 4652.44
2330 4652.44 4652.44
2331 4652.44 4652.44
2332 4652.44 4652.44
2333 4652.44 4652.44
2334 4652.44 4652.44
2335 4652.44 4652.44
2336 4652.44 4652.44
2337 4652.44 4652.44
2338 4652.44 4652.44
2339 4652.44 4652.44
2340 4652.44 4652.44
2341 4652.44 4652.44
2342 4652.44 4652.44
2343 4652.44 4652.44
2344 4652.44 4657.98
2345 4652.44 4685.73
2346 4652.44 4670.36
2347 4652.44 4663.89
2348 4652.44 4652.44
2349 4652.44 4652.44
2350 4652.44 4652.44
2351 4652.44 4652.44
2352 4652.44 4652.44
2353 4652.44 4652.44
2354 4652.44 4652.44
2355 4652.44 4652.44
2356 4652.44 4652.44
2357 4652.44 4652.44
2358 4652.44 4652.44
2359 4652.44 4652.44
2360 4652.44 4652.44
2361 4652.44 4652.44
2362 4652.44 4652.44
2363 4652.44 4652.44
2364 4652.44 4652.44
2365 4652.44 4652.44
2366 4652.44 4652.44
2367 4652.44 4652.44
2368 4652.44 4652.44
2369 4652.44 4652.44
2370 4652.44 4652.44
2371 4652.44 4652.44
2372 4652.44 4652.44
2373 4652.44 4652.44
2374 4652.44 4652.44
2375 4652.44 4652.44
2376 4652.44 4652.44
2377 4652.44 4652.44
2378 4652.44 4652.44
2379 4652.44 4652.44
2380 4652.44 4652.44
2381 4652.44 4652.44
2382 4652.44 4652.44
2383 4652.44 4652.44
2384 4652.44 4652.44
2385 4652.44 4652.44
2386 4652.44 4652.44
2387 4652.44 4652.44
2388 4652.44 4652.44
2389 4652.44 4652.44
2390 4652.44 4652.44
2391 4652.44 4652.44
2392 4652.44 4652.44
2393 4652.44 4652.44
2394 4652.44 4652.44
2395 4652.44 4652.44
2396 4652.44 4652.44
2397 4652.44 4652.44
2398 4652.44 4652.44
2399 4652.44 4652.44
2400 4652.44 4652.44
2401 4652.44 4652.44
2402 4652.44 4652.44
2403 4652.44 4652.44
2404 4652.44 4652.44
2405 4652.44 4652.44
2406 4652.44 4652.44
2407 4652.44 4652.44
2408 4652.44 4652.44
2409 4652.44 4652.44
2410 4652.44 4652.44
2411 4652.44 4652.44
2412 4652.44 4652.44
2413 4652.44 4652.44
2414 4652.44 4652.44
2415 4652.44 4652.44
2416 4652.44 4652.44
2417 4652.44 4658.19
2418 4652.44 4652.44
2419 4652.44 4653.67
2420 4652.44 4652.44
2421 4652.44 4652.44
2422 4652.44 4652.44
2423 4652.44 4652.44
2424 4652.44 4652.44
2425 4652.44 4652.44
2426 4652.44 4652.44
2427 4652.44 4652.44
2428 4652.44 4652.44
2429 4652.44 4652.44
2430 4652.44 4652.44
2431 4652.44 4652.44
2432 4652.44 4652.44
2433 4652.44 4652.44
2434 4652.44 4652.44
2435 4652.44 4653.28
2436 4652.44 4655.68
2437 4652.44 4652.44
2438 4652.44 4652.44
2439 4652.44 4652.44
2440 4652.44 4652.44
2441 4652.44 4652.44
2442 4652.44 4652.44
2443 4652.44 4652.44
2444 4652.44 4652.44
2445 4652.44 4652.44
2446 4652.44 4652.44
2447 4652.44 4652.44
2448 4652.44 4652.44
2449 4652.44 4652.44
2450 4652.44 4652.44
2451 4652.44 4652.44
2452 4652.44 4652.44
2453 4652.44 4652.44
2454 4652.44 4658.41
2455 4652.44 4658.48
2456 4652.44 4656.64
2457 4652.44 4652.68
2458 4652.44 4652.44
2459 4652.44 4652.44
2460 4652.44 4652.44
2461 4652.44 4652.44
2462 4652.44 4652.44
2463 4652.44 4652.44
2464 4652.44 4652.44
2465 4652.44 4652.44
2466 4652.44 4652.44
2467 4652.44 4652.44
2468 4652.44 4652.44
2469 4652.44 4652.44
2470 4652.44 4652.44
2471 4652.44 4652.44
2472 4652.44 4652.44
2473 4652.44 4652.44
2474 4652.44 4652.44
2475 4652.44 4652.44
2476 4652.44 4652.44
2477 4652.44 4652.44
2478 4652.44 4652.44
2479 4652.44 4652.44
2480 4652.44 4652.44
2481 4652.44 4652.44
2482 4652.44 4652.44
2483 4652.44 4652.44
2484 4652.44 4652.44
2485 4652.44 4652.44
2486 4652.44 4652.44
2487 4652.44 4652.44
2488 4652.44 4652.44
2489 4652.44 4652.44
2490 4652.44 4652.44
2491 4652.44 4662.08
2492 4652.44 4652.44
2493 4652.44 4652.58
2494 4652.44 4652.44
2495 4652.44 4652.44
2496 4652.44 4652.44
2497 4652.44 4652.44
2498 4652.44 4652.44
2499 4652.44 4652.44
