0 26901.2 33838.6
1 22044.8 30372.8
2 20680.1 27719.7
3 20651.6 24689
4 19718.8 23384.8
5 19259.5 22635.5
6 18674 21884.5
7 17278.1 20354.8
8 16856.9 19698.4
9 15782.4 19001.5
10 14782.5 18195.3
11 14507.9 17842.3
12 13389.6 16477.7
13 12623.7 15797.1
14 12622.9 15191.4
15 12622.9 14786.3
16 11978.3 14129.7
17 11966.7 13580.8
18 11966.7 12903.7
19 11855.4 12492.2
20 11227.4 12380.4
21 11227.4 12318.9
22 11057.8 12066.5
23 10829 11751.7
24 10525.4 11272.4
25 10196.9 11180.2
26 10311.7 11114.8
27 10067.4 10876.3
28 10067.4 10782.4
29 9788.16 10595
30 9525.75 10462.7
31 9525.75 10527.8
32 9441.55 10445.5
33 9328.1 10403.8
34 9441.55 10551
35 9172.21 10571.5
36 8873.55 10218.1
37 8884.03 9879.33
38 9054.09 9954.42
39 8941.57 10022.8
40 8846.21 9944.91
41 8846.21 10013.7
42 8846.21 9903.12
43 8797.35 9918.92
44 8680.88 9656.51
45 8680.88 9261.43
46 8418.61 8997.14
47 8418.61 8866.81
48 8247.24 8893.31
49 8247.24 8891.83
50 8247.24 8668.57
51 8247.24 8628.63
52 8175.53 8526.3
53 8175.53 8361.36
54 8175.53 8375.77
55 8175.53 8372.5
56 8175.53 8379.19
57 8175.53 8336.02
58 8159.44 8328.24
59 7995.79 8222.32
60 7978.06 8193.2
61 7979.7 8279.35
62 7979.7 8215.72
63 7937.71 8101.95
64 7937.71 8156.09
65 7687.2 8172
66 7660.11 8154.25
67 7641.15 8047.5
68 7634.86 7936.05
69 7593.84 7896.59
70 7593.84 7899.12
71 7591.13 7731.08
72 7570.92 7686.4
73 7425.05 7682.91
74 7410.85 7616.94
75 7035.36 7543.69
76 7035.36 7435.37
77 6968.01 7327.22
78 6966.37 7149.92
79 6956.63 7112.35
80 6868.72 7035.24
81 6868.72 7031.58
82 6868.76 7003.98
83 6829.01 7038.28
84 6840.31 7063.59
85 6807.73 7041.23
86 6827.37 7149.24
87 6806.1 7192.78
88 6647.05 7090.15
89 6693.29 7014.83
90 6693.29 7002.87
91 6693.29 7090.69
92 6680.15 6928.52
93 6588.43 6916.56
94 6583.15 6882.39
95 6583.15 6951.34
96 6588.43 7087.3
97 6588.43 7224.55
98 6493.42 7069.93
99 6544.96 7014.49
100 6545.42 7067.89
101 6545.42 6992.89
102 6493.42 6953.91
103 6493.42 6760.7
104 6455.25 6782.2
105 6455.25 6587.09
106 6455.25 6594.28
107 6455.25 6588.68
108 6431.19 6531.41
109 6335.85 6513.36
110 6199.24 6492.81
111 6199.24 6551.86
112 6199.24 6579.41
113 6199.24 6702.1
114 6199.24 6742.69
115 6199.24 6712.38
116 6199.24 6688.95
117 6199.24 6746.42
118 6199.24 6688.91
119 6174.51 6596.13
120 6138.77 6509.66
121 6097.52 6318.68
122 6058.64 6253.11
123 6035.58 6324.11
124 6035.58 6303.16
125 6035.58 6251.73
126 6035.58 6208.48
127 6035.58 6175.86
128 6035.58 6224.37
129 6026.17 6158.85
130 6026.17 6148.15
131 6026.17 6062.86
132 6010.82 6030.76
133 6010.82 6028.42
134 6010.82 6025.2
135 5999.35 6020.91
136 5983.99 6019.49
137 5977.01 6012.64
138 5977.01 6034.87
139 5936 6029.32
140 5920.64 6058.49
141 5920.64 6041.11
142 5920.64 6025.34
143 5910.98 5968.19
144 5895.62 5949.67
145 5805.45 5942.64
146 5805.45 5938.06
147 5801.77 5905.18
148 5801.77 5875.81
149 5801.77 5827.91
150 5792.22 5803.32
151 5792.22 5802.05
152 5792.22 5799.93
153 5790.63 5797.89
154 5790.63 5797.4
155 5756.1 5794.08
156 5756.1 5790.72
157 5756.1 5782.89
158 5756.1 5780.29
159 5756.1 5777.48
160 5756.1 5765.84
161 5756.1 5757.92
162 5756.1 5757.8
163 5756.1 5758.27
164 5756.1 5756.56
165 5756.1 5756.1
166 5756.1 5756.1
167 5741.12 5755.95
168 5725.49 5754.9
169 5725.49 5750.18
170 5725.49 5746.5
171 5725.49 5737.13
172 5724.41 5732
173 5724.41 5726.35
174 5724.41 5725.09
175 5724.41 5724.86
176 5724.41 5724.66
177 5724.41 5724.41
178 5724.41 5724.41
179 5724.41 5724.41
180 5724.41 5724.41
181 5724.41 5724.41
182 5724.41 5724.41
183 5696.43 5724.13
184 5696.43 5722.17
185 5696.43 5718.53
186 5696.43 5712.65
187 5696.43 5707.82
188 5678.43 5703.4
189 5678.43 5696.39
190 5678.43 5691.96
191 5678.43 5693.82
192 5678.43 5683.78
193 5678.43 5683.44
194 5678.43 5688.35
195 5678.43 5678.5
196 5678.43 5678.43
197 5662.28 5678.25
198 5662.28 5677.93
199 5662.28 5676.45
200 5662.28 5689.24
201 5648.19 5680.5
202 5648.19 5699.02
203 5648.19 5706.02
204 5626.32 5710.8
205 5626.32 5740.38
206 5620.18 5771.08
207 5620.18 5735.41
208 5620.18 5684.71
209 5620.18 5629.88
210 5620.18 5627.37
211 5620.18 5624.24
212 5620.18 5620.37
213 5601.03 5619.99
214 5601.03 5619.42
215 5601.03 5617.5
216 5601.03 5615.2
217 5601.03 5608.88
218 5601.03 5606.06
219 5601.03 5605.21
220 5601.03 5601.63
221 5601.03 5602.16
222 5601.03 5601.03
223 5601.03 5601.03
224 5601.03 5601.03
225 5601.03 5601.03
226 5601.03 5601.03
227 5560.31 5600.62
228 5560.31 5598.14
229 5560.31 5596.26
230 5550.9 5582.95
231 5550.9 5571.36
232 5546.27 5557.98
233 5546.27 5554.63
234 5546.27 5551.09
235 5546.27 5547.94
236 5546.27 5546.74
237 5546.27 5546.27
238 5546.27 5546.27
239 5546.27 5546.27
240 5546.27 5546.27
241 5546.27 5546.27
242 5546.27 5546.27
243 5546.27 5546.27
244 5546.27 5546.27
245 5546.27 5546.27
246 5326.34 5544.07
247 5326.34 5540.9
248 5326.34 5515.16
249 5326.34 5472.8
250 5326.34 5422.64
251 5326.34 5384.92
252 5326.34 5350.29
253 5326.34 5328.69
254 5326.34 5326.34
255 5326.34 5326.34
256 5326.34 5326.34
257 5326.34 5326.34
258 5326.34 5326.34
259 5326.34 5327.23
260 5326.34 5326.34
261 5326.34 5326.34
262 5326.34 5326.34
263 5326.34 5326.34
264 5326.34 5326.34
265 5326.34 5326.34
266 5326.34 5326.34
267 5326.34 5326.34
268 5326.34 5326.34
269 5326.34 5326.34
270 5326.34 5326.34
271 5326.34 5326.34
272 5326.34 5326.34
273 5291.18 5325.99
274 5291.18 5333.82
275 5291.18 5333.21
276 5291.18 5377.37
277 5291.18 5388.47
278 5291.18 5397.57
279 5291.18 5373.7
280 5291.18 5323.11
281 5291.18 5313.39
282 5227.77 5290.55
283 5227.77 5285.95
284 5225.37 5283.54
285 5225.37 5268.07
286 5225.37 5258.75
287 5225.37 5238.89
288 5225.37 5227
289 5225.37 5226.57
290 5225.37 5225.37
291 5225.37 5225.37
292 5225.37 5225.37
293 5225.37 5225.37
294 5225.37 5225.37
295 5225.37 5225.37
296 5225.37 5225.37
297 5225.37 5225.37
298 5225.37 5225.37
299 5225.37 5225.37
300 5225.37 5225.37
301 5225.37 5225.37
302 5218.9 5225.31
303 5218.9 5224.98
304 5218.9 5249.82
305 5211.48 5240.55
306 5211.48 5234.66
307 5200.66 5233.82
308 5200.66 5223.41
309 5200.66 5218.61
310 5200.66 5214.88
311 5200.66 5203.58
312 5194.68 5200.54
313 5194.68 5200.42
314 5189.44 5199.95
315 5186.87 5198.83
316 5186.87 5198.77
317 5186.87 5196.62
318 5186.87 5195.78
319 5186.87 5191.93
320 5186.87 5191.95
321 5186.87 5189.48
322 5178.02 5186.78
323 5178.02 5185.63
324 5178.02 5183.6
325 5178.02 5181.55
326 5178.02 5178.02
327 5178.02 5178.02
328 5170.45 5177.95
329 5170.45 5177.64
330 5170.45 5176.58
331 5170.45 5176.6
332 5170.45 5194.56
333 5170.45 5173.25
334 5170.45 5171.06
335 5170.45 5181.79
336 5170.45 5170.45
337 5170.45 5170.53
338 5170.45 5171.29
339 5170.45 5170.45
340 5170.45 5176.76
341 5170.45 5170.45
342 5170.45 5170.45
343 5170.45 5170.45
344 5170.45 5170.45
345 5170.45 5170.45
346 5170.45 5170.45
347 5170.45 5170.45
348 5170.45 5170.45
349 5170.45 5170.45
350 5170.45 5170.45
351 5170.45 5170.45
352 5170.45 5170.45
353 5170.45 5170.45
354 5170.45 5170.45
355 5170.45 5170.45
356 5170.45 5170.45
357 5170.45 5170.45
358 5170.45 5170.45
359 5170.45 5170.45
360 5170.45 5170.45
361 5170.45 5176.32
362 5170.45 5170.96
363 5057.76 5169.32
364 5095.06 5169.7
365 5170.45 5198.77
366 5170.45 5186.76
367 5170.45 5175.89
368 5168.36 5170.43
369 5168.36 5170.37
370 5168.36 5170.7
371 5168.36 5178.75
372 5168.36 5215.28
373 5168.36 5177.8
374 5149.17 5168.4
375 5149.17 5167.45
376 5143.25 5175.18
377 5143.25 5163.19
378 5124.05 5159.27
379 5124.05 5169.28
380 5124.05 5145.73
381 5124.05 5136.64
382 5124.05 5153.34
383 5124.05 5163.63
384 5124.05 5135.9
385 5124.05 5144.62
386 5124.05 5124.05
387 5098.94 5123.8
388 5098.94 5122.8
389 5098.94 5118.78
390 5098.94 5112.75
391 5098.94 5106.47
392 5098.94 5102.53
393 5098.94 5098.94
394 5098.94 5098.94
395 5098.94 5098.94
396 5098.94 5098.94
397 5074.96 5098.7
398 5074.96 5095.89
399 5074.96 5091.32
400 5074.96 5085.47
401 5074.96 5082.03
402 5074.96 5075.77
403 5074.96 5075.25
404 5074.96 5074.99
405 5074.96 5074.99
406 5074.96 5074.96
407 5074.96 5074.96
408 5074.96 5074.96
409 5074.96 5074.96
410 5074.96 5080.34
411 5074.96 5074.96
412 5074.96 5074.96
413 5074.96 5076.27
414 5074.96 5074.96
415 5074.96 5088.41
416 5074.96 5130.89
417 5074.96 5075.5
418 5072.3 5074.93
419 5072.3 5074.8
420 5072.3 5074.19
421 5072.3 5073.58
422 5072.3 5072.73
423 5072.3 5072.3
424 5072.3 5072.3
425 5072.3 5072.3
426 5072.3 5072.3
427 5072.3 5072.3
428 5068.98 5072.27
429 5068.98 5072.17
430 5068.98 5072
431 5068.98 5075.67
432 5068.98 5103.36
433 5068.98 5115.04
434 5061.73 5104.37
435 5061.73 5101.1
436 5061.73 5169.27
437 5061.73 5098.61
438 5061.73 5094.82
439 5061.73 5063.26
440 5060.6 5063.22
441 5060.6 5064.04
442 5040.77 5062.5
443 5039.63 5063.5
444 5039.63 5060.13
445 5039.63 5053.41
446 5039.63 5049.2
447 5039.63 5045.43
448 5039.63 5046.42
449 5039.63 5041.09
450 5039.63 5039.66
451 5039.63 5039.63
452 5039.63 5039.63
453 5039.63 5039.63
454 5039.63 5039.63
455 5039.63 5039.63
456 5039.63 5039.63
457 5039.63 5039.63
458 5039.63 5039.63
459 5036.05 5039.59
460 5036.05 5039.27
461 5035.44 5038.22
462 5035.44 5037.52
463 5035.44 5035.73
464 5035.44 5035.65
465 5035.44 5035.55
466 5035.44 5035.46
467 5035.44 5035.94
468 5035.44 5036.58
469 5035.44 5040.34
470 5030.81 5035.63
471 5030.81 5035.97
472 5024.55 5034.36
473 5024.55 5033.12
474 5024.55 5034.95
475 5024.55 5037.59
476 5024.55 5029.48
477 5024.55 5061.4
478 5024.55 5071.65
479 5024.55 5054.85
480 5024.55 5037.82
481 5024.55 5030.11
482 5024.55 5024.86
483 5019.93 5024.51
484 5019.93 5027.67
485 5019.93 5024.59
486 5019.93 5022.38
487 5019.93 5027.27
488 5019.93 5020.16
489 5019.93 5019.93
490 5019.93 5019.93
491 5019.93 5019.93
492 5019.93 5019.93
493 5002.72 5019.76
494 5002.72 5018.38
495 5002.72 5014.77
496 5002.72 5010.64
497 5002.72 5007.66
498 5002.72 5003.24
499 5002.72 5002.72
500 4933.07 5002.02
501 5002.72 5010.29
502 5002.72 5032.72
503 5002.72 5005.44
504 5002.72 5004.62
505 5002.72 5010.59
506 5002.72 5024.11
507 5002.72 5002.95
508 5002.72 5002.72
509 5002.72 5002.72
510 5002.72 5002.72
511 5002.72 5002.72
512 5002.72 5002.72
513 5002.72 5015.37
514 5002.72 5032.22
515 5002.72 5004.63
516 5002.72 5012.61
517 5002.72 5002.72
518 5002.72 5002.72
519 5002.72 5002.72
520 5002.72 5002.72
521 5002.72 5002.72
522 5002.72 5002.72
523 5002.72 5002.72
524 5002.72 5002.72
525 5002.72 5002.72
526 5002.72 5002.72
527 5002.72 5002.72
528 5002.72 5002.72
529 5002.72 5002.72
530 5002.72 5002.72
531 5002.72 5002.72
532 5002.72 5002.72
533 5002.72 5002.72
534 5002.72 5002.72
535 5002.72 5002.72
536 5002.72 5002.72
537 5002.72 5002.72
538 5002.72 5002.72
539 5002.72 5002.72
540 5002.72 5002.72
541 5002.72 5002.72
542 5002.72 5002.72
543 5002.72 5002.72
544 5002.72 5002.72
545 5002.72 5002.72
546 5002.72 5002.72
547 5002.72 5002.72
548 5002.72 5002.72
549 5002.72 5002.72
550 5002.72 5002.72
551 5002.72 5002.72
552 5002.72 5002.72
553 5002.72 5002.72
554 5002.72 5002.72
555 5002.72 5002.72
556 5002.72 5002.72
557 5002.72 5002.72
558 5002.72 5002.72
559 5002.72 5002.72
560 5002.72 5002.72
561 5002.72 5002.72
562 5002.72 5006.1
563 5002.72 5002.72
564 5002.72 5002.72
565 5002.72 5002.72
566 5002.72 5002.72
567 5002.72 5002.72
568 5002.72 5002.72
569 5002.72 5002.72
570 5002.72 5002.72
571 5002.72 5002.72
572 5002.72 5002.72
573 5002.72 5002.72
574 5002.72 5002.72
575 5002.72 5002.72
576 5002.72 5009.76
577 5002.72 5011.02
578 5002.72 5002.72
579 5002.72 5002.72
580 5002.72 5002.72
581 5002.72 5002.72
582 5002.72 5002.72
583 5002.72 5002.72
584 5002.72 5002.72
585 5002.72 5002.72
586 5002.72 5002.72
587 5002.72 5002.72
588 5002.72 5002.72
589 5002.72 5002.72
590 5002.72 5002.72
591 5002.72 5002.72
592 5002.72 5002.72
593 5002.72 5002.72
594 4987.12 5002.56
595 4987.12 5002.25
596 4952.92 5000.73
597 4952.92 5020.06
598 4952.92 5025.42
599 4952.92 5022.95
600 4910.97 5012.45
601 4910.97 5007.39
602 4910.97 4980.32
603 4910.97 4955.46
604 4910.97 4931.39
605 4910.97 4922.92
606 4910.97 4952.24
607 4910.97 4927.93
608 4910.97 4913.73
609 4910.97 4910.97
610 4910.61 4910.97
611 4910.61 4910.94
612 4910.61 4910.89
613 4910.61 4910.83
614 4910.61 4910.73
615 4910.61 4910.68
616 4910.61 4910.63
617 4910.61 4910.61
618 4910.61 4910.87
619 4910.61 4920.41
620 4910.61 4919.84
621 4910.61 4913.13
622 4910.61 4921.93
623 4910.61 4922.67
624 4890 4913.64
625 4890 4922.72
626 4890 5012.87
627 4890 4941.84
628 4890 4945.08
629 4890 4928.43
630 4890 4916.7
631 4890 4892.41
632 4890 4890.83
633 4890 4890
634 4890 4890
635 4890 4890
636 4890 4890
637 4890 4890
638 4890 4890
639 4890 4890
640 4890 4890
641 4890 4890
642 4890 4890
643 4890 4890
644 4890 4890
645 4890 4890
646 4890 4890
647 4890 4890
648 4890 4890
649 4890 4890
650 4890 4890
651 4890 4890
652 4890 4890
653 4890 4890
654 4890 4890
655 4890 4890
656 4890 4890
657 4890 4890
658 4890 4890
659 4890 4890
660 4890 4890
661 4890 4890
662 4889.35 4890
663 4889.35 4889.92
664 4889.35 4889.8
665 4889.35 4889.59
666 4889.35 4889.56
667 4889.35 4889.46
668 4889.35 4889.35
669 4889.35 4889.35
670 4889.35 4889.35
671 4889.35 4889.77
672 4889.35 4902.29
673 4889.35 4891.74
674 4889.35 4889.68
675 4889.35 4889.35
676 4889.35 4889.35
677 4889.35 4889.35
678 4889.35 4889.35
679 4889.35 4889.35
680 4889.35 4889.35
681 4889.35 4889.35
682 4889.35 4889.35
683 4889.35 4889.35
684 4889.35 4889.35
685 4889.35 4889.35
686 4889.35 4889.35
687 4889.35 4889.35
688 4889.35 4889.35
689 4889.35 4890.05
690 4889.35 4889.35
691 4889.35 4889.35
692 4889.35 4889.35
693 4889.35 4889.35
694 4889.35 4889.35
695 4889.35 4889.35
696 4889.35 4889.35
697 4889.35 4889.35
698 4889.35 4890.23
699 4889.35 4897.62
700 4889.35 4895.52
701 4889.35 4889.35
702 4889.35 4889.35
703 4889.35 4889.35
704 4889.35 4889.35
705 4889.35 4889.35
706 4889.35 4892.13
707 4889.35 4889.5
708 4889.35 4889.35
709 4889.35 4889.35
710 4889.35 4889.35
711 4889.35 4889.35
712 4889.35 4889.35
713 4889.35 4889.35
714 4889.35 4889.35
715 4889.35 4889.35
716 4889.35 4889.35
717 4889.35 4889.35
718 4889.35 4889.35
719 4889.35 4889.35
720 4889.35 4889.35
721 4889.35 4889.35
722 4889.35 4889.35
723 4889.35 4889.35
724 4889.35 4889.35
725 4889.35 4889.35
726 4889.35 4889.35
727 4889.35 4889.35
728 4889.35 4889.35
729 4889.35 4889.41
730 4889.35 4889.35
731 4889.35 4889.35
732 4889.35 4889.35
733 4889.35 4889.35
734 4889.35 4889.35
735 4889.35 4889.35
736 4889.35 4889.35
737 4889.35 4889.35
738 4889.35 4889.35
739 4889.35 4889.35
740 4889.35 4889.35
741 4889.35 4889.35
742 4889.35 4889.35
743 4889.35 4891.04
744 4889.35 4889.35
745 4889.35 4891.71
746 4889.35 4889.92
747 4889.35 4891.96
748 4889.35 4917.77
749 4889.35 4896.87
750 4876.58 4889.43
751 4880.07 4896.85
752 4880.07 4949.73
753 4880.07 4938.23
754 4883.17 4983.65
755 4886.39 4988.58
756 4886.39 4957.18
757 4886.39 4975.97
758 4886.39 4976.23
759 4886.39 4927.55
760 4886.39 4913.42
761 4886.39 4898.49
762 4886.39 4892.32
763 4886.39 4892.74
764 4886.39 4888.69
765 4886.39 4886.39
766 4886.39 4886.39
767 4886.39 4886.39
768 4886.39 4886.39
769 4886.39 4886.39
770 4886.39 4902.84
771 4886.39 4886.39
772 4886.39 4886.41
773 4886.39 4905.83
774 4886.39 4886.39
775 4886.39 4886.39
776 4886.39 4887.52
777 4886.39 4888.2
778 4886.39 4887.66
779 4886.39 4887.99
780 4886.39 4891.97
781 4886.39 4886.39
782 4886.39 4886.39
783 4886.39 4886.39
784 4886.39 4886.39
785 4886.39 4886.39
786 4886.39 4886.39
787 4886.39 4886.39
788 4886.39 4886.39
789 4886.39 4888.58
790 4886.39 4886.39
791 4886.39 4886.92
792 4886.39 4886.39
793 4886.39 4886.39
794 4886.39 4886.39
795 4886.39 4886.39
796 4886.39 4886.39
797 4886.39 4886.39
798 4886.39 4886.39
799 4886.39 4886.39
800 4886.39 4886.39
801 4872.86 4886.25
802 4872.86 4885.3
803 4872.86 4882.87
804 4872.86 4877.46
805 4872.86 4874.75
806 4872.86 4873.54
807 4872.86 4872.86
808 4872.86 4872.86
809 4872.86 4872.86
810 4872.86 4872.86
811 4872.86 4872.86
812 4872.86 4872.86
813 4872.86 4872.86
814 4872.86 4873.42
815 4872.86 4875.27
816 4872.86 4879.49
817 4872.86 4872.86
818 4872.86 4872.86
819 4872.86 4872.86
820 4872.86 4872.86
821 4872.86 4872.86
822 4872.86 4872.86
823 4871.72 4872.85
824 4871.72 4872.72
825 4871.72 4872.63
826 4871.72 4872.22
827 4871.72 4871.89
828 4871.72 4871.72
829 4871.72 4871.72
830 4871.72 4871.72
831 4871.72 4871.72
832 4871.72 4871.72
833 4871.72 4871.72
834 4871.72 4871.72
835 4871.72 4871.72
836 4871.72 4871.72
837 4871.72 4871.72
838 4871.72 4871.72
839 4871.72 4871.72
840 4871.72 4871.72
841 4871.72 4871.72
842 4871.72 4871.72
843 4871.72 4871.72
844 4871.72 4871.72
845 4871.72 4871.72
846 4871.72 4871.72
847 4871.72 4871.72
848 4871.72 4871.72
849 4871.72 4871.72
850 4871.72 4871.72
851 4871.72 4871.72
852 4871.72 4871.72
853 4871.72 4871.72
854 4866.39 4871.67
855 4866.39 4871.4
856 4866.39 4870.71
857 4866.39 4874.42
858 4866.39 4869.53
859 4866.39 4868.19
860 4866.39 4867.27
861 4866.39 4866.6
862 4866.39 4866.39
863 4866.39 4869.02
864 4866.39 4866.39
865 4866.39 4866.39
866 4866.39 4866.57
867 4866.39 4866.39
868 4866.39 4866.39
869 4866.39 4866.39
870 4866.39 4866.39
871 4866.39 4866.39
872 4858.21 4866.31
873 4858.21 4865.49
874 4858.21 4863.36
875 4858.21 4862.38
876 4858.21 4860.66
877 4856.54 4859.39
878 4856.54 4858.66
879 4856.54 4857.72
880 4856.54 4857.32
881 4856.54 4856.97
882 4856.54 4856.82
883 4856.54 4856.54
884 4856.54 4856.54
885 4856.54 4856.54
886 4856.54 4856.54
887 4856.54 4856.54
888 4856.54 4856.54
889 4856.54 4856.54
890 4856.54 4856.54
891 4856.54 4856.54
892 4856.54 4856.54
893 4856.54 4856.54
894 4856.54 4856.54
895 4856.54 4856.54
896 4856.54 4856.54
897 4856.54 4856.54
898 4856.54 4856.54
899 4856.54 4856.54
900 4856.54 4894.28
901 4856.54 4868.95
902 4856.54 4864.59
903 4856.54 4857.23
904 4856.54 4856.54
905 4856.54 4856.54
906 4856.54 4856.54
907 4856.54 4856.54
908 4856.54 4856.54
909 4856.54 4856.54
910 4856.54 4856.54
911 4856.54 4856.54
912 4856.54 4856.54
913 4856.54 4856.54
914 4856.54 4856.54
915 4856.54 4856.54
916 4856.54 4856.54
917 4856.54 4856.54
918 4856.54 4856.54
919 4856.54 4856.54
920 4856.54 4856.54
921 4856.54 4856.54
922 4856.54 4856.54
923 4856.54 4856.54
924 4856.54 4856.54
925 4856.54 4856.54
926 4856.54 4856.54
927 4856.54 4856.54
928 4856.54 4860.47
929 4856.54 4856.93
930 4856.54 4856.54
931 4856.54 4856.54
932 4856.54 4856.54
933 4856.54 4856.54
934 4856.54 4856.54
935 4856.54 4856.54
936 4856.54 4856.54
937 4856.54 4856.54
938 4856.54 4856.54
939 4856.54 4857.41
940 4856.54 4859.81
941 4856.54 4857.31
942 4856.54 4856.54
943 4856.54 4856.54
944 4856.54 4856.54
945 4856.54 4856.54
946 4856.54 4856.54
947 4856.54 4856.54
948 4856.54 4856.54
949 4856.54 4856.54
950 4856.54 4856.54
951 4856.54 4856.54
952 4856.54 4856.54
953 4856.54 4856.54
954 4856.54 4856.54
955 4856.54 4856.54
956 4856.54 4856.54
957 4856.54 4856.54
958 4856.54 4856.54
959 4856.54 4856.54
960 4856.54 4856.54
961 4856.54 4856.54
962 4856.54 4856.54
963 4856.54 4856.54
964 4856.54 4856.54
965 4856.54 4856.54
966 4856.54 4856.54
967 4856.54 4856.54
968 4856.54 4861.65
969 4856.54 4857.42
970 4856.54 4856.54
971 4856.54 4857.14
972 4856.54 4856.54
973 4795.59 4855.93
974 4795.59 4851.58
975 4795.59 4838.02
976 4795.59 4825.48
977 4795.59 4816.44
978 4795.59 4811.41
979 4795.59 4814.11
980 4795.59 4796.44
981 4795.59 4799.64
982 4795.59 4800.83
983 4795.59 4796.93
984 4795.59 4796.04
985 4795.59 4804.83
986 4795.59 4817.09
987 4795.59 4811.62
988 4795.59 4811.86
989 4795.59 4797.45
990 4795.59 4795.59
991 4795.59 4798.06
992 4795.59 4797.73
993 4795.59 4804.53
994 4795.59 4800.85
995 4795.59 4800.68
996 4795.59 4797.96
997 4795.59 4795.59
998 4795.59 4795.59
999 4795.59 4795.59
1000 4668.47 4790.85
1001 4668.47 4835.35
1002 4668.47 4865.97
1003 4668.47 4860.32
1004 4668.47 4867.88
1005 4668.47 4774.1
1006 4668.47 4759.12
1007 4668.47 4708.37
1008 4668.47 4671.08
1009 4668.47 4668.47
1010 4668.47 4670.31
1011 4668.47 4668.47
1012 4668.47 4668.47
1013 4668.47 4668.47
1014 4668.47 4668.47
1015 4668.47 4668.47
1016 4668.47 4668.47
1017 4668.47 4668.47
1018 4668.47 4668.47
1019 4668.47 4668.47
1020 4668.47 4668.47
1021 4668.47 4668.47
1022 4668.47 4668.47
1023 4668.47 4668.47
1024 4668.47 4668.47
1025 4668.47 4668.47
1026 4668.47 4668.47
1027 4668.47 4668.47
1028 4668.47 4668.47
1029 4668.47 4668.47
1030 4668.47 4668.47
1031 4668.47 4668.47
1032 4668.47 4674.41
1033 4668.47 4683.71
1034 4668.47 4674.99
1035 4668.47 4668.47
1036 4668.47 4668.49
1037 4668.47 4668.47
1038 4668.47 4675.49
1039 4668.47 4668.47
1040 4668.47 4668.47
1041 4668.47 4668.47
1042 4668.47 4668.47
1043 4668.47 4668.47
1044 4668.47 4668.47
1045 4668.47 4668.47
1046 4668.47 4668.47
1047 4668.47 4668.47
1048 4668.47 4668.47
1049 4668.47 4668.47
1050 4668.47 4668.47
1051 4668.47 4668.47
1052 4668.47 4668.47
1053 4668.47 4668.47
1054 4668.47 4668.47
1055 4668.47 4668.47
1056 4668.47 4668.47
1057 4668.47 4668.47
1058 4668.47 4668.47
1059 4668.47 4668.47
1060 4668.47 4668.47
1061 4668.47 4668.93
1062 4668.47 4669.83
1063 4668.47 4668.47
1064 4668.47 4668.47
1065 4668.47 4668.47
1066 4668.47 4668.47
1067 4668.47 4668.47
1068 4668.47 4668.47
1069 4668.47 4668.47
1070 4668.47 4668.47
1071 4668.47 4669
1072 4668.47 4668.6
1073 4668.47 4668.47
1074 4668.47 4669.66
1075 4668.47 4668.79
1076 4668.47 4668.47
1077 4668.47 4668.47
1078 4668.47 4668.47
1079 4668.47 4668.53
1080 4668.47 4668.47
1081 4668.47 4668.47
1082 4668.47 4668.47
1083 4668.47 4668.47
1084 4668.47 4668.47
1085 4668.47 4668.47
1086 4668.47 4668.47
1087 4668.47 4668.47
1088 4668.47 4668.47
1089 4668.47 4668.47
1090 4668.47 4668.47
1091 4668.47 4668.47
1092 4668.47 4668.47
1093 4668.47 4668.47
1094 4668.47 4668.47
1095 4668.47 4668.47
1096 4668.47 4668.47
1097 4668.47 4668.47
1098 4668.47 4668.47
1099 4668.47 4668.47
1100 4668.47 4668.47
1101 4668.47 4672.44
1102 4668.47 4672.37
1103 4668.47 4668.47
1104 4668.47 4668.47
1105 4668.47 4668.47
1106 4668.47 4668.47
1107 4668.47 4670.15
1108 4668.47 4668.47
1109 4668.47 4668.47
1110 4668.47 4670.67
1111 4668.47 4668.47
1112 4668.47 4668.47
1113 4668.47 4668.47
1114 4668.47 4668.47
1115 4668.47 4668.47
1116 4668.47 4668.47
1117 4668.47 4668.47
1118 4668.47 4668.47
1119 4668.47 4668.47
1120 4668.47 4668.47
1121 4668.47 4668.47
1122 4668.47 4668.47
1123 4668.47 4668.47
1124 4668.47 4668.47
1125 4668.47 4668.47
1126 4668.47 4668.47
1127 4668.47 4668.47
1128 4668.47 4668.47
1129 4668.47 4668.47
1130 4668.47 4668.47
1131 4668.47 4668.47
1132 4668.47 4668.47
1133 4668.47 4668.47
1134 4668.47 4668.47
1135 4668.47 4668.47
1136 4668.47 4668.47
1137 4668.47 4668.47
1138 4668.47 4668.47
1139 4668.47 4668.47
1140 4668.47 4668.47
1141 4668.47 4668.47
1142 4668.47 4668.47
1143 4668.47 4668.47
1144 4668.47 4668.47
1145 4668.47 4668.47
1146 4668.47 4668.47
1147 4668.47 4668.47
1148 4668.47 4668.47
1149 4668.47 4668.47
1150 4668.47 4668.47
1151 4668.47 4668.47
1152 4668.47 4668.47
1153 4668.47 4668.47
1154 4668.47 4668.47
1155 4668.47 4668.47
1156 4668.47 4668.47
1157 4668.47 4668.47
1158 4668.47 4668.47
1159 4668.47 4668.47
1160 4668.47 4668.47
1161 4668.47 4690.9
1162 4668.47 4723.41
1163 4668.47 4713.67
1164 4668.47 4673.9
1165 4668.47 4706.56
1166 4668.47 4671.85
1167 4668.47 4678.18
1168 4668.47 4670.31
1169 4668.47 4674.21
1170 4668.47 4669.68
1171 4668.47 4668.47
1172 4668.47 4668.47
1173 4668.47 4668.47
1174 4668.47 4668.47
1175 4668.47 4668.47
1176 4668.47 4668.47
1177 4668.47 4668.47
1178 4668.47 4668.47
1179 4668.47 4668.47
1180 4668.47 4668.47
1181 4668.47 4668.47
1182 4668.47 4668.47
1183 4668.47 4668.47
1184 4668.47 4668.79
1185 4668.47 4676.54
1186 4668.47 4670.7
1187 4668.47 4674.88
1188 4668.47 4668.47
1189 4668.47 4668.47
1190 4668.47 4668.47
1191 4668.47 4668.47
1192 4668.47 4668.47
1193 4668.47 4668.47
1194 4668.47 4668.47
1195 4668.47 4668.47
1196 4668.47 4668.47
1197 4668.47 4668.47
1198 4668.47 4668.47
1199 4668.47 4668.47
1200 4668.47 4668.47
1201 4668.47 4668.47
1202 4668.47 4668.47
1203 4668.47 4668.47
1204 4668.47 4668.47
1205 4668.47 4668.47
1206 4668.47 4668.47
1207 4668.47 4668.47
1208 4668.47 4668.47
1209 4668.47 4668.47
1210 4668.47 4668.58
1211 4668.47 4668.47
1212 4668.47 4675.42
1213 4668.47 4700.47
1214 4668.47 4721.41
1215 4668.47 4713.48
1216 4668.47 4672.04
1217 4668.47 4668.47
1218 4668.47 4672.57
1219 4668.47 4670.3
1220 4668.47 4668.47
1221 4668.47 4668.47
1222 4668.47 4668.47
1223 4668.47 4668.47
1224 4668.47 4668.47
1225 4668.47 4668.47
1226 4668.47 4668.47
1227 4668.47 4668.47
1228 4668.47 4668.47
1229 4668.47 4668.47
1230 4668.47 4668.47
1231 4668.47 4668.47
1232 4668.47 4668.47
1233 4668.47 4668.47
1234 4668.47 4668.9
1235 4668.47 4668.47
1236 4668.47 4668.47
1237 4668.47 4668.47
1238 4668.47 4668.47
1239 4668.47 4668.47
1240 4668.47 4668.47
1241 4668.47 4668.47
1242 4668.47 4668.47
1243 4668.47 4668.47
1244 4668.47 4668.47
1245 4668.47 4668.47
1246 4668.47 4668.47
1247 4668.47 4668.47
1248 4668.47 4668.47
1249 4668.47 4668.47
1250 4668.47 4668.47
1251 4668.47 4668.47
1252 4668.47 4668.47
1253 4668.47 4668.47
1254 4668.47 4668.47
1255 4668.47 4668.47
1256 4668.47 4668.47
1257 4668.47 4668.47
1258 4668.47 4668.47
1259 4668.47 4668.47
1260 4668.47 4668.47
1261 4668.47 4668.47
1262 4668.47 4668.47
1263 4668.47 4668.47
1264 4668.47 4668.47
1265 4668.47 4668.47
1266 4668.47 4668.47
1267 4668.47 4668.47
1268 4668.47 4668.47
1269 4668.47 4668.47
1270 4668.47 4668.47
1271 4668.47 4675.22
1272 4668.47 4675.42
1273 4668.47 4668.47
1274 4668.47 4668.89
1275 4668.47 4668.47
1276 4668.47 4668.47
1277 4668.47 4668.47
1278 4668.47 4668.47
1279 4668.47 4668.47
1280 4668.47 4668.47
1281 4668.47 4668.47
1282 4668.47 4668.47
1283 4668.47 4668.47
1284 4668.47 4669.21
1285 4668.47 4668.47
1286 4668.47 4671.17
1287 4668.47 4668.47
1288 4668.47 4668.47
1289 4668.47 4668.47
1290 4668.47 4668.47
1291 4668.47 4670.78
1292 4668.47 4674.24
1293 4668.47 4713.57
1294 4668.47 4697.73
1295 4668.47 4687.71
1296 4668.47 4705.71
1297 4668.47 4709.15
1298 4668.47 4703.84
1299 4668.47 4673.68
1300 4668.47 4675.26
1301 4668.47 4668.47
1302 4668.47 4668.47
1303 4668.47 4668.47
1304 4668.47 4669.24
1305 4659.99 4668.39
1306 4659.99 4667.62
1307 4659.99 4665.67
1308 4659.99 4663.55
1309 4659.99 4661.69
1310 4659.99 4660.33
1311 4659.99 4660.5
1312 4659.99 4659.99
1313 4659.99 4659.99
1314 4659.99 4659.99
1315 4659.99 4659.99
1316 4659.99 4659.99
1317 4659.99 4663.34
1318 4659.99 4659.99
1319 4659.99 4659.99
1320 4659.99 4659.99
1321 4659.99 4659.99
1322 4659.99 4659.99
1323 4659.99 4659.99
1324 4659.99 4659.99
1325 4659.99 4659.99
1326 4659.99 4659.99
1327 4659.99 4659.99
1328 4659.99 4659.99
1329 4659.99 4659.99
1330 4659.99 4659.99
1331 4659.99 4659.99
1332 4659.99 4659.99
1333 4659.99 4659.99
1334 4659.99 4659.99
1335 4659.99 4659.99
1336 4659.99 4659.99
1337 4659.99 4659.99
1338 4659.99 4659.99
1339 4659.99 4659.99
1340 4659.99 4659.99
1341 4659.99 4659.99
1342 4659.99 4659.99
1343 4659.99 4659.99
1344 4659.99 4659.99
1345 4659.99 4659.99
1346 4659.99 4659.99
1347 4659.99 4659.99
1348 4659.99 4659.99
1349 4659.99 4659.99
1350 4659.99 4659.99
1351 4659.99 4659.99
1352 4659.99 4659.99
1353 4659.99 4659.99
1354 4659.99 4659.99
1355 4659.99 4659.99
1356 4659.99 4659.99
1357 4659.99 4659.99
1358 4659.99 4659.99
1359 4659.99 4659.99
1360 4659.99 4659.99
1361 4659.99 4659.99
1362 4659.99 4659.99
1363 4659.99 4659.99
1364 4659.99 4659.99
1365 4659.99 4659.99
1366 4659.99 4659.99
1367 4659.99 4659.99
1368 4659.99 4659.99
1369 4659.99 4659.99
1370 4659.99 4659.99
1371 4659.99 4659.99
1372 4659.99 4659.99
1373 4659.99 4659.99
1374 4659.99 4659.99
1375 4659.99 4659.99
1376 4659.99 4659.99
1377 4659.99 4659.99
1378 4659.99 4659.99
1379 4659.99 4659.99
1380 4659.99 4659.99
1381 4659.99 4659.99
1382 4659.99 4659.99
1383 4659.99 4659.99
1384 4659.99 4659.99
1385 4659.99 4659.99
1386 4659.99 4659.99
1387 4659.99 4659.99
1388 4659.99 4659.99
1389 4659.99 4659.99
1390 4659.99 4659.99
1391 4659.99 4659.99
1392 4659.99 4659.99
1393 4659.99 4659.99
1394 4659.99 4659.99
1395 4659.99 4660.24
1396 4659.99 4664.28
1397 4659.99 4679.16
1398 4659.99 4698.88
1399 4659.99 4665.5
1400 4659.99 4663.19
1401 4659.99 4659.99
1402 4659.99 4659.99
1403 4659.99 4659.99
1404 4659.99 4659.99
1405 4659.99 4661.12
1406 4659.99 4659.99
1407 4659.99 4659.99
1408 4659.99 4659.99
1409 4659.99 4659.99
1410 4659.99 4659.99
1411 4659.99 4659.99
1412 4659.99 4659.99
1413 4659.99 4659.99
1414 4659.99 4659.99
1415 4659.99 4659.99
1416 4659.99 4659.99
1417 4659.99 4659.99
1418 4659.99 4659.99
1419 4659.99 4659.99
1420 4659.99 4659.99
1421 4659.99 4659.99
1422 4659.99 4659.99
1423 4659.99 4659.99
1424 4659.99 4659.99
1425 4659.99 4659.99
1426 4659.99 4659.99
1427 4659.99 4659.99
1428 4659.99 4659.99
1429 4659.99 4659.99
1430 4659.99 4659.99
1431 4659.99 4659.99
1432 4659.99 4659.99
1433 4659.99 4659.99
1434 4659.99 4659.99
1435 4659.99 4659.99
1436 4659.99 4659.99
1437 4659.99 4659.99
1438 4659.99 4659.99
1439 4659.99 4659.99
1440 4659.99 4659.99
1441 4659.99 4659.99
1442 4659.99 4660.57
1443 4659.99 4659.99
1444 4659.99 4659.99
1445 4659.99 4659.99
1446 4659.99 4659.99
1447 4659.99 4679.21
1448 4659.99 4674.14
1449 4659.99 4685.05
1450 4659.99 4693.56
1451 4659.99 4688.9
1452 4659.99 4678.19
1453 4659.99 4667.24
1454 4659.99 4683.66
1455 4659.99 4674.26
1456 4659.99 4659.99
1457 4659.99 4659.99
1458 4659.99 4659.99
1459 4659.99 4659.99
1460 4659.99 4659.99
1461 4659.99 4659.99
1462 4659.99 4659.99
1463 4659.99 4659.99
1464 4659.99 4659.99
1465 4659.99 4659.99
1466 4659.99 4659.99
1467 4659.99 4659.99
1468 4659.99 4659.99
1469 4659.99 4659.99
1470 4659.99 4660.37
1471 4659.99 4670.56
1472 4659.99 4659.99
1473 4659.99 4659.99
1474 4659.99 4659.99
1475 4659.99 4659.99
1476 4659.99 4659.99
1477 4659.99 4659.99
1478 4659.99 4659.99
1479 4659.99 4659.99
1480 4659.99 4659.99
1481 4659.99 4659.99
1482 4659.99 4659.99
1483 4659.99 4659.99
1484 4659.99 4659.99
1485 4659.99 4659.99
1486 4659.99 4659.99
1487 4659.99 4659.99
1488 4659.99 4659.99
1489 4659.99 4659.99
1490 4659.99 4659.99
1491 4659.99 4659.99
1492 4659.99 4659.99
1493 4659.99 4659.99
1494 4659.99 4659.99
1495 4659.99 4665.82
1496 4659.99 4659.99
1497 4659.99 4661.18
1498 4659.99 4659.99
1499 4659.99 4679.6
1500 4659.99 4663.21
1501 4659.99 4659.99
1502 4659.99 4659.99
1503 4659.99 4659.99
1504 4659.99 4659.99
1505 4659.99 4659.99
1506 4659.99 4659.99
1507 4659.99 4661.31
1508 4659.99 4660.15
1509 4659.99 4659.99
1510 4659.99 4674.39
1511 4659.99 4686.74
1512 4659.99 4698.02
1513 4659.99 4660.44
1514 4659.99 4659.99
1515 4659.99 4659.99
1516 4659.99 4659.99
1517 4659.99 4659.99
1518 4659.99 4659.99
1519 4659.99 4659.99
1520 4659.99 4659.99
1521 4659.99 4659.99
1522 4659.99 4659.99
1523 4659.99 4659.99
1524 4659.99 4659.99
1525 4659.99 4659.99
1526 4659.99 4659.99
1527 4659.99 4659.99
1528 4659.99 4659.99
1529 4659.99 4659.99
1530 4659.99 4659.99
1531 4659.99 4659.99
1532 4659.99 4659.99
1533 4659.99 4659.99
1534 4659.99 4659.99
1535 4659.99 4659.99
1536 4659.99 4659.99
1537 4659.99 4659.99
1538 4659.99 4659.99
1539 4659.99 4659.99
1540 4659.99 4659.99
1541 4659.99 4659.99
1542 4659.99 4659.99
1543 4659.99 4659.99
1544 4659.99 4659.99
1545 4659.99 4659.99
1546 4659.99 4659.99
1547 4659.99 4659.99
1548 4659.99 4659.99
1549 4659.99 4659.99
1550 4659.99 4659.99
1551 4659.99 4659.99
1552 4659.99 4659.99
1553 4659.99 4659.99
1554 4659.99 4659.99
1555 4659.99 4659.99
1556 4659.99 4659.99
1557 4659.99 4659.99
1558 4659.99 4659.99
1559 4659.99 4659.99
1560 4659.99 4659.99
1561 4659.99 4659.99
1562 4659.99 4659.99
1563 4659.99 4659.99
1564 4659.99 4659.99
1565 4659.99 4659.99
1566 4659.99 4659.99
1567 4659.99 4670
1568 4659.99 4663.37
1569 4659.99 4668.48
1570 4659.99 4667.64
1571 4659.99 4673.97
1572 4659.99 4660.24
1573 4659.99 4659.99
1574 4659.99 4659.99
1575 4659.99 4659.99
1576 4659.99 4664.75
1577 4659.99 4660.24
1578 4659.99 4659.99
1579 4659.99 4659.99
1580 4659.99 4659.99
1581 4659.99 4659.99
1582 4659.99 4659.99
1583 4659.99 4659.99
1584 4659.99 4659.99
1585 4659.99 4659.99
1586 4659.99 4659.99
1587 4659.99 4659.99
1588 4659.99 4659.99
1589 4659.99 4659.99
1590 4659.99 4659.99
1591 4659.99 4659.99
1592 4659.99 4659.99
1593 4659.99 4659.99
1594 4659.99 4660.24
1595 4659.99 4659.99
1596 4659.99 4659.99
1597 4659.99 4659.99
1598 4659.99 4659.99
1599 4659.99 4659.99
1600 4659.99 4659.99
1601 4659.99 4659.99
1602 4659.99 4659.99
1603 4659.99 4659.99
1604 4659.99 4659.99
1605 4659.99 4659.99
1606 4659.99 4659.99
1607 4659.99 4659.99
1608 4659.99 4659.99
1609 4659.99 4659.99
1610 4659.99 4659.99
1611 4659.99 4659.99
1612 4659.99 4659.99
1613 4659.99 4659.99
1614 4659.99 4659.99
1615 4659.99 4659.99
1616 4659.99 4659.99
1617 4659.99 4659.99
1618 4659.99 4659.99
1619 4659.99 4659.99
1620 4659.99 4659.99
1621 4659.99 4659.99
1622 4659.99 4663.68
1623 4659.99 4663.78
1624 4659.99 4661.86
1625 4659.99 4665.78
1626 4659.99 4676.48
1627 4659.99 4660.85
1628 4659.99 4660.4
1629 4659.99 4659.99
1630 4659.99 4659.99
1631 4659.99 4659.99
1632 4659.99 4659.99
1633 4659.99 4659.99
1634 4659.99 4659.99
1635 4659.99 4659.99
1636 4659.99 4659.99
1637 4659.99 4659.99
1638 4659.99 4659.99
1639 4659.99 4659.99
1640 4659.99 4659.99
1641 4659.99 4659.99
1642 4659.99 4659.99
1643 4659.99 4663
1644 4659.99 4670.28
1645 4659.99 4659.99
1646 4659.99 4659.99
1647 4659.99 4668.42
1648 4659.99 4665.78
1649 4659.99 4660.95
1650 4659.99 4661.31
1651 4659.99 4659.99
1652 4659.99 4659.99
1653 4659.99 4659.99
1654 4659.99 4673.92
1655 4659.99 4661.7
1656 4659.99 4664.43
1657 4659.99 4660.73
1658 4659.99 4659.99
1659 4659.99 4659.99
1660 4659.99 4659.99
1661 4659.99 4659.99
1662 4659.99 4659.99
1663 4659.99 4659.99
1664 4659.99 4659.99
1665 4659.99 4659.99
1666 4659.99 4659.99
1667 4659.99 4659.99
1668 4659.99 4659.99
1669 4659.99 4659.99
1670 4659.99 4659.99
1671 4659.99 4659.99
1672 4659.99 4659.99
1673 4659.99 4659.99
1674 4659.99 4659.99
1675 4659.99 4659.99
1676 4659.99 4659.99
1677 4659.99 4659.99
1678 4659.99 4659.99
1679 4659.99 4659.99
1680 4659.99 4659.99
1681 4659.99 4659.99
1682 4659.99 4659.99
1683 4659.99 4659.99
1684 4659.99 4671.7
1685 4659.99 4659.99
1686 4659.99 4659.99
1687 4659.99 4659.99
1688 4659.99 4659.99
1689 4659.99 4659.99
1690 4659.99 4659.99
1691 4659.99 4659.99
1692 4659.99 4659.99
1693 4659.99 4659.99
1694 4659.99 4659.99
1695 4659.99 4659.99
1696 4659.99 4659.99
1697 4659.99 4659.99
1698 4659.99 4659.99
1699 4659.99 4659.99
1700 4659.99 4659.99
1701 4659.99 4659.99
1702 4659.99 4659.99
1703 4659.99 4659.99
1704 4659.99 4659.99
1705 4659.99 4659.99
1706 4659.99 4662.77
1707 4659.99 4670.78
1708 4659.99 4660.98
1709 4659.99 4670.72
1710 4659.99 4661.82
1711 4659.99 4665.67
1712 4659.99 4659.99
1713 4659.99 4659.99
1714 4659.99 4659.99
1715 4659.99 4659.99
1716 4659.99 4659.99
1717 4659.99 4659.99
1718 4659.99 4659.99
1719 4659.99 4659.99
1720 4659.99 4659.99
1721 4659.99 4659.99
1722 4659.99 4659.99
1723 4659.99 4659.99
1724 4659.99 4660.97
1725 4659.99 4683.76
1726 4659.99 4679.05
1727 4659.99 4660.18
1728 4659.99 4660.67
1729 4659.99 4676.04
1730 4659.99 4661.96
1731 4659.99 4660.75
1732 4659.99 4659.99
1733 4659.99 4659.99
1734 4659.99 4659.99
1735 4659.99 4659.99
1736 4659.99 4659.99
1737 4659.99 4659.99
1738 4659.99 4659.99
1739 4659.99 4659.99
1740 4659.99 4659.99
1741 4659.99 4659.99
1742 4659.99 4659.99
1743 4659.99 4659.99
1744 4659.99 4659.99
1745 4659.99 4659.99
1746 4659.99 4659.99
1747 4659.99 4659.99
1748 4659.99 4659.99
1749 4659.99 4659.99
1750 4659.99 4659.99
1751 4659.99 4659.99
1752 4659.99 4659.99
1753 4659.99 4659.99
1754 4659.99 4659.99
1755 4659.99 4659.99
1756 4659.99 4659.99
1757 4659.99 4659.99
1758 4659.99 4659.99
1759 4659.99 4659.99
1760 4659.99 4659.99
1761 4659.99 4659.99
1762 4659.99 4659.99
1763 4659.99 4659.99
1764 4659.99 4659.99
1765 4659.99 4659.99
1766 4659.99 4659.99
1767 4659.99 4659.99
1768 4659.99 4659.99
1769 4659.99 4659.99
1770 4659.99 4659.99
1771 4659.99 4659.99
1772 4659.99 4659.99
1773 4659.99 4659.99
1774 4659.99 4659.99
1775 4659.99 4659.99
1776 4659.99 4659.99
1777 4659.99 4659.99
1778 4659.99 4659.99
1779 4659.99 4659.99
1780 4659.99 4659.99
1781 4659.99 4659.99
1782 4659.99 4659.99
1783 4659.99 4659.99
1784 4659.99 4659.99
1785 4659.99 4659.99
1786 4659.99 4659.99
1787 4659.99 4659.99
1788 4659.99 4659.99
1789 4659.99 4660.16
1790 4659.99 4660.65
1791 4659.99 4659.99
1792 4659.99 4659.99
1793 4659.99 4661.24
1794 4659.99 4681.44
1795 4659.99 4662.95
1796 4659.99 4659.99
1797 4659.99 4660.11
1798 4659.99 4659.99
1799 4659.99 4659.99
1800 4659.99 4659.99
1801 4659.99 4659.99
1802 4659.99 4659.99
1803 4659.99 4659.99
1804 4659.99 4659.99
1805 4659.99 4659.99
1806 4659.99 4659.99
1807 4659.99 4659.99
1808 4659.99 4659.99
1809 4659.99 4659.99
1810 4659.99 4659.99
1811 4659.99 4659.99
1812 4659.99 4661.15
1813 4659.99 4688.09
1814 4659.99 4667.39
1815 4659.99 4660.85
1816 4659.99 4659.99
1817 4659.99 4659.99
1818 4659.99 4659.99
1819 4659.99 4659.99
1820 4659.99 4659.99
1821 4659.99 4670.56
1822 4659.99 4668.25
1823 4659.99 4661.87
1824 4659.99 4660.24
1825 4659.99 4709.1
1826 4659.99 4662.13
1827 4659.99 4659.99
1828 4659.99 4659.99
1829 4659.99 4659.99
1830 4659.99 4659.99
1831 4659.99 4659.99
1832 4659.99 4659.99
1833 4659.99 4659.99
1834 4659.99 4659.99
1835 4659.99 4659.99
1836 4659.99 4659.99
1837 4659.99 4659.99
1838 4659.99 4659.99
1839 4659.99 4659.99
1840 4659.99 4659.99
1841 4659.99 4659.99
1842 4659.99 4659.99
1843 4659.99 4659.99
1844 4659.99 4659.99
1845 4659.99 4659.99
1846 4659.99 4659.99
1847 4659.99 4659.99
1848 4659.99 4659.99
1849 4659.99 4659.99
1850 4659.99 4659.99
1851 4659.99 4659.99
1852 4659.99 4659.99
1853 4659.99 4659.99
1854 4659.99 4659.99
1855 4659.99 4659.99
1856 4659.99 4659.99
1857 4659.99 4659.99
1858 4659.99 4659.99
1859 4659.99 4659.99
1860 4659.99 4659.99
1861 4659.99 4659.99
1862 4659.99 4659.99
1863 4659.99 4659.99
1864 4659.99 4659.99
1865 4659.99 4659.99
1866 4659.99 4659.99
1867 4659.99 4659.99
1868 4659.99 4659.99
1869 4659.99 4659.99
1870 4659.99 4659.99
1871 4659.99 4659.99
1872 4659.99 4659.99
1873 4659.99 4659.99
1874 4659.99 4659.99
1875 4659.99 4659.99
1876 4659.99 4659.99
1877 4659.99 4659.99
1878 4659.99 4659.99
1879 4659.99 4659.99
1880 4659.99 4659.99
1881 4659.99 4659.99
1882 4659.99 4659.99
1883 4659.99 4659.99
1884 4659.99 4659.99
1885 4659.99 4659.99
1886 4659.99 4659.99
1887 4659.99 4659.99
1888 4659.99 4659.99
1889 4659.99 4661.51
1890 4659.99 4661.9
1891 4659.99 4660.98
1892 4659.99 4662.97
1893 4659.99 4659.99
1894 4659.99 4659.99
1895 4659.99 4659.99
1896 4659.99 4659.99
1897 4659.99 4659.99
1898 4659.99 4659.99
1899 4659.99 4659.99
1900 4659.99 4659.99
1901 4659.99 4659.99
1902 4659.99 4659.99
1903 4659.99 4659.99
1904 4659.99 4659.99
1905 4659.99 4659.99
1906 4659.99 4659.99
1907 4659.99 4659.99
1908 4659.99 4659.99
1909 4659.99 4659.99
1910 4659.99 4659.99
1911 4659.99 4659.99
1912 4659.99 4659.99
1913 4659.99 4659.99
1914 4659.99 4659.99
1915 4659.99 4659.99
1916 4659.99 4659.99
1917 4659.99 4659.99
1918 4659.99 4659.99
1919 4659.99 4659.99
1920 4659.99 4660.09
1921 4659.99 4659.99
1922 4659.99 4659.99
1923 4659.99 4659.99
1924 4659.99 4659.99
1925 4659.99 4659.99
1926 4659.99 4659.99
1927 4659.99 4659.99
1928 4659.99 4659.99
1929 4659.99 4659.99
1930 4659.99 4659.99
1931 4659.99 4659.99
1932 4659.99 4659.99
1933 4659.99 4659.99
1934 4659.99 4659.99
1935 4659.99 4659.99
1936 4659.99 4659.99
1937 4659.99 4659.99
1938 4659.99 4659.99
1939 4659.99 4659.99
1940 4659.99 4664.41
1941 4659.99 4685.39
1942 4659.99 4667.78
1943 4659.99 4659.99
1944 4659.99 4659.99
1945 4659.99 4659.99
1946 4659.99 4659.99
1947 4659.99 4659.99
1948 4659.99 4659.99
1949 4659.99 4659.99
1950 4659.99 4659.99
1951 4659.99 4659.99
1952 4659.99 4659.99
1953 4659.99 4659.99
1954 4659.99 4659.99
1955 4659.99 4659.99
1956 4659.99 4659.99
1957 4659.99 4659.99
1958 4659.99 4659.99
1959 4659.99 4659.99
1960 4659.99 4659.99
1961 4659.99 4659.99
1962 4659.99 4662.77
1963 4659.99 4662.76
1964 4659.99 4659.99
1965 4659.99 4660.16
1966 4659.99 4659.99
1967 4659.99 4659.99
1968 4659.99 4659.99
1969 4659.99 4659.99
1970 4659.99 4659.99
1971 4659.99 4659.99
1972 4659.99 4659.99
1973 4659.99 4659.99
1974 4659.99 4659.99
1975 4659.99 4659.99
1976 4659.99 4659.99
1977 4659.99 4659.99
1978 4659.99 4659.99
1979 4659.99 4659.99
1980 4659.99 4659.99
1981 4659.99 4659.99
1982 4659.99 4659.99
1983 4659.99 4659.99
1984 4659.99 4659.99
1985 4659.99 4659.99
1986 4659.99 4659.99
1987 4659.99 4659.99
1988 4659.99 4659.99
1989 4659.99 4659.99
1990 4659.99 4659.99
1991 4659.99 4659.99
1992 4659.99 4659.99
1993 4659.99 4659.99
1994 4659.99 4659.99
1995 4659.99 4659.99
1996 4659.99 4659.99
1997 4659.99 4659.99
1998 4659.99 4659.99
1999 4659.99 4659.99
2000 4637.14 4672.49
2001 4659.99 4711.87
2002 4659.99 4744.45
2003 4659.99 4710.2
2004 4659.99 4669.85
2005 4659.99 4665.16
2006 4659.99 4669.52
2007 4659.99 4668.56
2008 4659.99 4660.24
2009 4659.99 4659.99
2010 4659.99 4659.99
2011 4659.99 4659.99
2012 4659.99 4659.99
2013 4659.99 4659.99
2014 4659.99 4659.99
2015 4659.99 4659.99
2016 4659.99 4659.99
2017 4659.99 4659.99
2018 4659.99 4659.99
2019 4659.99 4659.99
2020 4659.99 4659.99
2021 4659.99 4659.99
2022 4659.99 4659.99
2023 4659.99 4659.99
2024 4659.99 4659.99
2025 4659.99 4659.99
2026 4659.99 4659.99
2027 4659.99 4659.99
2028 4659.99 4659.99
2029 4659.99 4659.99
2030 4659.99 4659.99
2031 4659.99 4659.99
2032 4659.99 4659.99
2033 4659.99 4659.99
2034 4659.99 4659.99
2035 4659.99 4659.99
2036 4659.99 4659.99
2037 4659.99 4659.99
2038 4659.99 4659.99
2039 4659.99 4659.99
2040 4659.99 4659.99
2041 4659.99 4659.99
2042 4659.99 4659.99
2043 4659.99 4659.99
2044 4659.99 4659.99
2045 4659.99 4659.99
2046 4659.99 4659.99
2047 4659.99 4659.99
2048 4659.99 4659.99
2049 4659.99 4659.99
2050 4659.99 4659.99
2051 4659.99 4659.99
2052 4659.99 4659.99
2053 4659.99 4659.99
2054 4659.99 4659.99
2055 4659.99 4659.99
2056 4659.99 4659.99
2057 4659.99 4659.99
2058 4659.99 4659.99
2059 4659.99 4659.99
2060 4659.99 4659.99
2061 4659.99 4659.99
2062 4659.99 4659.99
2063 4659.99 4659.99
2064 4659.99 4659.99
2065 4659.99 4660.47
2066 4659.99 4660.34
2067 4659.99 4659.99
2068 4659.99 4660.93
2069 4659.99 4659.99
2070 4659.99 4659.99
2071 4659.99 4660.39
2072 4659.99 4663.55
2073 4659.99 4659.99
2074 4659.99 4663.24
2075 4659.99 4699.59
2076 4659.99 4668.02
2077 4659.99 4659.99
2078 4659.99 4659.99
2079 4659.99 4659.99
2080 4659.99 4671.03
2081 4659.99 4659.99
2082 4659.99 4659.99
2083 4659.99 4659.99
2084 4659.99 4660.11
2085 4659.99 4659.99
2086 4659.99 4665.67
2087 4659.99 4663.35
2088 4659.99 4669.4
2089 4659.99 4665.2
2090 4659.99 4659.99
2091 4659.99 4659.99
2092 4659.99 4659.99
2093 4659.99 4660.8
2094 4659.99 4659.99
2095 4659.99 4659.99
2096 4659.99 4659.99
2097 4659.99 4659.99
2098 4659.99 4661.46
2099 4659.99 4659.99
2100 4659.99 4660.21
2101 4659.99 4659.99
2102 4659.99 4669.48
2103 4659.99 4666.17
2104 4659.99 4665.55
2105 4659.99 4659.99
2106 4659.99 4660.49
2107 4659.99 4659.99
2108 4659.99 4660.14
2109 4659.99 4661.66
2110 4659.99 4661.87
2111 4659.99 4666.01
2112 4659.99 4686.38
2113 4659.99 4687.26
2114 4659.99 4681.11
2115 4659.99 4678.63
2116 4659.99 4667.9
2117 4659.99 4681.49
2118 4659.99 4659.99
2119 4659.99 4659.99
2120 4659.99 4659.99
2121 4659.99 4659.99
2122 4659.99 4659.99
2123 4659.99 4659.99
2124 4659.99 4660.07
2125 4659.99 4659.99
2126 4659.99 4659.99
2127 4659.99 4659.99
2128 4659.99 4659.99
2129 4659.99 4659.99
2130 4659.99 4659.99
2131 4659.99 4659.99
2132 4659.99 4659.99
2133 4659.99 4659.99
2134 4659.99 4659.99
2135 4659.99 4659.99
2136 4659.99 4659.99
2137 4659.99 4659.99
2138 4659.99 4659.99
2139 4659.99 4659.99
2140 4659.99 4659.99
2141 4659.99 4659.99
2142 4659.99 4659.99
2143 4659.99 4659.99
2144 4659.99 4659.99
2145 4659.99 4659.99
2146 4659.99 4659.99
2147 4659.99 4659.99
2148 4659.99 4659.99
2149 4659.99 4659.99
2150 4659.99 4659.99
2151 4659.99 4661.03
2152 4659.99 4661.41
2153 4659.99 4660.09
2154 4659.99 4659.99
2155 4659.99 4659.99
2156 4659.99 4659.99
2157 4659.99 4659.99
2158 4659.99 4659.99
2159 4659.99 4659.99
2160 4659.99 4659.99
2161 4659.99 4659.99
2162 4659.99 4659.99
2163 4659.99 4659.99
2164 4659.99 4659.99
2165 4659.99 4659.99
2166 4659.99 4659.99
2167 4659.99 4659.99
2168 4659.99 4659.99
2169 4659.99 4659.99
2170 4659.99 4659.99
2171 4659.99 4659.99
2172 4659.99 4664.6
2173 4659.99 4688.76
2174 4659.99 4664.57
2175 4659.99 4660.11
2176 4659.99 4659.99
2177 4659.99 4659.99
2178 4659.99 4659.99
2179 4659.99 4659.99
2180 4659.99 4659.99
2181 4659.99 4659.99
2182 4659.99 4659.99
2183 4659.99 4659.99
2184 4659.99 4659.99
2185 4659.99 4659.99
2186 4659.99 4659.99
2187 4659.99 4659.99
2188 4659.99 4659.99
2189 4659.99 4659.99
2190 4659.99 4659.99
2191 4659.99 4659.99
2192 4659.99 4659.99
2193 4659.99 4659.99
2194 4659.99 4659.99
2195 4659.99 4659.99
2196 4659.99 4659.99
2197 4659.99 4659.99
2198 4659.99 4659.99
2199 4659.99 4659.99
2200 4659.99 4659.99
2201 4659.99 4659.99
2202 4659.99 4659.99
2203 4659.99 4659.99
2204 4659.99 4659.99
2205 4659.99 4659.99
2206 4659.99 4659.99
2207 4659.99 4659.99
2208 4659.99 4659.99
2209 4659.99 4659.99
2210 4659.99 4659.99
2211 4659.99 4659.99
2212 4659.99 4660.78
2213 4659.99 4693.09
2214 4659.99 4677.22
2215 4659.99 4660.54
2216 4659.99 4659.99
2217 4659.99 4660.14
2218 4659.99 4661.09
2219 4659.99 4659.99
2220 4659.99 4659.99
2221 4659.99 4659.99
2222 4659.99 4659.99
2223 4659.99 4659.99
2224 4659.99 4659.99
2225 4659.99 4659.99
2226 4659.99 4659.99
2227 4659.99 4659.99
2228 4659.99 4660.09
2229 4659.99 4660.22
2230 4659.99 4661.4
2231 4659.99 4664.79
2232 4659.99 4660.14
2233 4659.99 4662.42
2234 4659.99 4660.25
2235 4659.99 4660.25
2236 4659.99 4659.99
2237 4659.99 4659.99
2238 4659.99 4659.99
2239 4659.99 4659.99
2240 4659.99 4659.99
2241 4659.99 4659.99
2242 4659.99 4659.99
2243 4659.99 4659.99
2244 4659.99 4659.99
2245 4659.99 4659.99
2246 4659.99 4659.99
2247 4659.99 4659.99
2248 4659.99 4659.99
2249 4659.99 4659.99
2250 4652.44 4659.23
2251 4652.44 4659.58
2252 4652.44 4667.85
2253 4652.44 4681.41
2254 4652.44 4707.38
2255 4652.44 4688.39
2256 4652.44 4679.48
2257 4652.44 4663.2
2258 4652.44 4668.32
2259 4652.44 4664.58
2260 4652.44 4658.42
2261 4652.44 4672.05
2262 4652.44 4652.44
2263 4652.44 4654.55
2264 4652.44 4656.59
2265 4652.44 4652.44
2266 4652.44 4652.44
2267 4652.44 4652.44
2268 4652.44 4652.44
2269 4652.44 4652.44
2270 4652.44 4652.44
2271 4652.44 4652.44
2272 4652.44 4656.15
2273 4652.44 4695.07
2274 4652.44 4662.36
2275 4652.44 4653.97
2276 4652.44 4652.44
2277 4652.44 4652.44
2278 4652.44 4652.44
2279 4652.44 4652.44
2280 4652.44 4652.44
2281 4652.44 4652.44
2282 4652.44 4652.44
2283 4652.44 4652.44
2284 4652.44 4652.44
2285 4652.44 4652.44
2286 4652.44 4652.44
2287 4652.44 4652.44
2288 4652.44 4652.44
2289 4652.44 4652.44
2290 4652.44 4652.44
2291 4652.44 4652.44
2292 4652.44 4652.44
2293 4652.44 4652.44
2294 4652.44 4652.44
2295 4652.44 4652.44
2296 4652.44 4652.44
2297 4652.44 4652.44
2298 4652.44 4652.44
2299 4652.44 4652.44
2300 4652.44 4652.44
2301 4652.44 4652.44
2302 4652.44 4652.44
2303 4652.44 4654.45
2304 4652.44 4652.44
2305 4652.44 4652.44
2306 4652.44 4652.44
2307 4652.44 4652.44
2308 4652.44 4652.44
2309 4652.44 4652.44
2310 4652.44 4652.44
2311 4652.44 4652.68
2312 4652.44 4652.44
2313 4652.44 4652.44
2314 4652.44 4652.44
2315 4652.44 4652.44
2316 4652.44 4652.44
2317 4652.44 4652.44
2318 4652.44 4652.44
2319 4652.44 4652.44
2320 4652.44 4652.44
2321 4652.44 4654.26
2322 4652.44 4652.76
2323 4652.44 4653.64
2324 4652.44 4657.39
2325 4652.44 4652.44
2326 4652.44 4652.44
2327 4652.44 4653.38
2328 4652.44 4654.19
2329 4652.44 4652.54
2330 4652.44 4652.44
2331 4652.44 4654.2
2332 4652.44 4655.97
2333 4652.44 4652.44
2334 4652.44 4652.44
2335 4652.44 4652.44
2336 4652.44 4652.44
2337 4652.44 4652.44
2338 4652.44 4653.09
2339 4652.44 4652.44
2340 4652.44 4652.44
2341 4652.44 4652.44
2342 4652.44 4652.44
2343 4652.44 4652.44
2344 4652.44 4652.44
2345 4652.44 4682.56
2346 4652.44 4652.44
2347 4652.44 4652.44
2348 4652.44 4655.56
2349 4652.44 4652.44
2350 4652.44 4652.59
2351 4652.44 4656.15
2352 4652.44 4660.23
2353 4652.44 4661.92
2354 4652.44 4656.82
2355 4652.44 4652.99
2356 4652.44 4656.28
2357 4652.44 4652.44
2358 4652.44 4652.44
2359 4652.44 4652.44
2360 4652.44 4652.44
2361 4652.44 4652.44
2362 4652.44 4652.44
2363 4652.44 4652.44
2364 4652.44 4652.44
2365 4652.44 4652.44
2366 4652.44 4652.44
2367 4652.44 4652.44
2368 4652.44 4652.44
2369 4652.44 4652.44
2370 4652.44 4652.44
2371 4652.44 4652.44
2372 4652.44 4652.44
2373 4652.44 4652.44
2374 4652.44 4652.44
2375 4652.44 4652.44
2376 4652.44 4652.83
2377 4652.44 4663.67
2378 4652.44 4671.93
2379 4652.44 4677.39
2380 4652.44 4653.71
2381 4652.44 4657.49
2382 4652.44 4654.91
2383 4652.44 4654.81
2384 4652.44 4652.44
2385 4652.44 4652.44
2386 4652.44 4652.44
2387 4652.44 4652.44
2388 4652.44 4652.44
2389 4652.44 4652.44
2390 4652.44 4668.94
2391 4652.44 4652.44
2392 4652.44 4652.44
2393 4652.44 4652.44
2394 4652.44 4652.44
2395 4652.44 4652.44
2396 4652.44 4652.44
2397 4652.44 4652.44
2398 4652.44 4652.44
2399 4652.44 4652.44
2400 4652.44 4652.44
2401 4652.44 4652.44
2402 4652.44 4652.44
2403 4652.44 4652.44
2404 4652.44 4652.44
2405 4652.44 4652.44
2406 4652.44 4652.44
2407 4652.44 4652.44
2408 4652.44 4652.44
2409 4652.44 4652.44
2410 4652.44 4652.44
2411 4652.44 4652.44
2412 4652.44 4652.44
2413 4652.44 4652.44
2414 4652.44 4686.48
2415 4652.44 4659.63
2416 4652.44 4689.52
2417 4652.44 4675.39
2418 4652.44 4673.16
2419 4652.44 4725.28
2420 4652.44 4669.69
2421 4652.44 4654.89
2422 4652.44 4652.44
2423 4652.44 4655.93
2424 4652.44 4656.93
2425 4652.44 4701.24
2426 4652.44 4693.33
2427 4652.44 4653.21
2428 4652.44 4664.31
2429 4652.44 4652.44
2430 4652.44 4653.1
2431 4652.44 4655.23
2432 4652.44 4652.44
2433 4652.44 4655.94
2434 4652.44 4697.41
2435 4652.44 4652.44
2436 4652.44 4652.44
2437 4652.44 4652.44
2438 4652.44 4652.44
2439 4652.44 4652.44
2440 4652.44 4652.44
2441 4652.44 4652.44
2442 4652.44 4652.44
2443 4652.44 4652.44
2444 4652.44 4652.44
2445 4652.44 4652.44
2446 4652.44 4652.44
2447 4652.44 4652.44
2448 4652.44 4652.44
2449 4652.44 4652.44
2450 4652.44 4652.44
2451 4652.44 4652.44
2452 4652.44 4652.44
2453 4652.44 4652.44
2454 4652.44 4652.44
2455 4652.44 4652.44
2456 4652.44 4652.44
2457 4652.44 4652.44
2458 4652.44 4653.02
2459 4652.44 4657.56
2460 4652.44 4653.68
2461 4652.44 4652.44
2462 4652.44 4652.44
2463 4652.44 4652.44
2464 4652.44 4652.44
2465 4652.44 4652.44
2466 4652.44 4652.44
2467 4652.44 4652.44
2468 4652.44 4652.44
2469 4652.44 4652.44
2470 4652.44 4652.44
2471 4652.44 4652.53
2472 4652.44 4652.44
2473 4652.44 4664.97
2474 4652.44 4652.44
2475 4652.44 4652.76
2476 4652.44 4691.67
2477 4652.44 4727.04
2478 4652.44 4659.97
2479 4652.44 4653.42
2480 4652.44 4678.01
2481 4652.44 4661.47
2482 4652.44 4652.44
2483 4652.44 4652.44
2484 4652.44 4652.44
2485 4652.44 4652.44
2486 4652.44 4652.44
2487 4652.44 4652.44
2488 4652.44 4652.44
2489 4652.44 4652.44
2490 4652.44 4652.44
2491 4652.44 4652.56
2492 4652.44 4652.44
2493 4652.44 4652.44
2494 4652.44 4652.44
2495 4652.44 4652.44
2496 4652.44 4672.8
2497 4652.44 4702.56
2498 4652.44 4740.43
2499 4652.44 4704.01
