0 25611.7 34135.9
1 22285.5 31260.2
2 20232 28304.2
3 20152.5 26310.3
4 19553.2 24121
5 19453.8 22432.8
6 19168.8 20589.2
7 17126.8 20195.5
8 17045.8 20033.5
9 16707.9 19242.9
10 16602.2 18209
11 16230.1 17335.3
12 14837.2 17050.1
13 14837.2 16554.7
14 13478.4 15811.6
15 13101.9 15011.4
16 12568.8 14575.5
17 11826.6 14098.8
18 11390 13732.8
19 11190 13291
20 10948.4 12819.9
21 11216.7 12418.9
22 10840.5 11980.1
23 10823.7 11687.3
24 10503.6 11637.1
25 10503.6 11354
26 10220.3 11118.1
27 10073.6 10935.3
28 10154.4 10834.4
29 10087.4 10661.9
30 9936.38 10497.8
31 9736.49 10350.7
32 8346.11 10157.2
33 8346.11 9926.28
34 8122.43 9833.05
35 8122.43 9634.67
36 8080.29 9484.13
37 8078 9349.26
38 8078 8901.36
39 7989.77 8457.2
40 7804.09 8420.41
41 7730.48 8273.22
42 7643.46 8174.26
43 7643.46 8047.35
44 7633.87 8050.89
45 7602.6 7921.94
46 7597.87 7745.28
47 7566.6 7712.16
48 7566.6 7659.88
49 7471.59 7615.08
50 7471.59 7590.16
51 7471.27 7575.71
52 7394.21 7554.45
53 7394.21 7517.81
54 7293.01 7475.07
55 7293.01 7458.7
56 7293.01 7438.55
57 7137.02 7393.03
58 7137.02 7335.64
59 7064.73 7239.89
60 7064.73 7186.79
61 7064.73 7123.49
62 7064.73 7100.84
63 7064.73 7091.71
64 7064.73 7082.14
65 7038.59 7066.31
66 6966.3 7072.47
67 6966.3 7060.69
68 6966.3 7051.59
69 6930.87 7023.16
70 6930.87 7001.1
71 6930.87 6979.56
72 6930.87 6946.68
73 6928.06 6934.6
74 6875.03 6929.83
75 6872.21 6924.78
76 6872.21 6913.38
77 6850.96 6892.76
78 6850.96 6881.53
79 6850.96 6867.82
80 6840.36 6858.68
81 6840.36 6849.31
82 6806.71 6847.18
83 6764.55 6856.33
84 6628.83 6835.81
85 6591.38 6826.15
86 6591.38 6779.96
87 6509.72 6714.97
88 6465.79 6597.65
89 6420.73 6534.26
90 6420.73 6479.7
91 6417.09 6443.93
92 6414.36 6425.41
93 6390.92 6418.92
94 6390.92 6414.42
95 6387.66 6405.58
96 6387.66 6395.64
97 6387.66 6392.29
98 6387.66 6388.58
99 6387.66 6387.66
100 6387.66 6387.66
101 6387.66 6387.66
102 6387.66 6387.66
103 6387.66 6387.66
104 6387.66 6387.66
105 6334 6387.06
106 6334 6383.86
107 6312.75 6373.6
108 6312.75 6364.07
109 6312.75 6349.7
110 6202.05 6336.49
111 6151.29 6315.84
112 6151.29 6289.17
113 6151.29 6237.73
114 6138.14 6193.18
115 6099.51 6184.48
116 6099.51 6165.12
117 6099.51 6139.89
118 6099.51 6123.25
119 6099.51 6107.55
120 6099.51 6099.51
121 6099.51 6099.51
122 6099.51 6099.51
123 6034.78 6098.86
124 6064.83 6098.93
125 6034.31 6092.94
126 6034.31 6084.92
127 6028.79 6073.04
128 6028.79 6053.4
129 5997.85 6034.64
130 5997.85 6028.32
131 5997.85 6018.11
132 5997.85 6003.77
133 5997.85 5997.85
134 5997.85 5997.85
135 5928.13 5997.15
136 5887.72 5985.02
137 5887.72 5955.31
138 5887.72 5921.6
139 5887.72 5887.72
140 5887.72 5887.72
141 5887.72 5887.72
142 5887.72 5887.72
143 5887.72 5887.72
144 5438.13 5883.23
145 5438.13 5835.6
146 5438.13 5717.52
147 5438.13 5485.1
148 5438.13 5438.13
149 5438.13 5438.13
150 5438.13 5438.13
151 5438.13 5438.13
152 5438.13 5438.13
153 5438.13 5438.13
154 5438.13 5438.13
155 5398.32 5437.72
156 5398.32 5432.89
157 5397.44 5415.82
158 5397.44 5399.04
159 5397.44 5398.08
160 5397.44 5397.88
161 5397.44 5397.72
162 5397.44 5397.49
163 5362.77 5397.07
164 5362.77 5392.84
165 5360.45 5386.11
166 5351.26 5370.47
167 5351.26 5361.39
168 5351.26 5357.89
169 5351.26 5354.92
170 5320.51 5351.71
171 5320.51 5347.84
172 5320.51 5339.39
173 5320.51 5325.15
174 5320.51 5320.67
175 5320.51 5320.51
176 5320.51 5320.51
177 5320.51 5320.51
178 5320.51 5320.51
179 5320.51 5320.51
180 5320.51 5320.51
181 5320.51 5320.51
182 5320.51 5320.51
183 5320.51 5320.51
184 5320.51 5320.51
185 5320.51 5320.51
186 5211.93 5317.22
187 5211.93 5298.64
188 5211.93 5264.81
189 5211.93 5232.94
190 5211.93 5211.93
191 5211.93 5211.93
192 5211.93 5211.93
193 5211.93 5211.93
194 5211.93 5211.93
195 5211.93 5211.93
196 5211.93 5211.93
197 5211.93 5211.93
198 5211.93 5211.93
199 5211.93 5211.93
200 5163.62 5211.45
201 5163.62 5210.97
202 5158.27 5208.5
203 5158.27 5268.34
204 5158.27 5268.43
205 5153.32 5232.97
206 5142.12 5167.56
207 5142.12 5154.69
208 5142.12 5148.11
209 5142.12 5143.05
210 5142.12 5142.12
211 5142.12 5142.12
212 5142.12 5142.12
213 5142.12 5142.12
214 5142.12 5142.12
215 5142.12 5142.12
216 5112.67 5141.82
217 5112.67 5141.53
218 5112.67 5136.23
219 5112.67 5128.87
220 5112.67 5113.63
221 5112.67 5112.67
222 5112.67 5112.67
223 5112.67 5112.67
224 5112.67 5112.67
225 5112.67 5112.67
226 5112.67 5112.67
227 5112.67 5112.67
228 5112.67 5112.67
229 5109.58 5112.64
230 5112.67 5112.67
231 5112.67 5112.67
232 5112.67 5112.67
233 5112.67 5112.67
234 5112.67 5112.67
235 5112.67 5112.67
236 5112.67 5112.67
237 5112.67 5112.67
238 5112.67 5112.67
239 5112.67 5112.67
240 5112.67 5112.67
241 5112.67 5112.67
242 5112.67 5112.67
243 5112.67 5112.67
244 5112.67 5112.67
245 5112.67 5112.67
246 5112.67 5112.67
247 5112.67 5112.67
248 5112.67 5112.67
249 5112.67 5112.67
250 5112.67 5112.67
251 5112.67 5112.67
252 5106.44 5112.61
253 5106.44 5112.3
254 5106.44 5110.93
255 5106.44 5108.5
256 5106.44 5106.44
257 5104.81 5106.42
258 5104.81 5106.39
259 5104.81 5106.24
260 5103.61 5105.87
261 5082.43 5108.28
262 5081.24 5101.73
263 5059.7 5096.35
264 5059.7 5087.82
265 5059.7 5081.88
266 5058.5 5072.88
267 5032.44 5092.98
268 5032.44 5080.29
269 5007.06 5062.71
270 5007.06 5049.12
271 5007.06 5040.38
272 5007.06 5018.05
273 5007.06 5009.48
274 5007.06 5007.06
275 5007.06 5007.06
276 5007.06 5007.06
277 5007.06 5007.06
278 5007.06 5007.06
279 5007.06 5007.06
280 5007.06 5007.06
281 5007.06 5007.06
282 5007.06 5007.06
283 4956.25 5006.55
284 4956.25 5001.47
285 4956.25 4990.29
286 4956.25 4974.58
287 4956.25 4965.4
288 4956.25 4956.25
289 4899.23 4955.68
290 4899.23 4945.99
291 4899.23 4931.73
292 4899.23 4914.62
293 4899.23 4903.3
294 4899.23 4899.23
295 4899.23 4899.23
296 4899.23 4899.23
297 4899.23 4899.23
298 4899.23 4899.23
299 4899.23 4899.23
300 4899.23 4899.23
301 4899.23 4899.23
302 4899.23 4899.23
303 4899.23 4899.23
304 4899.23 4899.23
305 4899.23 4899.23
306 4899.23 4899.23
307 4884.62 4899
308 4876.84 4897.44
309 4876.84 4893.29
310 4820.33 4885.34
311 4811.07 4875.84
312 4811.07 4867.33
313 4811.07 4852.78
314 4811.07 4834.48
315 4811.07 4815.27
316 4811.07 4811.5
317 4811.07 4811.07
318 4811.07 4811.07
319 4811.07 4811.07
320 4811.07 4811.07
321 4811.07 4811.07
322 4811.07 4811.07
323 4811.07 4811.07
324 4811.07 4811.07
325 4811.07 4811.07
326 4811.07 4811.07
327 4811.07 4811.07
328 4811.07 4811.07
329 4811.07 4811.07
330 4811.07 4811.07
331 4811.07 4811.07
332 4811.07 4811.07
333 4811.07 4811.07
334 4811.07 4811.07
335 4811.07 4811.07
336 4811.07 4811.07
337 4811.07 4811.07
338 4811.07 4811.07
339 4811.07 4811.07
340 4811.07 4811.07
341 4811.07 4811.07
342 4811.07 4811.07
343 4811.07 4811.07
344 4811.07 4811.07
345 4811.07 4811.07
346 4811.07 4811.07
347 4811.07 4811.07
348 4811.07 4811.07
349 4811.07 4811.07
350 4811.07 4811.07
351 4808.49 4811.05
352 4808.49 4810.87
353 4808.49 4810.4
354 4808.49 4809.45
355 4808.49 4808.78
356 4808.49 4808.49
357 4808.49 4808.49
358 4808.49 4808.49
359 4808.49 4808.49
360 4808.49 4808.49
361 4808.49 4808.49
362 4808.49 4808.49
363 4808.49 4808.49
364 4808.49 4808.49
365 4808.49 4808.49
366 4808.49 4808.49
367 4808.49 4808.49
368 4808.49 4808.49
369 4808.49 4808.49
370 4808.49 4808.49
371 4808.49 4808.49
372 4808.49 4808.49
373 4808.49 4808.49
374 4808.49 4808.49
375 4808.49 4808.49
376 4808.49 4808.49
377 4808.49 4808.49
378 4808.49 4808.49
379 4808.49 4808.49
380 4808.49 4808.49
381 4808.49 4808.49
382 4808.49 4808.49
383 4775.35 4808.16
384 4775.35 4805.81
385 4775.35 4798.16
386 4775.35 4794.07
387 4775.35 4785.95
388 4775.35 4779.27
389 4741.6 4775.02
390 4741.6 4772.38
391 4741.6 4764.48
392 4741.6 4750.41
393 4741.6 4741.6
394 4741.6 4741.6
395 4741.6 4741.6
396 4741.6 4741.6
397 4741.6 4741.6
398 4741.6 4741.6
399 4741.6 4741.6
400 4741.6 4741.6
401 4741.6 4741.6
402 4741.6 4741.6
403 4741.6 4741.6
404 4741.6 4741.6
405 4741.6 4741.6
406 4741.6 4741.6
407 4741.6 4741.6
408 4741.6 4741.6
409 4741.6 4741.6
410 4734.24 4741.53
411 4734.24 4741.09
412 4734.24 4739.93
413 4734.24 4744.64
414 4710.11 4742.5
415 4710.11 4739.08
416 4710.11 4730.43
417 4710.11 4720.97
418 4710.11 4713.25
419 4710.11 4710.11
420 4710.11 4710.11
421 4710.11 4710.11
422 4710.11 4710.11
423 4710.11 4710.11
424 4710.11 4710.11
425 4710.11 4710.11
426 4710.11 4710.11
427 4710.11 4710.11
428 4710.11 4710.11
429 4710.11 4710.11
430 4710.11 4710.11
431 4710.11 4710.11
432 4710.11 4710.11
433 4710.11 4710.11
434 4710.11 4710.11
435 4710.11 4710.11
436 4710.11 4710.11
437 4710.11 4710.11
438 4710.11 4710.11
439 4710.11 4710.11
440 4710.11 4710.11
441 4710.11 4710.11
442 4710.11 4710.11
443 4710.11 4710.11
444 4710.11 4710.11
445 4710.11 4710.11
446 4710.11 4710.11
447 4710.11 4710.11
448 4710.11 4710.11
449 4710.11 4710.11
450 4710.11 4710.11
451 4710.11 4710.11
452 4710.11 4710.11
453 4710.11 4710.11
454 4710.11 4710.11
455 4710.11 4710.11
456 4710.11 4710.11
457 4710.11 4710.11
458 4710.11 4710.11
459 4710.11 4710.11
460 4710.11 4710.11
461 4710.11 4710.11
462 4710.11 4710.11
463 4710.11 4710.11
464 4710.11 4710.11
465 4710.11 4710.11
466 4710.11 4710.11
467 4710.11 4710.11
468 4710.11 4710.11
469 4710.11 4710.11
470 4703.47 4710.05
471 4703.47 4709.38
472 4703.47 4707.25
473 4703.47 4705.45
474 4703.47 4703.47
475 4703.47 4703.47
476 4703.47 4703.47
477 4703.47 4703.47
478 4703.47 4703.47
479 4703.47 4703.47
480 4703.47 4703.47
481 4703.47 4703.47
482 4703.47 4703.47
483 4703.47 4703.47
484 4703.47 4703.47
485 4703.47 4703.47
486 4703.47 4703.47
487 4703.47 4703.47
488 4703.47 4703.47
489 4703.47 4703.47
490 4703.47 4703.47
491 4703.47 4703.47
492 4703.47 4703.47
493 4703.47 4703.47
494 4703.47 4703.47
495 4703.47 4703.47
496 4703.47 4703.47
497 4703.47 4703.47
498 4703.47 4703.47
499 4703.47 4703.47
500 4703.47 4703.47
501 4703.47 4703.47
502 4703.47 4703.47
503 4703.47 4703.47
504 4703.47 4703.47
505 4703.47 4703.47
506 4703.47 4703.47
507 4703.47 4703.47
508 4703.47 4703.47
509 4703.47 4703.47
510 4703.47 4703.47
511 4703.47 4703.47
512 4703.47 4703.47
513 4703.47 4703.47
514 4703.47 4703.47
515 4703.47 4703.47
516 4703.47 4703.47
517 4703.47 4703.47
518 4703.47 4703.47
519 4703.47 4703.47
520 4703.47 4703.47
521 4703.47 4703.47
522 4703.47 4703.47
523 4703.47 4703.47
524 4703.47 4703.47
525 4703.47 4703.47
526 4703.47 4703.47
527 4703.47 4703.47
528 4703.47 4703.47
529 4703.47 4703.47
530 4703.47 4703.47
531 4703.47 4703.47
532 4703.47 4703.47
533 4703.47 4703.47
534 4703.47 4703.47
535 4703.47 4703.47
536 4703.47 4703.47
537 4703.47 4703.47
538 4703.47 4703.47
539 4703.47 4703.47
540 4703.47 4703.47
541 4703.47 4703.47
542 4703.47 4703.47
543 4703.47 4703.47
544 4703.47 4703.47
545 4703.47 4703.47
546 4703.47 4703.47
547 4703.47 4703.47
548 4703.47 4703.47
549 4703.47 4703.47
550 4703.47 4703.47
551 4703.47 4703.47
552 4703.47 4703.47
553 4703.47 4703.47
554 4703.47 4703.47
555 4703.47 4703.47
556 4703.47 4703.47
557 4703.47 4703.47
558 4703.47 4703.47
559 4703.47 4703.47
560 4703.47 4703.47
561 4703.47 4703.47
562 4703.47 4703.47
563 4703.47 4703.47
564 4703.47 4703.47
565 4703.47 4703.47
566 4703.47 4703.47
567 4703.47 4703.47
568 4703.47 4703.47
569 4703.47 4703.47
570 4703.47 4703.47
571 4703.47 4703.47
572 4703.47 4703.47
573 4703.47 4703.47
574 4703.47 4703.47
575 4703.47 4703.47
576 4703.47 4703.47
577 4703.47 4703.47
578 4703.47 4703.47
579 4703.47 4703.47
580 4703.47 4703.47
581 4703.47 4703.47
582 4703.47 4703.47
583 4703.47 4703.47
584 4703.47 4703.47
585 4703.47 4703.47
586 4703.47 4703.47
587 4703.47 4703.47
588 4703.47 4703.47
589 4703.47 4703.47
590 4703.47 4703.47
591 4703.47 4703.47
592 4703.47 4703.47
593 4703.47 4703.47
594 4703.47 4703.47
595 4703.47 4703.47
596 4703.47 4703.47
597 4703.47 4703.47
598 4703.47 4703.47
599 4703.47 4703.47
600 4703.47 4703.47
601 4703.47 4703.47
602 4703.47 4703.47
603 4701.4 4703.45
604 4701.4 4703.26
605 4701.4 4702.64
606 4701.4 4702.01
607 4701.4 4701.57
608 4701.4 4701.55
609 4701.4 4701.4
610 4701.4 4701.4
611 4701.4 4701.4
612 4701.4 4701.4
613 4701.4 4701.4
614 4701.4 4701.4
615 4701.4 4701.4
616 4701.4 4701.4
617 4701.4 4701.4
618 4701.4 4701.4
619 4701.4 4701.4
620 4701.4 4701.4
621 4701.4 4701.4
622 4701.4 4701.4
623 4701.4 4701.4
624 4701.4 4701.4
625 4701.4 4701.4
626 4701.4 4701.4
627 4701.4 4701.4
628 4701.4 4701.4
629 4696.6 4701.35
630 4696.6 4700.87
631 4696.6 4699.29
632 4696.6 4697.8
633 4696.6 4696.6
634 4696.6 4696.6
635 4696.6 4696.6
636 4696.6 4696.6
637 4696.6 4696.6
638 4696.6 4696.6
639 4696.6 4696.6
640 4696.6 4696.6
641 4696.6 4696.6
642 4696.6 4696.6
643 4696.6 4696.6
644 4696.6 4696.6
645 4696.6 4696.6
646 4696.6 4696.6
647 4694.46 4696.58
648 4694.46 4696.26
649 4694.46 4695.75
650 4694.46 4695.06
651 4694.46 4694.55
652 4694.46 4694.46
653 4694.46 4694.46
654 4694.46 4694.46
655 4694.46 4694.46
656 4694.46 4694.46
657 4694.46 4694.46
658 4694.46 4694.46
659 4694.46 4694.46
660 4694.46 4694.46
661 4694.46 4694.46
662 4694.46 4694.46
663 4694.46 4694.46
664 4694.46 4694.46
665 4694.46 4694.46
666 4694.46 4694.46
667 4694.46 4694.46
668 4694.46 4694.46
669 4694.46 4694.46
670 4694.46 4694.46
671 4694.46 4694.46
672 4694.46 4694.46
673 4694.46 4694.46
674 4694.46 4694.46
675 4694.46 4694.46
676 4694.46 4694.46
677 4694.46 4694.46
678 4694.46 4694.46
679 4694.46 4694.46
680 4694.46 4694.46
681 4694.46 4694.46
682 4694.46 4694.46
683 4694.46 4694.46
684 4694.46 4694.46
685 4694.46 4694.46
686 4694.46 4694.46
687 4694.46 4694.46
688 4694.46 4694.46
689 4694.46 4694.46
690 4694.46 4694.46
691 4688.41 4694.4
692 4688.41 4693.91
693 4688.41 4692.16
694 4688.41 4691.13
695 4688.41 4689.86
696 4688.41 4688.41
697 4688.41 4688.41
698 4688.41 4688.41
699 4688.41 4688.41
700 4688.41 4688.41
701 4688.41 4688.41
702 4688.41 4688.41
703 4688.41 4688.41
704 4688.41 4688.41
705 4688.41 4688.41
706 4688.41 4688.41
707 4688.41 4688.41
708 4688.41 4688.41
709 4688.41 4688.41
710 4688.41 4688.41
711 4688.41 4688.41
712 4688.41 4688.41
713 4688.41 4688.41
714 4688.41 4688.41
715 4688.41 4688.41
716 4688.41 4688.41
717 4688.41 4688.41
718 4688.41 4688.41
719 4688.41 4688.41
720 4688.41 4688.41
721 4688.41 4688.41
722 4688.41 4688.41
723 4688.41 4688.41
724 4688.41 4688.41
725 4688.41 4688.41
726 4688.41 4688.41
727 4688.41 4688.41
728 4688.41 4688.41
729 4688.41 4688.41
730 4688.41 4688.41
731 4688.41 4688.41
732 4688.41 4688.41
733 4688.41 4688.41
734 4688.41 4688.41
735 4688.41 4688.41
736 4688.41 4688.41
737 4688.41 4688.41
738 4688.41 4688.41
739 4688.41 4688.41
740 4688.41 4688.41
741 4688.41 4688.41
742 4688.41 4688.41
743 4688.41 4688.41
744 4688.41 4688.41
745 4688.41 4688.41
746 4688.41 4688.41
747 4688.41 4688.41
748 4688.41 4688.41
749 4688.41 4688.41
750 4688.41 4688.41
751 4678.11 4688.31
752 4678.11 4687.38
753 4678.11 4685.74
754 4678.11 4680.58
755 4678.11 4678.11
756 4678.11 4678.11
757 4678.11 4678.11
758 4678.11 4678.11
759 4678.11 4678.11
760 4678.11 4678.11
761 4678.11 4678.11
762 4678.11 4678.11
763 4678.11 4678.11
764 4678.11 4678.11
765 4678.11 4678.11
766 4678.11 4678.11
767 4678.11 4678.11
768 4678.11 4678.11
769 4678.11 4678.11
770 4678.11 4678.11
771 4678.11 4678.11
772 4678.11 4678.11
773 4678.11 4678.11
774 4678.11 4678.11
775 4678.11 4678.11
776 4678.11 4678.11
777 4678.11 4678.11
778 4678.11 4678.11
779 4678.11 4678.11
780 4678.11 4678.11
781 4678.11 4678.11
782 4678.11 4678.11
783 4678.11 4678.11
784 4678.11 4678.11
785 4678.11 4678.11
786 4678.11 4678.11
787 4678.11 4678.11
788 4678.11 4678.11
789 4678.11 4678.11
790 4678.11 4678.11
791 4678.11 4678.11
792 4678.11 4678.11
793 4678.11 4678.11
794 4678.11 4678.11
795 4678.11 4678.11
796 4678.11 4678.11
797 4678.11 4678.11
798 4678.11 4678.11
799 4678.11 4678.11
800 4678.11 4678.11
801 4678.11 4678.11
802 4678.11 4678.11
803 4678.11 4678.11
804 4678.11 4678.11
805 4678.11 4678.11
806 4678.11 4678.11
807 4678.11 4678.11
808 4678.11 4678.11
809 4678.11 4678.11
810 4678.11 4678.11
811 4678.11 4678.11
812 4678.11 4678.11
813 4678.11 4678.11
814 4678.11 4678.11
815 4678.11 4678.11
816 4678.11 4678.11
817 4678.11 4678.11
818 4678.11 4678.11
819 4678.11 4678.11
820 4675.56 4678.09
821 4675.56 4677.73
822 4675.56 4676.99
823 4675.56 4675.84
824 4667.08 4675.39
825 4667.08 4674.12
826 4667.08 4671.06
827 4667.08 4667.75
828 4667.08 4667.08
829 4667.08 4667.08
830 4667.08 4667.08
831 4667.08 4667.08
832 4667.08 4667.08
833 4667.08 4667.08
834 4667.08 4667.08
835 4667.08 4667.08
836 4667.08 4667.08
837 4667.08 4667.08
838 4667.08 4667.08
839 4667.08 4667.08
840 4667.08 4667.08
841 4667.08 4667.08
842 4667.08 4667.08
843 4667.08 4667.08
844 4667.08 4667.08
845 4667.08 4667.08
846 4667.08 4667.08
847 4667.08 4667.08
848 4667.08 4667.08
849 4667.08 4667.08
850 4667.08 4667.08
851 4667.08 4667.08
852 4667.08 4667.08
853 4667.08 4667.08
854 4667.08 4667.08
855 4667.08 4667.08
856 4667.08 4667.08
857 4667.08 4667.08
858 4667.08 4667.08
859 4667.08 4667.08
860 4667.08 4667.08
861 4667.08 4667.08
862 4667.08 4667.08
863 4667.08 4667.08
864 4667.08 4667.08
865 4667.08 4667.08
866 4667.08 4667.08
867 4667.08 4667.08
868 4667.08 4667.08
869 4667.08 4667.08
870 4667.08 4667.08
871 4667.08 4667.08
872 4667.08 4667.08
873 4667.08 4667.08
874 4667.08 4667.08
875 4667.08 4667.08
876 4667.08 4667.08
877 4667.08 4667.08
878 4667.08 4667.08
879 4667.08 4667.08
880 4667.08 4667.08
881 4667.08 4667.08
882 4667.08 4667.08
883 4667.08 4667.08
884 4667.08 4667.08
885 4667.08 4667.08
886 4667.08 4667.08
887 4667.08 4667.08
888 4667.08 4667.08
889 4667.08 4667.08
890 4667.08 4667.08
891 4667.08 4667.08
892 4667.08 4667.08
893 4667.08 4667.08
894 4667.08 4667.08
895 4667.08 4667.08
896 4667.08 4667.08
897 4667.08 4667.08
898 4667.08 4667.08
899 4667.08 4667.08
900 4667.08 4667.08
901 4667.08 4667.08
902 4667.08 4667.08
903 4667.08 4667.08
904 4667.08 4667.08
905 4667.08 4667.08
906 4667.08 4667.08
907 4667.08 4667.08
908 4667.08 4667.08
909 4667.08 4667.08
910 4667.08 4667.08
911 4667.08 4667.08
912 4667.08 4667.08
913 4667.08 4667.08
914 4667.08 4667.08
915 4667.08 4667.08
916 4667.08 4667.08
917 4667.08 4667.08
918 4667.08 4667.08
919 4667.08 4667.08
920 4667.08 4667.08
921 4667.08 4667.08
922 4667.08 4667.08
923 4667.08 4667.08
924 4667.08 4667.08
925 4667.08 4667.08
926 4667.08 4667.08
927 4667.08 4667.08
928 4667.08 4667.08
929 4667.08 4667.08
930 4667.08 4667.08
931 4667.08 4667.08
932 4667.08 4667.08
933 4667.08 4667.08
934 4667.08 4667.08
935 4667.08 4667.08
936 4667.08 4667.08
937 4667.08 4667.08
938 4667.08 4667.08
939 4667.08 4667.08
940 4667.08 4667.08
941 4667.08 4667.08
942 4667.08 4667.08
943 4667.08 4667.08
944 4667.08 4667.08
945 4667.08 4667.08
946 4667.08 4667.08
947 4667.08 4667.08
948 4667.08 4667.08
949 4667.08 4667.08
950 4667.08 4667.08
951 4667.08 4667.08
952 4667.08 4667.08
953 4667.08 4667.08
954 4667.08 4667.08
955 4667.08 4667.08
956 4667.08 4667.08
957 4667.08 4667.08
958 4667.08 4667.08
959 4667.08 4667.08
960 4667.08 4667.08
961 4667.08 4667.08
962 4667.08 4667.08
963 4667.08 4667.08
964 4667.08 4667.08
965 4667.08 4667.08
966 4667.08 4667.08
967 4667.08 4667.08
968 4667.08 4667.08
969 4667.08 4667.08
970 4667.08 4667.08
971 4667.08 4667.08
972 4667.08 4667.08
973 4667.08 4667.08
974 4667.08 4667.08
975 4667.08 4667.08
976 4667.08 4667.08
977 4667.08 4667.08
978 4667.08 4667.08
979 4667.08 4667.08
980 4667.08 4667.08
981 4667.08 4667.08
982 4667.08 4667.08
983 4667.08 4667.08
984 4667.08 4667.08
985 4667.08 4667.08
986 4667.08 4667.08
987 4667.08 4667.08
988 4667.08 4667.08
989 4667.08 4667.08
990 4667.08 4667.08
991 4667.08 4667.08
992 4667.08 4667.08
993 4667.08 4667.08
994 4667.08 4667.08
995 4667.08 4667.08
996 4667.08 4667.08
997 4667.08 4667.08
998 4667.08 4667.08
999 4667.08 4667.08
1000 4667.08 4667.08
1001 4667.08 4667.08
1002 4667.08 4667.08
1003 4667.08 4667.08
1004 4667.08 4667.08
1005 4667.08 4667.08
1006 4667.08 4667.08
1007 4667.08 4667.08
1008 4667.08 4667.08
1009 4667.08 4667.08
1010 4667.08 4667.08
1011 4667.08 4667.08
1012 4667.08 4667.08
1013 4667.08 4667.08
1014 4667.08 4667.08
1015 4667.08 4667.08
1016 4667.08 4667.08
1017 4667.08 4667.08
1018 4667.08 4667.08
1019 4667.08 4667.08
1020 4667.08 4667.08
1021 4667.08 4667.08
1022 4667.08 4667.08
1023 4667.08 4667.08
1024 4667.08 4667.08
1025 4667.08 4667.08
1026 4667.08 4667.08
1027 4667.08 4667.08
1028 4667.08 4667.08
1029 4667.08 4667.08
1030 4667.08 4667.08
1031 4667.08 4667.08
1032 4667.08 4667.08
1033 4667.08 4667.08
1034 4667.08 4667.08
1035 4667.08 4667.08
1036 4667.08 4667.08
1037 4667.08 4667.08
1038 4667.08 4667.08
1039 4667.08 4667.08
1040 4667.08 4667.08
1041 4667.08 4667.08
1042 4667.08 4667.08
1043 4667.08 4667.08
1044 4667.08 4667.08
1045 4667.08 4667.08
1046 4667.08 4667.08
1047 4667.08 4667.08
1048 4667.08 4667.08
1049 4667.08 4667.08
1050 4667.08 4667.08
1051 4667.08 4667.08
1052 4667.08 4667.08
1053 4667.08 4667.08
1054 4667.08 4667.08
1055 4667.08 4667.08
1056 4667.08 4667.08
1057 4667.08 4667.08
1058 4667.08 4667.08
1059 4667.08 4667.08
1060 4667.08 4667.08
1061 4667.08 4667.08
1062 4667.08 4667.08
1063 4667.08 4667.08
1064 4667.08 4667.08
1065 4667.08 4667.08
1066 4667.08 4667.08
1067 4667.08 4667.08
1068 4667.08 4667.08
1069 4667.08 4667.08
1070 4667.08 4667.08
1071 4667.08 4667.08
1072 4667.08 4667.08
1073 4667.08 4667.08
1074 4667.08 4667.08
1075 4667.08 4667.08
1076 4667.08 4667.08
1077 4667.08 4667.08
1078 4667.08 4667.08
1079 4667.08 4667.08
1080 4667.08 4667.08
1081 4667.08 4667.08
1082 4667.08 4667.08
1083 4667.08 4667.08
1084 4667.08 4667.08
1085 4667.08 4667.08
1086 4667.08 4667.08
1087 4667.08 4667.08
1088 4667.08 4667.08
1089 4667.08 4667.08
1090 4667.08 4667.08
1091 4667.08 4667.08
1092 4667.08 4667.08
1093 4667.08 4667.08
1094 4667.08 4667.08
1095 4667.08 4667.08
1096 4667.08 4667.08
1097 4667.08 4667.08
1098 4667.08 4667.08
1099 4667.08 4667.08
1100 4667.08 4667.08
1101 4667.08 4667.08
1102 4667.08 4667.08
1103 4667.08 4667.08
1104 4667.08 4667.08
1105 4667.08 4667.08
1106 4667.08 4667.08
1107 4667.08 4667.08
1108 4667.08 4667.08
1109 4667.08 4667.08
1110 4667.08 4667.08
1111 4667.08 4667.08
1112 4667.08 4667.08
1113 4667.08 4667.08
1114 4667.08 4667.08
1115 4667.08 4667.08
1116 4667.08 4667.08
1117 4667.08 4667.08
1118 4667.08 4667.08
1119 4667.08 4667.08
1120 4667.08 4667.08
1121 4667.08 4667.08
1122 4667.08 4667.08
1123 4667.08 4667.08
1124 4667.08 4667.08
1125 4667.08 4667.08
1126 4667.08 4667.08
1127 4667.08 4667.08
1128 4667.08 4667.08
1129 4667.08 4667.08
1130 4667.08 4667.08
1131 4667.08 4667.08
1132 4667.08 4667.08
1133 4667.08 4667.08
1134 4667.08 4667.08
1135 4667.08 4667.08
1136 4667.08 4667.08
1137 4667.08 4667.08
1138 4667.08 4667.08
1139 4667.08 4667.08
1140 4667.08 4667.08
1141 4667.08 4667.08
1142 4667.08 4667.08
1143 4667.08 4667.08
1144 4667.08 4667.08
1145 4667.08 4667.08
1146 4667.08 4667.08
1147 4667.08 4667.08
1148 4667.08 4667.08
1149 4667.08 4667.08
1150 4667.08 4667.08
1151 4667.08 4667.08
1152 4667.08 4667.08
1153 4667.08 4667.08
1154 4667.08 4667.08
1155 4667.08 4667.08
1156 4667.08 4667.08
1157 4667.08 4667.08
1158 4667.08 4667.08
1159 4667.08 4667.08
1160 4667.08 4667.08
1161 4667.08 4667.08
1162 4667.08 4667.08
1163 4667.08 4667.08
1164 4667.08 4667.08
1165 4667.08 4667.08
1166 4667.08 4667.08
1167 4667.08 4667.08
1168 4667.08 4667.08
1169 4667.08 4667.08
1170 4667.08 4667.08
1171 4667.08 4667.08
1172 4667.08 4667.08
1173 4667.08 4667.08
1174 4667.08 4667.08
1175 4667.08 4667.08
1176 4667.08 4667.08
1177 4667.08 4667.08
1178 4667.08 4667.08
1179 4667.08 4667.08
1180 4667.08 4667.08
1181 4667.08 4667.08
1182 4667.08 4667.08
1183 4667.08 4667.08
1184 4667.08 4667.08
1185 4667.08 4667.08
1186 4667.08 4667.08
1187 4667.08 4667.08
1188 4667.08 4667.08
1189 4667.08 4667.08
1190 4667.08 4667.08
1191 4667.08 4667.08
1192 4667.08 4667.08
1193 4667.08 4667.08
1194 4667.08 4667.08
1195 4667.08 4667.08
1196 4667.08 4667.08
1197 4667.08 4667.08
1198 4667.08 4667.08
1199 4667.08 4667.08
1200 4667.08 4667.08
1201 4667.08 4667.08
1202 4667.08 4667.08
1203 4667.08 4667.08
1204 4667.08 4667.08
1205 4667.08 4667.08
1206 4667.08 4667.08
1207 4667.08 4667.08
1208 4667.08 4667.08
1209 4667.08 4667.08
1210 4667.08 4667.08
1211 4667.08 4667.08
1212 4667.08 4667.08
1213 4667.08 4667.08
1214 4667.08 4667.08
1215 4667.08 4667.08
1216 4667.08 4667.08
1217 4667.08 4667.08
1218 4667.08 4667.08
1219 4667.08 4667.08
1220 4667.08 4667.08
1221 4667.08 4667.08
1222 4667.08 4667.08
1223 4667.08 4667.08
1224 4667.08 4667.08
1225 4667.08 4667.08
1226 4667.08 4667.08
1227 4667.08 4667.08
1228 4667.08 4667.08
1229 4667.08 4667.08
1230 4667.08 4667.08
1231 4667.08 4667.08
1232 4667.08 4667.08
1233 4667.08 4667.08
1234 4667.08 4667.08
1235 4667.08 4667.08
1236 4667.08 4667.08
1237 4667.08 4667.08
1238 4667.08 4667.08
1239 4667.08 4667.08
1240 4667.08 4667.08
1241 4667.08 4667.08
1242 4667.08 4667.08
1243 4667.08 4667.08
1244 4667.08 4667.08
1245 4667.08 4667.08
1246 4667.08 4667.08
1247 4667.08 4667.08
1248 4667.08 4667.08
1249 4667.08 4667.08
1250 4667.08 4667.08
1251 4667.08 4667.08
1252 4667.08 4667.08
1253 4667.08 4667.08
1254 4667.08 4667.08
1255 4667.08 4667.08
1256 4667.08 4667.08
1257 4667.08 4667.08
1258 4667.08 4667.08
1259 4667.08 4667.08
1260 4667.08 4667.08
1261 4667.08 4667.08
1262 4667.08 4667.08
1263 4667.08 4667.08
1264 4667.08 4667.08
1265 4667.08 4667.08
1266 4667.08 4667.08
1267 4667.08 4667.08
1268 4667.08 4667.08
1269 4667.08 4667.08
1270 4667.08 4667.08
1271 4667.08 4667.08
1272 4667.08 4667.08
1273 4667.08 4667.08
1274 4667.08 4667.08
1275 4667.08 4667.08
1276 4667.08 4667.08
1277 4667.08 4667.08
1278 4667.08 4667.08
1279 4667.08 4667.08
1280 4667.08 4667.08
1281 4667.08 4667.08
1282 4667.08 4667.08
1283 4667.08 4667.08
1284 4667.08 4667.08
1285 4667.08 4667.08
1286 4667.08 4667.08
1287 4667.08 4667.08
1288 4667.08 4667.08
1289 4667.08 4667.08
1290 4667.08 4667.08
1291 4667.08 4667.08
1292 4667.08 4667.08
1293 4667.08 4667.08
1294 4667.08 4667.08
1295 4667.08 4667.08
1296 4667.08 4667.08
1297 4667.08 4667.08
1298 4667.08 4667.08
1299 4667.08 4667.08
1300 4667.08 4667.08
1301 4667.08 4667.08
1302 4667.08 4667.08
1303 4667.08 4667.08
1304 4667.08 4667.08
1305 4667.08 4667.08
1306 4667.08 4667.08
1307 4667.08 4667.08
1308 4667.08 4667.08
1309 4667.08 4667.08
1310 4667.08 4667.08
1311 4667.08 4667.08
1312 4667.08 4667.08
1313 4667.08 4667.08
1314 4667.08 4667.08
1315 4667.08 4667.08
1316 4667.08 4667.08
1317 4667.08 4667.08
1318 4667.08 4667.08
1319 4667.08 4667.08
1320 4667.08 4667.08
1321 4667.08 4667.08
1322 4667.08 4667.08
1323 4667.08 4667.08
1324 4667.08 4667.08
1325 4667.08 4667.08
1326 4667.08 4667.08
1327 4667.08 4667.08
1328 4667.08 4667.08
1329 4667.08 4667.08
1330 4667.08 4667.08
1331 4667.08 4667.08
1332 4667.08 4667.08
1333 4667.08 4667.08
1334 4667.08 4667.08
1335 4667.08 4667.08
1336 4667.08 4667.08
1337 4667.08 4667.08
1338 4667.08 4667.08
1339 4667.08 4667.08
1340 4667.08 4667.08
1341 4667.08 4667.08
1342 4667.08 4667.08
1343 4667.08 4667.08
1344 4667.08 4667.08
1345 4667.08 4667.08
1346 4667.08 4667.08
1347 4667.08 4667.08
1348 4667.08 4667.08
1349 4667.08 4667.08
1350 4667.08 4667.08
1351 4667.08 4667.08
1352 4667.08 4667.08
1353 4667.08 4667.08
1354 4667.08 4667.08
1355 4667.08 4667.08
1356 4667.08 4667.08
1357 4667.08 4667.08
1358 4667.08 4667.08
1359 4667.08 4667.08
1360 4667.08 4667.08
1361 4667.08 4667.08
1362 4667.08 4667.08
1363 4667.08 4667.08
1364 4667.08 4667.08
1365 4667.08 4667.08
1366 4667.08 4667.08
1367 4667.08 4667.08
1368 4667.08 4667.08
1369 4667.08 4667.08
1370 4667.08 4667.08
1371 4667.08 4667.08
1372 4667.08 4667.08
1373 4667.08 4667.08
1374 4667.08 4667.08
1375 4667.08 4667.08
1376 4667.08 4667.08
1377 4667.08 4667.08
1378 4667.08 4667.08
1379 4667.08 4667.08
1380 4667.08 4667.08
1381 4667.08 4667.08
1382 4667.08 4667.08
1383 4667.08 4667.08
1384 4667.08 4667.08
1385 4667.08 4667.08
1386 4667.08 4667.08
1387 4667.08 4667.08
1388 4667.08 4667.08
1389 4667.08 4667.08
1390 4667.08 4667.08
1391 4667.08 4667.08
1392 4667.08 4667.08
1393 4667.08 4667.08
1394 4667.08 4667.08
1395 4667.08 4667.08
1396 4667.08 4667.08
1397 4667.08 4667.08
1398 4667.08 4667.08
1399 4667.08 4667.08
1400 4667.08 4667.08
1401 4667.08 4667.08
1402 4667.08 4667.08
1403 4667.08 4667.08
1404 4667.08 4667.08
1405 4667.08 4667.08
1406 4667.08 4667.08
1407 4667.08 4667.08
1408 4667.08 4667.08
1409 4667.08 4667.08
1410 4667.08 4667.08
1411 4667.08 4667.08
1412 4667.08 4667.08
1413 4667.08 4667.08
1414 4667.08 4667.08
1415 4667.08 4667.08
1416 4667.08 4667.08
1417 4667.08 4667.08
1418 4667.08 4667.08
1419 4667.08 4667.08
1420 4667.08 4667.08
1421 4667.08 4667.08
1422 4667.08 4667.08
1423 4667.08 4667.08
1424 4667.08 4667.08
1425 4667.08 4667.08
1426 4667.08 4667.08
1427 4667.08 4667.08
1428 4667.08 4667.08
1429 4667.08 4667.08
1430 4667.08 4667.08
1431 4667.08 4667.08
1432 4667.08 4667.08
1433 4667.08 4667.08
1434 4667.08 4667.08
1435 4667.08 4667.08
1436 4667.08 4667.08
1437 4667.08 4667.08
1438 4667.08 4667.08
1439 4667.08 4667.08
1440 4667.08 4667.08
1441 4667.08 4667.08
1442 4667.08 4667.08
1443 4667.08 4667.08
1444 4667.08 4667.08
1445 4667.08 4667.08
1446 4667.08 4667.08
1447 4667.08 4667.08
1448 4667.08 4667.08
1449 4667.08 4667.08
1450 4667.08 4667.08
1451 4667.08 4667.08
1452 4667.08 4667.08
1453 4667.08 4667.08
1454 4667.08 4667.08
1455 4667.08 4667.08
1456 4667.08 4667.08
1457 4667.08 4667.08
1458 4667.08 4667.08
1459 4667.08 4667.08
1460 4667.08 4667.08
1461 4667.08 4667.08
1462 4667.08 4667.08
1463 4667.08 4667.08
1464 4667.08 4667.08
1465 4667.08 4667.08
1466 4667.08 4667.08
1467 4667.08 4667.08
1468 4667.08 4667.08
1469 4667.08 4667.08
1470 4667.08 4667.08
1471 4667.08 4667.08
1472 4667.08 4667.08
1473 4667.08 4667.08
1474 4667.08 4667.08
1475 4667.08 4667.08
1476 4667.08 4667.08
1477 4667.08 4667.08
1478 4667.08 4667.08
1479 4667.08 4667.08
1480 4667.08 4667.08
1481 4667.08 4667.08
1482 4667.08 4667.08
1483 4667.08 4667.08
1484 4667.08 4667.08
1485 4667.08 4667.08
1486 4667.08 4667.08
1487 4667.08 4667.08
1488 4667.08 4667.08
1489 4667.08 4667.08
1490 4667.08 4667.08
1491 4667.08 4667.08
1492 4667.08 4667.08
1493 4667.08 4667.08
1494 4667.08 4667.08
1495 4667.08 4667.08
1496 4667.08 4667.08
1497 4667.08 4667.08
1498 4667.08 4667.08
1499 4667.08 4667.08
