0 22664.1 33758
1 22467.6 31224.2
2 21484.1 27813.6
3 21005.4 25796.9
4 20946.8 24452.3
5 19106.2 23371.6
6 20480.6 23246.9
7 19286.1 22027
8 17369 21108.4
9 17369 20297.7
10 16973.9 19310.3
11 16688.1 18690.3
12 14349.9 18158.5
13 14349.9 17386.4
14 13168.7 16757.8
15 12547.6 15855.2
16 12547.6 14881.7
17 12547.6 14388.5
18 12339.1 13912.9
19 12425.4 13514.7
20 12258.7 13412.1
21 11974.4 13272.2
22 12026.9 13038.5
23 12233.5 13011.1
24 11784.2 12729.5
25 11784.2 12608.7
26 11671.9 12811.5
27 10916.5 12813.8
28 10503.7 12336.5
29 10689.7 12250.1
30 10736.9 12110.9
31 10411.3 11747.3
32 9084.98 11550.4
33 9116.35 11183
34 9115.87 11123.6
35 8926.51 10813.6
36 8716.1 10161.1
37 8716.1 10166
38 8569.68 9864.59
39 8471.67 9386.02
40 8459.95 9236.69
41 8437.98 9181.3
42 8414.77 9036.49
43 8379.82 8719.18
44 8220.68 8737.79
45 8220.68 8786.9
46 8220.68 8714.93
47 8177.41 8807.13
48 7920.66 8876.09
49 7930.01 8849.16
50 7930.01 8943.15
51 7930.01 8917.76
52 7879.11 8742.24
53 7801.04 8797.92
54 7760.11 8708
55 7760.11 8700.22
56 7325.04 8654.35
57 7444.04 8625.82
58 7444.04 8425.28
59 7444.04 8307.73
60 7444.04 8154
61 7444.04 8176.9
62 7444.04 8000.7
63 7444.04 7905.08
64 7444.04 7803.06
65 7444.04 7703.33
66 7412.64 7638.88
67 7377.23 7627.34
68 7377.23 7572.63
69 7377.23 7540.14
70 7173.4 7482.6
71 7173.4 7515.31
72 7176.06 7595.21
73 7172.65 7722.61
74 7204.52 7743.74
75 7204.52 7607.22
76 7204.52 7575.23
77 7190.39 7582.53
78 7073.05 7488.45
79 7038.57 7412.24
80 7038.57 7397.91
81 6917.86 7316.83
82 6917.86 7346.06
83 6930.45 7602.66
84 6853.54 7617.24
85 6739.51 7555.97
86 6739.51 7292.54
87 6499.01 7040.79
88 6451.42 6915.96
89 6416.14 6753.05
90 6416.14 6685.47
91 6416.14 6669.33
92 6348.62 6644.32
93 6220.01 6540.43
94 6220.01 6482.02
95 6220.01 6490.62
96 6220.01 6443.55
97 6207.99 6321.63
98 6207.99 6268.18
99 6107.82 6304.27
100 6107.82 6335.31
101 6107.82 6261.29
102 6057.44 6222.56
103 6057.44 6169.19
104 6057.44 6134.34
105 6057.44 6089.86
106 5955.51 6061.51
107 5948.86 6045.42
108 5948.86 6023.14
109 5948.86 6007.69
110 5948.86 5993.91
111 5916.35 5979.53
112 5916.35 5963.77
113 5891.36 5972.27
114 5835.44 5958.66
115 5835.44 5960.3
116 5835.44 5939.31
117 5835.44 5927.95
118 5835.44 5901.49
119 5835.44 5891.19
120 5835.44 5864.22
121 5787.06 5854.11
122 5787.06 5877.31
123 5780.99 5899.24
124 5736.55 5896.96
125 5728.87 5926.45
126 5728.87 5885.83
127 5679.86 5832.98
128 5633.71 5806.16
129 5633.71 5774.76
130 5633.71 5777
131 5633.71 5811.85
132 5632.62 5754.09
133 5632.62 5738.84
134 5632.62 5698.03
135 5632.62 5684.95
136 5632.62 5694.59
137 5597.2 5656.99
138 5597.2 5659.35
139 5597.2 5630.89
140 5588.51 5624
141 5588.51 5609.69
142 5583.44 5605.16
143 5579.89 5595.56
144 5567.69 5593.54
145 5553.15 5589.16
146 5532.33 5578.06
147 5532.33 5563.93
148 5532.33 5557.52
149 5530.28 5550.83
150 5530.28 5539.04
151 5530.28 5535.38
152 5473.26 5531.14
153 5473.26 5521.54
154 5473.26 5505.77
155 5473.26 5492.95
156 5473.26 5486.05
157 5473.26 5473.96
158 5473.26 5473.29
159 5473.26 5473.26
160 5473.26 5473.26
161 5473.26 5473.26
162 5448.92 5473.02
163 5431.25 5471.38
164 5431.25 5468.1
165 5400.96 5489.33
166 5400.96 5481.35
167 5400.96 5485.42
168 5400.96 5490.83
169 5398.64 5424.3
170 5398.64 5417.88
171 5391.13 5407.84
172 5391.13 5403.34
173 5390.74 5398.22
174 5367.31 5395.44
175 5367.31 5391.39
176 5367.31 5386.67
177 5359.8 5379.67
178 5359.8 5375.54
179 5359.8 5370.31
180 5359.8 5379.82
181 5359.8 5371.6
182 5359.8 5360.52
183 5356.58 5359.79
184 5356.58 5359.9
185 5356.58 5359.09
186 5356.58 5365.14
187 5356.58 5359.62
188 5353.11 5357.3
189 5353.11 5356.73
190 5353.11 5380.58
191 5178.93 5417.25
192 5353.11 5529.24
193 5353.11 5505.79
194 5310.1 5422.87
195 5310.1 5396.58
196 5310.1 5428.47
197 5310.1 5457.8
198 5310.1 5468.92
199 5310.1 5369.38
200 5310.1 5348.09
201 5310.1 5356.52
202 5277.15 5356.73
203 5277.15 5358.41
204 5277.15 5322.97
205 5277.15 5309.7
206 5277.15 5282.42
207 5277.15 5278.14
208 5277.15 5277.15
209 5277.15 5278.93
210 5277.15 5278.31
211 5277.15 5277.15
212 5277.15 5277.15
213 5277.15 5277.15
214 5277.15 5277.18
215 5250.14 5276.88
216 5250.14 5274.26
217 5250.14 5269.21
218 5250.14 5261.96
219 5250.14 5259.08
220 5250.14 5253.59
221 5243.61 5261.91
222 5243.61 5250.28
223 5243.61 5249.1
224 5243.61 5248.11
225 5243.61 5247.89
226 5243.61 5261.15
227 5243.61 5245.17
228 5243.61 5254.7
229 5243.61 5257.95
230 5243.61 5265.37
231 5243.61 5250.4
232 5209.71 5263.73
233 5209.71 5261.66
234 5209.71 5239.86
235 5209.71 5231.77
236 5209.71 5266.91
237 5209.71 5222.25
238 5209.71 5211.81
239 5209.71 5209.71
240 5209.71 5209.71
241 5209.71 5209.71
242 5209.71 5209.71
243 5209.71 5209.71
244 5209.71 5209.71
245 5209.71 5209.71
246 5208.83 5209.7
247 5208.83 5209.67
248 5208.83 5209.47
249 5208.83 5209.26
250 5181.7 5208.99
251 5181.7 5206.74
252 5181.7 5202.5
253 5181.7 5193.49
254 5181.7 5190.99
255 5181.7 5187.59
256 5181.7 5181.7
257 5181.7 5181.7
258 5181.7 5181.7
259 5181.7 5181.7
260 5181.7 5181.7
261 5181.7 5181.7
262 5181.7 5181.7
263 5181.7 5181.7
264 5181.7 5181.7
265 5181.7 5181.7
266 5181.7 5181.7
267 5181.7 5181.7
268 5181.7 5181.7
269 5181.7 5181.7
270 5181.7 5181.7
271 5181.7 5181.7
272 5181.7 5181.7
273 5181.7 5181.7
274 5181.7 5181.7
275 5181.7 5181.7
276 5174.86 5181.9
277 5174.86 5272.7
278 5174.86 5289.56
279 5081.64 5361.94
280 5081.64 5232.56
281 5081.64 5214.38
282 5081.64 5171.31
283 5081.64 5130.37
284 5081.64 5103.57
285 5081.64 5084.5
286 5061.13 5081.43
287 5061.13 5080.2
288 5061.13 5075.48
289 5061.13 5070.58
290 5061.13 5066.67
291 5061.13 5061.13
292 5040.34 5060.72
293 5040.34 5058.22
294 5040.34 5054.06
295 4989.12 5050.02
296 4989.12 5040.47
297 4989.12 5036.83
298 4989.12 5052.79
299 4989.12 5068.06
300 4989.12 5142.78
301 4989.12 5227.96
302 4989.12 5182.2
303 4989.12 5097.71
304 4948.19 5005.18
305 4948.19 4982.64
306 4948.19 4973.84
307 4948.19 4963.95
308 4948.19 4955.76
309 4948.19 4953.92
310 4948.19 4959.24
311 4948.19 4951.54
312 4948.19 4948.19
313 4915.83 4947.87
314 4912.26 4945.5
315 4912.26 4938.49
316 4912.26 4930.38
317 4912.26 4919.15
318 4912.26 4916.93
319 4912.26 4912.26
320 4901.3 4912.15
321 4901.3 4911.82
322 4901.3 4910.94
323 4901.3 4909.96
324 4901.3 4907.11
325 4901.3 4904.13
326 4901.3 4901.5
327 4901.3 4901.3
328 4901.3 4901.3
329 4901.3 4901.3
330 4895.6 4910.17
331 4895.6 4911.27
332 4893.28 4899.94
333 4893.28 4897.83
334 4893.28 4896.91
335 4893.28 4896.36
336 4893.28 4897.66
337 4893.28 4893.9
338 4893.28 4893.39
339 4883.21 4893.17
340 4883.21 4892.87
341 4883.21 4891.46
342 4883.21 4888.95
343 4883.21 4886.23
344 4875.6 4883.94
345 4875.6 4886.34
346 4875.6 4894.04
347 4875.6 4892.16
348 4875.6 4888.16
349 4875.6 4893.83
350 4875.6 4887.56
351 4875.6 4884.37
352 4875.6 4875.63
353 4875.6 4875.6
354 4875.6 4875.6
355 4875.6 4888.17
356 4875.6 4964.57
357 4875.6 4967.24
358 4875.6 5007.2
359 4875.6 5058.87
360 4875.6 4885.18
361 4875.6 4875.6
362 4875.6 4875.6
363 4875.6 4875.6
364 4875.6 4875.6
365 4875.6 4875.6
366 4875.6 4875.6
367 4875.6 4875.6
368 4875.6 4875.6
369 4875.6 4875.6
370 4875.6 4879.05
371 4875.6 4876.04
372 4875.6 4875.6
373 4875.6 4875.6
374 4875.6 4875.6
375 4875.6 4875.6
376 4875.6 4875.6
377 4875.6 4875.6
378 4875.6 4875.6
379 4875.6 4875.6
380 4875.6 4875.6
381 4875.6 4875.6
382 4875.6 4875.6
383 4875.6 4875.6
384 4861.62 4875.46
385 4861.62 4873.79
386 4861.62 4905.45
387 4861.62 4871.27
388 4861.62 4903.49
389 4861.62 4946.72
390 4861.62 4922.33
391 4861.62 4873.06
392 4861.62 4873.49
393 4861.62 4866.23
394 4861.62 4869.87
395 4861.62 4909.64
396 4861.62 4867.76
397 4861.62 4861.62
398 4861.62 4861.62
399 4861.62 4861.62
400 4861.62 4861.62
401 4861.62 4861.62
402 4861.62 4861.62
403 4861.62 4861.62
404 4861.62 4861.62
405 4861.62 4861.62
406 4861.62 4861.62
407 4861.62 4861.62
408 4861.62 4861.62
409 4861.62 4861.62
410 4861.62 4861.62
411 4861.62 4861.62
412 4861.62 4861.62
413 4861.62 4861.62
414 4861.62 4861.62
415 4861.62 4861.62
416 4842.81 4861.43
417 4842.81 4861.06
418 4842.81 4860.68
419 4842.81 4862.48
420 4842.81 4857.86
421 4842.81 4892.01
422 4842.81 4860.32
423 4842.81 4861.74
424 4842.81 4844.7
425 4842.81 4842.81
426 4842.81 4842.81
427 4842.81 4842.81
428 4842.81 4842.81
429 4842.81 4842.81
430 4842.81 4842.81
431 4842.81 4842.81
432 4842.81 4842.81
433 4842.81 4842.81
434 4842.81 4842.81
435 4842.81 4842.81
436 4842.81 4842.81
437 4842.81 4842.81
438 4842.81 4842.81
439 4842.81 4842.81
440 4842.81 4842.81
441 4842.81 4842.81
442 4842.81 4842.81
443 4842.81 4842.81
444 4842.81 4842.81
445 4842.81 4842.81
446 4839.32 4842.78
447 4839.32 4842.33
448 4839.32 4841.68
449 4839.32 4841.09
450 4839.32 4840.62
451 4839.32 4841.07
452 4839.32 4840.7
453 4839.32 4839.82
454 4839.32 4839.32
455 4839.32 4839.38
456 4839.32 4839.32
457 4839.32 4839.32
458 4839.32 4839.32
459 4839.32 4839.32
460 4839.32 4839.32
461 4839.32 4839.32
462 4839.32 4839.32
463 4839.32 4839.32
464 4839.32 4839.32
465 4839.32 4839.32
466 4839.32 4839.32
467 4839.32 4839.32
468 4839.32 4839.32
469 4839.32 4839.32
470 4839.32 4839.32
471 4839.32 4839.32
472 4839.32 4839.32
473 4839.32 4839.32
474 4839.32 4839.32
475 4839.32 4839.32
476 4839.32 4839.32
477 4839.32 4839.32
478 4839.32 4839.32
479 4836.74 4839.27
480 4836.74 4839.09
481 4827.76 4838.64
482 4825.18 4837.47
483 4825.18 4834.35
484 4825.18 4829.06
485 4825.18 4826.43
486 4825.18 4825.23
487 4825.18 4825.18
488 4825.18 4825.18
489 4825.18 4825.18
490 4825.18 4825.18
491 4825.18 4825.18
492 4825.18 4825.18
493 4825.18 4825.18
494 4825.18 4825.18
495 4825.18 4829.55
496 4825.18 4831.03
497 4825.18 4832.52
498 4825.18 4840.21
499 4825.18 4827.3
500 4825.18 4825.18
501 4825.18 4827.41
502 4825.18 4855.27
503 4825.18 4838.5
504 4825.18 4832.34
505 4825.18 4836.89
506 4825.18 4826.8
507 4825.18 4827.24
508 4825.18 4825.77
509 4825.18 4825.18
510 4825.18 4833.93
511 4825.18 4829.59
512 4825.18 4825.18
513 4825.18 4825.18
514 4825.18 4825.18
515 4825.18 4825.18
516 4825.18 4825.18
517 4825.18 4825.18
518 4825.18 4829.01
519 4825.18 4825.18
520 4825.18 4841.44
521 4825.18 4831.63
522 4825.18 4825.18
523 4825.18 4825.18
524 4825.18 4825.18
525 4825.18 4825.18
526 4825.18 4825.18
527 4825.18 4825.18
528 4825.18 4825.18
529 4825.18 4825.18
530 4825.18 4825.18
531 4825.18 4825.18
532 4825.18 4825.18
533 4825.18 4825.18
534 4820.38 4825.13
535 4820.38 4824.84
536 4820.38 4824.32
537 4820.38 4823.12
538 4820.38 4822.3
539 4820.38 4821.92
540 4820.38 4824.18
541 4820.38 4824.22
542 4820.38 4822.69
543 4820.38 4831.55
544 4820.38 4820.43
545 4820.38 4820.38
546 4820.38 4820.38
547 4820.38 4820.38
548 4820.38 4820.38
549 4820.38 4820.38
550 4820.38 4820.38
551 4820.38 4820.38
552 4820.38 4820.38
553 4820.38 4820.38
554 4820.38 4820.38
555 4820.38 4820.38
556 4820.38 4820.38
557 4820.38 4820.38
558 4820.38 4820.38
559 4820.38 4820.38
560 4820.38 4821.2
561 4820.38 4820.38
562 4820.38 4820.38
563 4820.38 4820.38
564 4820.38 4820.38
565 4820.38 4820.38
566 4820.38 4820.38
567 4820.38 4820.38
568 4820.38 4820.38
569 4820.38 4820.38
570 4820.38 4820.38
571 4820.38 4820.38
572 4820.38 4820.38
573 4820.38 4820.38
574 4803.83 4820.22
575 4803.83 4840.53
576 4803.83 4817.9
577 4803.83 4816.41
578 4803.83 4846.59
579 4803.83 4808.63
580 4803.83 4805.15
581 4803.83 4805.48
582 4803.83 4806.41
583 4803.83 4803.83
584 4803.83 4804.11
585 4803.83 4805.95
586 4803.83 4803.83
587 4803.83 4803.83
588 4803.83 4803.83
589 4803.83 4803.83
590 4803.83 4803.83
591 4803.83 4803.83
592 4803.83 4803.83
593 4803.83 4803.83
594 4803.83 4803.83
595 4803.83 4803.83
596 4803.83 4803.83
597 4803.83 4803.83
598 4803.83 4803.83
599 4803.83 4803.83
600 4803.83 4803.83
601 4803.83 4803.83
602 4803.83 4803.83
603 4803.83 4803.83
604 4803.83 4803.83
605 4803.83 4803.83
606 4803.83 4803.83
607 4803.83 4803.83
608 4803.83 4803.83
609 4803.83 4809.27
610 4803.83 4803.83
611 4803.83 4803.92
612 4803.83 4803.83
613 4803.83 4803.83
614 4803.83 4803.83
615 4803.83 4807.24
616 4803.83 4803.83
617 4803.83 4803.83
618 4803.83 4803.83
619 4803.83 4803.83
620 4803.83 4803.83
621 4803.83 4803.83
622 4803.83 4803.83
623 4803.83 4803.83
624 4803.83 4803.83
625 4803.83 4803.83
626 4803.83 4803.83
627 4803.83 4803.83
628 4803.83 4836.2
629 4803.83 4830.27
630 4803.83 4878.86
631 4803.83 4880.12
632 4803.83 4843.25
633 4803.83 4828.01
634 4803.83 4831.63
635 4803.83 4827.33
636 4803.83 4805.61
637 4803.83 4806.88
638 4803.83 4803.83
639 4803.83 4810.81
640 4803.83 4803.83
641 4803.83 4804.98
642 4803.83 4803.83
643 4803.83 4803.83
644 4803.83 4803.83
645 4803.83 4803.83
646 4803.83 4803.83
647 4803.83 4803.83
648 4803.83 4803.83
649 4803.83 4803.83
650 4803.83 4803.83
651 4803.83 4803.83
652 4803.83 4803.83
653 4803.83 4805.27
654 4803.83 4806.19
655 4803.83 4820.86
656 4803.83 4858.51
657 4803.83 4821.39
658 4803.83 4804.95
659 4803.83 4815.02
660 4803.83 4805.1
661 4803.83 4804.03
662 4803.83 4803.87
663 4803.83 4803.83
664 4803.83 4803.83
665 4803.83 4803.83
666 4803.83 4803.83
667 4803.83 4803.83
668 4803.83 4803.83
669 4803.83 4803.83
670 4803.83 4803.83
671 4803.83 4803.83
672 4803.83 4803.83
673 4803.83 4803.83
674 4803.83 4803.83
675 4803.83 4803.83
676 4803.83 4803.83
677 4803.83 4803.83
678 4803.83 4803.83
679 4803.83 4803.83
680 4803.83 4803.83
681 4803.83 4803.83
682 4803.83 4803.83
683 4803.83 4803.83
684 4803.83 4803.83
685 4803.83 4803.83
686 4803.83 4803.83
687 4803.83 4803.83
688 4803.83 4803.83
689 4803.83 4803.83
690 4803.83 4803.83
691 4803.83 4803.83
692 4803.83 4803.83
693 4803.83 4803.83
694 4803.83 4803.83
695 4803.83 4803.83
696 4803.83 4803.83
697 4803.83 4803.83
698 4803.83 4803.83
699 4803.83 4803.83
700 4803.83 4803.83
701 4803.83 4803.83
702 4803.83 4803.83
703 4803.83 4803.83
704 4803.83 4803.83
705 4803.83 4803.83
706 4803.83 4803.83
707 4803.83 4803.83
708 4803.83 4803.83
709 4803.83 4803.83
710 4803.83 4803.83
711 4803.83 4803.83
712 4803.83 4803.83
713 4803.83 4803.83
714 4803.83 4803.83
715 4803.83 4803.83
716 4803.83 4803.83
717 4803.83 4803.83
718 4803.83 4803.83
719 4803.83 4803.83
720 4803.83 4803.83
721 4803.83 4803.83
722 4803.83 4803.83
723 4803.83 4803.83
724 4803.83 4803.83
725 4803.83 4803.83
726 4803.83 4803.83
727 4803.83 4803.83
728 4803.83 4803.83
729 4803.83 4803.83
730 4803.83 4803.83
731 4803.83 4803.83
732 4803.83 4803.83
733 4803.83 4803.83
734 4803.83 4803.83
735 4803.83 4803.83
736 4803.83 4803.83
737 4803.83 4803.83
738 4803.83 4803.83
739 4803.83 4803.83
740 4803.83 4803.83
741 4803.83 4803.83
742 4803.83 4803.83
743 4803.83 4803.83
744 4803.83 4803.83
745 4803.83 4803.83
746 4803.83 4803.83
747 4803.83 4803.83
748 4803.83 4803.83
749 4803.83 4803.83
750 4786.03 4805.57
751 4786.03 4839.41
752 4786.03 4920.29
753 4786.03 4843.25
754 4786.03 4833.89
755 4786.03 4809.72
756 4786.03 4876.85
757 4786.03 4863.5
758 4786.03 4816.13
759 4786.03 4795.03
760 4786.03 4787.42
761 4772.21 4785.9
762 4772.21 4785.21
763 4772.21 4783.68
764 4772.21 4786.2
765 4772.21 4846.68
766 4772.21 4847.21
767 4772.21 4850.37
768 4772.21 4777.4
769 4772.21 4773.08
770 4772.21 4772.21
771 4772.21 4772.21
772 4772.21 4772.21
773 4772.21 4772.21
774 4772.21 4772.21
775 4772.21 4772.21
776 4772.21 4772.21
777 4772.21 4772.21
778 4772.21 4772.21
779 4772.21 4772.21
780 4772.21 4772.21
781 4772.21 4772.21
782 4772.21 4772.21
783 4772.21 4772.21
784 4772.21 4772.21
785 4772.21 4772.21
786 4772.21 4772.21
787 4772.21 4772.21
788 4772.21 4772.21
789 4772.21 4772.21
790 4772.21 4772.21
791 4772.21 4772.21
792 4772.21 4772.21
793 4772.21 4772.21
794 4772.21 4783.52
795 4772.21 4772.21
796 4772.21 4772.21
797 4772.21 4772.21
798 4772.21 4772.21
799 4772.21 4772.21
800 4772.21 4772.21
801 4772.21 4772.21
802 4772.21 4772.26
803 4772.21 4772.21
804 4772.21 4772.21
805 4772.21 4772.21
806 4772.21 4772.21
807 4772.21 4772.21
808 4772.21 4772.21
809 4772.21 4772.21
810 4772.21 4772.21
811 4772.21 4772.21
812 4772.21 4772.21
813 4772.21 4772.21
814 4772.21 4772.21
815 4772.21 4772.21
816 4772.21 4773.92
817 4772.21 4787.62
818 4772.21 4807.22
819 4772.21 4772.44
820 4772.21 4785.58
821 4772.21 4772.21
822 4772.21 4772.21
823 4772.21 4772.21
824 4772.21 4772.21
825 4772.21 4772.21
826 4772.21 4772.21
827 4772.21 4772.21
828 4772.21 4772.21
829 4772.21 4772.21
830 4772.21 4775.52
831 4772.21 4772.21
832 4772.21 4772.21
833 4772.21 4772.21
834 4772.21 4772.21
835 4772.21 4772.21
836 4772.21 4772.21
837 4772.21 4772.21
838 4772.21 4774.76
839 4772.21 4812.84
840 4769.59 4787.98
841 4769.59 4793.02
842 4769.59 4778.89
843 4769.59 4780.02
844 4769.59 4779.16
845 4769.59 4787.33
846 4769.59 4782.56
847 4769.59 4787.47
848 4769.59 4769.59
849 4769.59 4769.59
850 4769.59 4769.59
851 4769.59 4769.59
852 4769.59 4787.23
853 4769.59 4812.53
854 4769.59 4801.05
855 4769.59 4792.85
856 4769.59 4781.67
857 4769.59 4782.65
858 4769.59 4772.53
859 4769.59 4769.59
860 4769.59 4769.59
861 4769.59 4769.59
862 4769.59 4769.59
863 4769.59 4769.59
864 4769.59 4769.59
865 4769.59 4769.59
866 4758.6 4769.48
867 4758.6 4769.26
868 4758.6 4768.6
869 4758.6 4767.28
870 4758.6 4764.86
871 4758.6 4793.11
872 4758.6 4762.68
873 4758.6 4760.56
874 4758.6 4758.6
875 4758.6 4758.6
876 4758.6 4758.6
877 4758.6 4758.6
878 4758.6 4758.6
879 4758.6 4758.6
880 4758.6 4758.6
881 4758.6 4759.07
882 4758.6 4762.65
883 4758.6 4758.6
884 4758.6 4758.6
885 4758.6 4758.6
886 4758.6 4758.6
887 4758.6 4771.05
888 4758.6 4758.6
889 4758.6 4758.6
890 4758.6 4758.6
891 4758.6 4758.6
892 4758.6 4759.51
893 4758.6 4787.51
894 4758.6 4758.6
895 4758.6 4762.69
896 4758.6 4758.6
897 4758.6 4768.32
898 4758.6 4758.6
899 4758.6 4758.6
900 4758.6 4758.6
901 4758.6 4758.6
902 4758.6 4758.6
903 4758.6 4758.6
904 4758.6 4758.6
905 4758.6 4758.6
906 4758.6 4758.6
907 4758.6 4758.6
908 4758.6 4758.6
909 4758.6 4758.6
910 4758.6 4758.6
911 4758.6 4758.6
912 4758.6 4758.6
913 4758.6 4758.6
914 4758.6 4758.6
915 4758.6 4758.6
916 4758.6 4758.6
917 4758.6 4758.6
918 4758.6 4758.6
919 4758.6 4758.6
920 4758.6 4758.6
921 4758.6 4758.6
922 4758.6 4758.6
923 4758.6 4763.76
924 4758.6 4777.43
925 4758.6 4773
926 4758.6 4817.83
927 4758.6 4803.27
928 4758.6 4774.68
929 4758.6 4766.86
930 4758.6 4758.6
931 4758.6 4759.88
932 4758.6 4783.47
933 4758.6 4771.26
934 4758.6 4787.37
935 4758.6 4803.63
936 4758.6 4767.94
937 4758.6 4760.4
938 4758.6 4758.6
939 4758.6 4759.04
940 4758.6 4793.62
941 4758.6 4769.63
942 4758.6 4760.5
943 4758.6 4773.81
944 4758.6 4780.75
945 4758.6 4764.49
946 4758.6 4758.6
947 4758.6 4758.6
948 4758.6 4758.6
949 4758.6 4758.6
950 4758.6 4763.46
951 4758.6 4793.22
952 4758.6 4760.62
953 4758.6 4758.6
954 4758.6 4758.6
955 4758.6 4758.6
956 4758.6 4758.6
957 4758.6 4758.6
958 4758.6 4758.6
959 4758.6 4758.6
960 4758.6 4758.6
961 4758.6 4758.6
962 4758.6 4758.6
963 4758.6 4758.6
964 4758.6 4758.6
965 4758.6 4758.6
966 4758.6 4758.6
967 4758.6 4758.6
968 4758.6 4758.6
969 4758.6 4758.6
970 4758.6 4764.46
971 4758.6 4758.6
972 4758.6 4758.6
973 4758.6 4758.6
974 4758.6 4758.6
975 4758.6 4758.6
976 4758.6 4758.6
977 4758.6 4758.6
978 4758.6 4758.6
979 4758.6 4758.6
980 4758.6 4758.6
981 4758.6 4758.6
982 4758.6 4758.6
983 4758.6 4758.6
984 4758.6 4758.6
985 4758.6 4758.6
986 4758.6 4758.6
987 4758.6 4758.6
988 4758.6 4758.6
989 4758.6 4758.6
990 4758.6 4840.83
991 4758.6 4760.74
992 4758.6 4758.6
993 4758.6 4758.6
994 4758.6 4758.6
995 4758.6 4762.93
996 4758.6 4761.49
997 4758.6 4758.6
998 4758.6 4758.6
999 4758.6 4758.6
1000 4730.86 4757.56
1001 4730.86 4754.48
1002 4730.86 4753.51
1003 4727.34 4765.3
1004 4730.86 4787.61
1005 4730.86 4777.99
1006 4730.86 4786.7
1007 4730.86 4756.24
1008 4730.86 4754.93
1009 4730.86 4736.79
1010 4730.86 4735.02
1011 4730.86 4748.67
1012 4730.86 4747.22
1013 4730.86 4732.37
1014 4730.86 4730.86
1015 4730.86 4730.86
1016 4730.86 4745.98
1017 4730.86 4731.06
1018 4730.86 4730.86
1019 4730.86 4730.86
1020 4730.86 4730.86
1021 4730.86 4730.86
1022 4730.86 4730.86
1023 4730.86 4730.86
1024 4730.86 4730.86
1025 4730.86 4730.86
1026 4730.86 4730.86
1027 4730.86 4730.86
1028 4730.86 4730.86
1029 4730.86 4731.99
1030 4730.86 4730.86
1031 4730.86 4730.86
1032 4730.86 4730.86
1033 4730.86 4730.86
1034 4730.86 4730.86
1035 4730.86 4730.86
1036 4730.86 4730.86
1037 4730.86 4730.86
1038 4730.86 4730.86
1039 4730.86 4730.86
1040 4730.86 4730.86
1041 4730.86 4730.86
1042 4730.86 4730.86
1043 4730.86 4730.86
1044 4730.86 4730.86
1045 4730.86 4730.86
1046 4730.86 4730.86
1047 4730.86 4730.86
1048 4730.86 4730.86
1049 4730.86 4730.86
1050 4730.86 4730.86
1051 4730.86 4730.86
1052 4730.86 4730.86
1053 4730.86 4730.86
1054 4730.86 4730.86
1055 4730.86 4730.86
1056 4730.86 4730.86
1057 4730.86 4730.86
1058 4730.86 4730.86
1059 4730.86 4730.86
1060 4730.86 4730.86
1061 4730.86 4730.86
1062 4730.86 4730.86
1063 4730.86 4730.86
1064 4730.86 4730.86
1065 4730.86 4730.86
1066 4730.86 4730.86
1067 4730.86 4730.86
1068 4730.86 4730.86
1069 4730.86 4730.86
1070 4730.86 4730.86
1071 4730.86 4730.86
1072 4730.86 4730.86
1073 4730.86 4730.86
1074 4730.86 4730.86
1075 4730.86 4730.86
1076 4730.86 4731.22
1077 4730.86 4730.86
1078 4730.86 4730.86
1079 4730.86 4730.86
1080 4730.86 4730.86
1081 4730.86 4730.86
1082 4730.86 4730.86
1083 4730.86 4730.86
1084 4730.86 4757.67
1085 4730.86 4745.49
1086 4730.86 4776.5
1087 4730.86 4793.17
1088 4730.86 4777.08
1089 4730.86 4823.74
1090 4730.86 4798.28
1091 4730.86 4744.54
1092 4730.86 4732.67
1093 4730.86 4731.35
1094 4730.86 4730.86
1095 4730.86 4730.86
1096 4730.86 4730.86
1097 4730.86 4730.86
1098 4730.86 4730.86
1099 4730.86 4730.86
1100 4730.86 4730.86
1101 4730.86 4730.86
1102 4730.86 4730.86
1103 4730.86 4736.79
1104 4730.86 4776.33
1105 4730.86 4731.28
1106 4730.86 4730.86
1107 4730.86 4736.62
1108 4730.86 4764.55
1109 4730.86 4734.56
1110 4730.86 4730.86
1111 4730.86 4730.86
1112 4730.86 4730.86
1113 4730.86 4730.86
1114 4730.86 4744.29
1115 4730.86 4753.62
1116 4730.86 4766.28
1117 4730.86 4751.84
1118 4730.86 4775.18
1119 4730.86 4844.18
1120 4730.86 4796.21
1121 4730.86 4831.59
1122 4730.86 4913.56
1123 4730.86 4810.5
1124 4730.86 4746.53
1125 4730.86 4730.86
1126 4730.86 4730.86
1127 4730.86 4730.86
1128 4730.86 4730.86
1129 4730.86 4730.86
1130 4730.86 4730.86
1131 4730.86 4730.86
1132 4730.86 4730.86
1133 4730.86 4730.86
1134 4730.86 4730.86
1135 4730.86 4730.86
1136 4730.86 4730.86
1137 4730.86 4730.86
1138 4730.86 4730.86
1139 4730.86 4730.86
1140 4730.86 4730.86
1141 4730.86 4730.86
1142 4730.86 4730.86
1143 4730.86 4730.86
1144 4730.86 4730.86
1145 4730.86 4730.86
1146 4730.86 4732.9
1147 4730.86 4734.8
1148 4730.86 4730.86
1149 4730.86 4730.86
1150 4730.86 4730.86
1151 4730.86 4730.86
1152 4730.86 4730.86
1153 4730.86 4730.86
1154 4730.86 4730.86
1155 4730.86 4730.86
1156 4730.86 4730.86
1157 4730.86 4730.86
1158 4730.86 4730.86
1159 4730.86 4730.86
1160 4730.86 4730.86
1161 4730.86 4730.86
1162 4730.86 4730.86
1163 4730.86 4730.86
1164 4730.86 4730.86
1165 4730.86 4730.86
1166 4730.86 4730.86
1167 4730.86 4730.86
1168 4730.86 4730.86
1169 4730.86 4730.86
1170 4730.86 4730.86
1171 4730.86 4730.86
1172 4730.86 4730.86
1173 4730.86 4730.86
1174 4730.86 4730.86
1175 4730.86 4730.86
1176 4730.86 4730.86
1177 4730.86 4730.86
1178 4730.86 4730.86
1179 4730.86 4730.86
1180 4730.86 4730.86
1181 4730.86 4730.86
1182 4730.86 4730.86
1183 4730.86 4730.86
1184 4730.86 4730.86
1185 4730.86 4730.86
1186 4730.86 4730.86
1187 4730.86 4730.86
1188 4730.86 4730.86
1189 4730.86 4730.86
1190 4730.86 4730.86
1191 4730.86 4730.86
1192 4730.86 4730.86
1193 4730.86 4730.86
1194 4730.86 4730.86
1195 4730.86 4730.86
1196 4730.86 4730.86
1197 4730.86 4730.86
1198 4730.86 4730.86
1199 4730.86 4731.86
1200 4730.86 4730.86
1201 4730.86 4730.86
1202 4730.86 4730.86
1203 4730.86 4730.86
1204 4730.86 4730.86
1205 4730.86 4730.86
1206 4730.86 4730.86
1207 4730.86 4730.86
1208 4730.86 4730.86
1209 4730.86 4730.86
1210 4730.86 4730.86
1211 4730.86 4735.1
1212 4730.86 4730.86
1213 4730.86 4743.53
1214 4730.86 4743.22
1215 4730.86 4735.54
1216 4730.86 4730.86
1217 4730.86 4730.86
1218 4730.86 4730.86
1219 4730.86 4730.86
1220 4730.86 4730.86
1221 4730.86 4730.86
1222 4730.86 4730.86
1223 4730.86 4730.86
1224 4730.86 4730.86
1225 4730.86 4730.86
1226 4730.86 4730.86
1227 4730.86 4730.86
1228 4730.86 4730.86
1229 4730.86 4730.86
1230 4730.86 4730.86
1231 4730.86 4744.12
1232 4730.86 4730.86
1233 4730.86 4730.86
1234 4730.86 4730.86
1235 4730.86 4730.86
1236 4730.86 4730.86
1237 4730.86 4730.86
1238 4730.86 4730.86
1239 4730.86 4730.86
1240 4730.86 4730.86
1241 4730.86 4730.86
1242 4730.86 4745.81
1243 4730.86 4732.73
1244 4730.86 4730.86
1245 4730.86 4730.86
1246 4730.86 4744.46
1247 4730.86 4748.54
1248 4730.86 4759.69
1249 4730.86 4743.53
1250 4687.42 4729.26
1251 4687.42 4738.39
1252 4687.42 4792.96
1253 4677.94 4791.64
1254 4677.94 4790.26
1255 4677.94 4785.75
1256 4677.94 4724.57
1257 4677.94 4764.52
1258 4677.94 4739.45
1259 4677.94 4692.65
1260 4677.94 4700.54
1261 4677.94 4679.3
1262 4677.94 4677.94
1263 4677.94 4677.94
1264 4677.94 4677.94
1265 4677.94 4677.94
1266 4677.94 4677.94
1267 4677.94 4677.94
1268 4677.94 4677.94
1269 4677.94 4677.94
1270 4677.94 4677.94
1271 4677.94 4677.94
1272 4677.94 4677.94
1273 4677.94 4677.94
1274 4677.94 4677.94
1275 4677.94 4677.94
1276 4677.94 4677.94
1277 4677.94 4677.94
1278 4677.94 4677.94
1279 4677.94 4677.94
1280 4677.94 4677.94
1281 4677.94 4677.94
1282 4677.94 4677.94
1283 4677.94 4677.94
1284 4677.94 4677.94
1285 4677.94 4677.94
1286 4677.94 4677.94
1287 4677.94 4677.94
1288 4677.94 4677.94
1289 4677.94 4677.94
1290 4677.94 4677.94
1291 4677.94 4677.94
1292 4677.94 4677.94
1293 4677.94 4677.94
1294 4677.94 4677.94
1295 4677.94 4677.94
1296 4677.94 4677.94
1297 4677.94 4677.94
1298 4677.94 4677.94
1299 4677.94 4677.94
1300 4677.94 4677.94
1301 4677.94 4677.94
1302 4677.94 4678.45
1303 4677.94 4677.94
1304 4677.94 4677.94
1305 4677.94 4677.94
1306 4677.94 4677.94
1307 4677.94 4677.94
1308 4677.94 4677.94
1309 4677.94 4677.94
1310 4677.94 4677.94
1311 4677.94 4677.94
1312 4677.94 4677.94
1313 4677.94 4677.94
1314 4677.94 4677.94
1315 4677.94 4677.94
1316 4677.94 4677.94
1317 4677.94 4688.51
1318 4677.94 4677.94
1319 4677.94 4678.7
1320 4677.94 4694.02
1321 4677.94 4722.83
1322 4677.94 4705.71
1323 4677.94 4739.75
1324 4677.94 4727.49
1325 4677.94 4744.13
1326 4677.94 4707.34
1327 4677.94 4686.21
1328 4677.94 4677.94
1329 4677.94 4677.94
1330 4677.94 4677.94
1331 4677.94 4677.94
1332 4677.94 4677.94
1333 4677.94 4677.94
1334 4677.94 4677.94
1335 4677.94 4677.94
1336 4677.94 4677.94
1337 4677.94 4677.94
1338 4677.94 4677.94
1339 4677.94 4677.94
1340 4677.94 4677.94
1341 4677.94 4677.94
1342 4677.94 4677.94
1343 4677.94 4677.94
1344 4677.94 4677.94
1345 4677.94 4678.04
1346 4677.94 4677.94
1347 4677.94 4677.94
1348 4677.94 4677.94
1349 4677.94 4677.94
1350 4677.94 4677.94
1351 4677.94 4677.94
1352 4677.94 4677.94
1353 4677.94 4677.94
1354 4677.94 4677.94
1355 4677.94 4677.94
1356 4677.94 4677.94
1357 4677.94 4677.94
1358 4677.94 4677.94
1359 4677.94 4677.94
1360 4677.94 4688
1361 4677.94 4677.94
1362 4677.94 4692.04
1363 4677.94 4688.44
1364 4677.94 4677.94
1365 4677.94 4677.94
1366 4677.94 4677.94
1367 4677.94 4677.94
1368 4677.94 4677.94
1369 4677.94 4677.94
1370 4677.94 4677.94
1371 4677.94 4677.94
1372 4677.94 4677.94
1373 4677.94 4677.94
1374 4677.94 4677.94
1375 4677.94 4677.94
1376 4677.94 4677.94
1377 4677.94 4677.94
1378 4677.94 4677.94
1379 4677.94 4677.94
1380 4677.94 4677.94
1381 4677.94 4677.94
1382 4677.94 4677.94
1383 4677.94 4677.94
1384 4677.94 4677.94
1385 4677.94 4677.94
1386 4677.94 4677.94
1387 4677.94 4677.94
1388 4677.94 4677.94
1389 4677.94 4677.94
1390 4677.94 4677.94
1391 4677.94 4679.9
1392 4677.94 4677.94
1393 4677.94 4677.94
1394 4677.94 4677.94
1395 4677.94 4677.94
1396 4677.94 4677.94
1397 4677.94 4677.94
1398 4677.94 4677.94
1399 4677.94 4677.94
1400 4677.94 4677.94
1401 4677.94 4677.94
1402 4677.94 4677.94
1403 4677.94 4677.94
1404 4677.94 4677.94
1405 4677.94 4677.94
1406 4677.94 4677.94
1407 4677.94 4677.94
1408 4677.94 4677.94
1409 4677.94 4677.94
1410 4677.94 4677.94
1411 4677.94 4677.94
1412 4677.94 4677.94
1413 4677.94 4677.94
1414 4677.94 4677.94
1415 4677.94 4677.94
1416 4677.94 4677.94
1417 4677.94 4677.94
1418 4677.94 4677.94
1419 4677.94 4677.94
1420 4677.94 4677.94
1421 4677.94 4677.94
1422 4677.94 4677.94
1423 4677.94 4677.94
1424 4677.94 4677.94
1425 4677.94 4677.94
1426 4677.94 4677.94
1427 4677.94 4677.94
1428 4677.94 4677.94
1429 4677.94 4677.94
1430 4677.94 4677.94
1431 4677.94 4677.94
1432 4677.94 4677.94
1433 4677.94 4677.94
1434 4677.94 4677.94
1435 4677.94 4677.94
1436 4677.94 4677.94
1437 4677.94 4677.94
1438 4677.94 4677.94
1439 4677.94 4677.94
1440 4677.94 4677.94
1441 4677.94 4677.94
1442 4677.94 4677.94
1443 4677.94 4677.94
1444 4677.94 4696.89
1445 4677.94 4677.94
1446 4677.94 4677.94
1447 4677.94 4677.94
1448 4677.94 4709.04
1449 4677.94 4691.08
1450 4677.94 4724.07
1451 4677.94 4711.41
1452 4677.94 4691.03
1453 4677.94 4677.94
1454 4677.94 4677.94
1455 4677.94 4677.94
1456 4677.94 4677.94
1457 4677.94 4677.94
1458 4677.94 4677.94
1459 4677.94 4677.94
1460 4677.94 4677.94
1461 4677.94 4683.52
1462 4677.94 4677.94
1463 4677.94 4677.94
1464 4677.94 4677.94
1465 4677.94 4677.94
1466 4677.94 4677.94
1467 4677.94 4677.94
1468 4677.94 4677.94
1469 4677.94 4677.94
1470 4677.94 4677.94
1471 4677.94 4677.94
1472 4677.94 4677.94
1473 4677.94 4677.94
1474 4677.94 4677.94
1475 4677.94 4677.94
1476 4677.94 4677.94
1477 4677.94 4677.94
1478 4677.94 4677.94
1479 4677.94 4677.94
1480 4677.94 4677.94
1481 4677.94 4677.94
1482 4677.94 4677.94
1483 4677.94 4677.94
1484 4677.94 4713.53
1485 4677.94 4748.8
1486 4677.94 4677.94
1487 4677.94 4679.28
1488 4677.94 4677.94
1489 4677.94 4677.94
1490 4677.94 4677.94
1491 4677.94 4677.94
1492 4677.94 4677.94
1493 4677.94 4677.94
1494 4677.94 4677.94
1495 4677.94 4677.94
1496 4677.94 4677.94
1497 4677.94 4677.94
1498 4677.94 4677.94
1499 4677.94 4678.68
1500 4659.99 4717.18
1501 4659.99 4724.13
1502 4659.99 4768.38
1503 4659.99 4883.51
1504 4659.99 4972.68
1505 4669.64 5014.92
1506 4677.94 5211.14
1507 4677.94 5508.39
1508 4677.94 5378.06
1509 4677.94 5180.32
1510 4677.94 4962.6
1511 4677.94 4839.24
1512 4677.94 4754.11
1513 4677.94 4698.73
1514 4677.94 4684.5
1515 4677.94 4684.57
1516 4677.94 4677.94
1517 4677.94 4677.94
1518 4677.94 4677.94
1519 4677.94 4677.94
1520 4677.94 4677.94
1521 4677.94 4677.94
1522 4677.94 4677.94
1523 4677.94 4677.94
1524 4677.94 4677.94
1525 4677.94 4677.94
1526 4677.94 4677.94
1527 4677.94 4677.94
1528 4677.94 4677.94
1529 4677.94 4677.94
1530 4677.94 4677.94
1531 4677.94 4677.94
1532 4677.94 4677.94
1533 4677.94 4677.94
1534 4677.94 4677.94
1535 4677.94 4677.94
1536 4677.94 4677.94
1537 4677.94 4678.99
1538 4677.94 4678.79
1539 4677.94 4681.29
1540 4677.94 4678.12
1541 4677.94 4684.94
1542 4677.94 4677.94
1543 4677.94 4678.24
1544 4677.94 4679.21
1545 4677.94 4679.25
1546 4677.94 4680.84
1547 4677.94 4677.94
1548 4677.94 4677.94
1549 4677.94 4677.94
1550 4677.94 4677.94
1551 4677.94 4677.94
1552 4677.94 4677.94
1553 4677.94 4677.94
1554 4677.94 4677.94
1555 4677.94 4677.94
1556 4677.94 4677.94
1557 4677.94 4677.94
1558 4677.94 4677.94
1559 4677.94 4677.94
1560 4677.94 4677.94
1561 4677.94 4677.94
1562 4677.94 4677.94
1563 4677.94 4677.94
1564 4677.94 4680.78
1565 4677.94 4685.23
1566 4677.94 4689.34
1567 4677.94 4677.94
1568 4677.94 4677.94
1569 4677.94 4677.94
1570 4677.94 4677.94
1571 4677.94 4677.94
1572 4677.94 4677.94
1573 4677.94 4677.94
1574 4677.94 4677.94
1575 4677.94 4677.94
1576 4677.94 4677.94
1577 4677.94 4677.94
1578 4677.94 4677.94
1579 4677.94 4677.94
1580 4677.94 4677.94
1581 4646.08 4677.62
1582 4646.08 4676.34
1583 4646.08 4676.12
1584 4646.08 4670.29
1585 4646.08 4666.03
1586 4646.08 4655.96
1587 4646.08 4649.42
1588 4646.08 4649.27
1589 4646.08 4660.89
1590 4646.08 4646.08
1591 4646.08 4646.08
1592 4646.08 4646.08
1593 4646.08 4646.08
1594 4646.08 4649.66
1595 4646.08 4648.79
1596 4646.08 4652.34
1597 4646.08 4646.08
1598 4646.08 4646.08
1599 4646.08 4646.08
1600 4646.08 4646.08
1601 4646.08 4646.08
1602 4646.08 4646.08
1603 4646.08 4646.08
1604 4646.08 4673.16
1605 4646.08 4659.28
1606 4646.08 4656.97
1607 4646.08 4646.36
1608 4646.08 4646.11
1609 4646.08 4662.13
1610 4646.08 4646.08
1611 4646.08 4646.08
1612 4646.08 4646.08
1613 4646.08 4646.08
1614 4646.08 4646.08
1615 4646.08 4646.08
1616 4646.08 4646.08
1617 4646.08 4646.08
1618 4646.08 4646.08
1619 4646.08 4646.08
1620 4646.08 4646.08
1621 4646.08 4646.08
1622 4646.08 4646.08
1623 4646.08 4646.08
1624 4646.08 4646.08
1625 4646.08 4646.08
1626 4646.08 4646.08
1627 4646.08 4646.08
1628 4646.08 4646.08
1629 4646.08 4646.08
1630 4646.08 4646.08
1631 4646.08 4646.08
1632 4646.08 4646.08
1633 4646.08 4646.08
1634 4646.08 4646.08
1635 4646.08 4647.41
1636 4646.08 4646.08
1637 4646.08 4646.08
1638 4646.08 4646.08
1639 4646.08 4650.3
1640 4646.08 4712.5
1641 4646.08 4721.9
1642 4646.08 4660.73
1643 4646.08 4658.63
1644 4646.08 4651.98
1645 4646.08 4651.48
1646 4646.08 4652.93
1647 4646.08 4650.99
1648 4646.08 4646.67
1649 4646.08 4646.08
1650 4646.08 4646.08
1651 4646.08 4646.08
1652 4646.08 4646.08
1653 4646.08 4646.08
1654 4646.08 4646.08
1655 4646.08 4646.08
1656 4646.08 4646.08
1657 4646.08 4646.08
1658 4646.08 4646.08
1659 4646.08 4646.08
1660 4646.08 4646.08
1661 4646.08 4660.46
1662 4646.08 4646.08
1663 4646.08 4646.08
1664 4646.08 4646.08
1665 4646.08 4646.08
1666 4646.08 4646.08
1667 4646.08 4646.08
1668 4646.08 4646.08
1669 4646.08 4646.08
1670 4646.08 4646.08
1671 4646.08 4646.08
1672 4646.08 4646.08
1673 4646.08 4646.08
1674 4646.08 4646.08
1675 4646.08 4646.08
1676 4646.08 4646.08
1677 4646.08 4646.08
1678 4646.08 4646.08
1679 4646.08 4646.08
1680 4646.08 4646.08
1681 4646.08 4646.08
1682 4646.08 4646.08
1683 4646.08 4646.08
1684 4646.08 4646.08
1685 4646.08 4646.08
1686 4646.08 4646.08
1687 4646.08 4646.08
1688 4646.08 4646.08
1689 4646.08 4646.08
1690 4646.08 4646.08
1691 4646.08 4646.08
1692 4646.08 4646.08
1693 4646.08 4646.08
1694 4646.08 4646.08
1695 4646.08 4654.85
1696 4646.08 4646.65
1697 4646.08 4646.08
1698 4646.08 4646.08
1699 4646.08 4646.08
1700 4646.08 4646.08
1701 4646.08 4646.08
1702 4646.08 4646.08
1703 4646.08 4646.08
1704 4646.08 4646.08
1705 4646.08 4646.08
1706 4646.08 4646.08
1707 4646.08 4646.08
1708 4646.08 4646.08
1709 4646.08 4646.08
1710 4646.08 4646.08
1711 4646.08 4646.08
1712 4646.08 4646.08
1713 4646.08 4646.08
1714 4646.08 4646.13
1715 4646.08 4646.08
1716 4646.08 4646.08
1717 4646.08 4646.08
1718 4646.08 4646.08
1719 4646.08 4646.08
1720 4646.08 4646.08
1721 4646.08 4646.08
1722 4646.08 4646.08
1723 4646.08 4646.08
1724 4646.08 4646.08
1725 4646.08 4663.66
1726 4646.08 4699.19
1727 4646.08 4646.08
1728 4646.08 4646.08
1729 4646.08 4646.08
1730 4646.08 4646.08
1731 4646.08 4646.08
1732 4646.08 4646.08
1733 4646.08 4646.08
1734 4646.08 4646.08
1735 4646.08 4646.08
1736 4646.08 4646.08
1737 4646.08 4646.08
1738 4646.08 4646.08
1739 4646.08 4646.08
1740 4646.08 4646.08
1741 4646.08 4646.08
1742 4646.08 4646.08
1743 4646.08 4646.08
1744 4646.08 4646.08
1745 4646.08 4646.08
1746 4646.08 4646.08
1747 4646.08 4646.08
1748 4646.08 4646.08
1749 4646.08 4646.08
1750 4646.08 4646.08
1751 4646.08 4646.08
1752 4646.08 4646.08
1753 4646.08 4646.08
1754 4646.08 4646.08
1755 4646.08 4647.85
1756 4646.08 4646.08
1757 4646.08 4646.08
1758 4646.08 4646.08
1759 4646.08 4647.19
1760 4646.08 4646.08
1761 4646.08 4646.08
1762 4646.08 4647.95
1763 4646.08 4646.08
1764 4646.08 4646.08
1765 4646.08 4646.08
1766 4646.08 4646.08
1767 4646.08 4646.08
1768 4646.08 4646.08
1769 4646.08 4669.34
1770 4646.08 4712.43
1771 4646.08 4691.72
1772 4646.08 4661.99
1773 4646.08 4656.82
1774 4646.08 4646.08
1775 4646.08 4658.73
1776 4646.08 4647.69
1777 4646.08 4646.08
1778 4646.08 4646.08
1779 4646.08 4646.08
1780 4646.08 4646.08
1781 4646.08 4646.08
1782 4646.08 4646.08
1783 4646.08 4646.08
1784 4646.08 4646.08
1785 4646.08 4646.08
1786 4646.08 4646.08
1787 4646.08 4646.08
1788 4646.08 4646.08
1789 4646.08 4646.08
1790 4646.08 4646.08
1791 4646.08 4646.08
1792 4646.08 4646.08
1793 4646.08 4646.08
1794 4646.08 4646.08
1795 4646.08 4646.09
1796 4646.08 4646.08
1797 4646.08 4646.08
1798 4646.08 4646.08
1799 4646.08 4646.08
1800 4646.08 4646.08
1801 4646.08 4646.08
1802 4646.08 4646.08
1803 4646.08 4646.08
1804 4646.08 4646.08
1805 4646.08 4646.08
1806 4646.08 4646.08
1807 4646.08 4646.08
1808 4646.08 4646.08
1809 4646.08 4646.08
1810 4646.08 4646.08
1811 4646.08 4646.08
1812 4646.08 4646.08
1813 4646.08 4646.08
1814 4646.08 4650.01
1815 4646.08 4654.11
1816 4646.08 4646.98
1817 4646.08 4656.77
1818 4646.08 4646.13
1819 4646.08 4676.04
1820 4646.08 4647.99
1821 4646.08 4646.08
1822 4646.08 4646.08
1823 4646.08 4646.08
1824 4646.08 4646.08
1825 4646.08 4646.08
1826 4646.08 4646.08
1827 4646.08 4646.08
1828 4646.08 4646.08
1829 4646.08 4647.36
1830 4646.08 4646.08
1831 4646.08 4646.08
1832 4646.08 4646.08
1833 4646.08 4646.08
1834 4646.08 4646.08
1835 4646.08 4646.44
1836 4646.08 4686.73
1837 4646.08 4652.86
1838 4646.08 4657.48
1839 4646.08 4674.24
1840 4646.08 4687.61
1841 4646.08 4686.58
1842 4646.08 4646.08
1843 4646.08 4646.08
1844 4646.08 4646.08
1845 4646.08 4646.08
1846 4646.08 4646.08
1847 4646.08 4646.39
1848 4646.08 4660.15
1849 4646.08 4660.29
1850 4646.08 4646.08
1851 4646.08 4646.08
1852 4646.08 4646.08
1853 4646.08 4646.08
1854 4646.08 4646.08
1855 4646.08 4646.08
1856 4646.08 4646.08
1857 4646.08 4646.08
1858 4646.08 4646.08
1859 4646.08 4646.08
1860 4646.08 4646.08
1861 4646.08 4646.08
1862 4646.08 4646.08
1863 4646.08 4646.08
1864 4646.08 4646.73
1865 4646.08 4646.08
1866 4646.08 4668.7
1867 4646.08 4690.76
1868 4646.08 4651.7
1869 4646.08 4650.93
1870 4646.08 4646.08
1871 4646.08 4646.08
1872 4646.08 4646.08
1873 4646.08 4646.08
1874 4646.08 4646.08
1875 4646.08 4646.08
1876 4646.08 4646.08
1877 4646.08 4646.08
1878 4646.08 4646.08
1879 4646.08 4646.08
1880 4646.08 4646.08
1881 4646.08 4646.08
1882 4646.08 4646.08
1883 4646.08 4646.08
1884 4646.08 4646.08
1885 4646.08 4646.08
1886 4646.08 4646.08
1887 4646.08 4646.08
1888 4646.08 4646.08
1889 4646.08 4646.08
1890 4646.08 4646.08
1891 4646.08 4646.08
1892 4646.08 4646.08
1893 4646.08 4646.08
1894 4646.08 4646.08
1895 4646.08 4646.08
1896 4646.08 4646.08
1897 4646.08 4646.08
1898 4646.08 4666.39
1899 4646.08 4646.08
1900 4646.08 4646.08
1901 4646.08 4646.08
1902 4646.08 4646.08
1903 4646.08 4646.08
1904 4646.08 4646.08
1905 4646.08 4646.08
1906 4646.08 4646.08
1907 4646.08 4646.08
1908 4646.08 4646.08
1909 4646.08 4653.43
1910 4646.08 4695.56
1911 4646.08 4673.12
1912 4646.08 4650.29
1913 4646.08 4646.08
1914 4646.08 4646.08
1915 4646.08 4646.08
1916 4646.08 4646.08
1917 4646.08 4646.08
1918 4646.08 4646.08
1919 4646.08 4646.08
1920 4646.08 4646.08
1921 4646.08 4646.08
1922 4646.08 4646.08
1923 4646.08 4646.08
1924 4646.08 4646.08
1925 4646.08 4646.08
1926 4646.08 4646.08
1927 4646.08 4646.08
1928 4646.08 4646.08
1929 4646.08 4646.08
1930 4646.08 4646.08
1931 4646.08 4646.08
1932 4646.08 4646.08
1933 4646.08 4646.08
1934 4646.08 4646.08
1935 4646.08 4646.08
1936 4646.08 4646.08
1937 4646.08 4646.08
1938 4646.08 4646.08
1939 4646.08 4646.08
1940 4646.08 4646.08
1941 4646.08 4646.08
1942 4646.08 4646.08
1943 4646.08 4646.08
1944 4646.08 4652.53
1945 4646.08 4646.08
1946 4646.08 4646.08
1947 4646.08 4646.08
1948 4646.08 4646.08
1949 4646.08 4646.08
1950 4646.08 4646.08
1951 4646.08 4646.08
1952 4646.08 4646.08
1953 4646.08 4646.08
1954 4646.08 4646.08
1955 4646.08 4646.08
1956 4646.08 4646.08
1957 4646.08 4646.08
1958 4646.08 4646.08
1959 4646.08 4646.08
1960 4646.08 4646.08
1961 4646.08 4646.08
1962 4646.08 4646.08
1963 4646.08 4646.08
1964 4646.08 4646.08
1965 4646.08 4646.08
1966 4646.08 4646.08
1967 4646.08 4646.08
1968 4646.08 4646.08
1969 4646.08 4646.08
1970 4646.08 4646.08
1971 4646.08 4646.08
1972 4646.08 4646.08
1973 4646.08 4646.08
1974 4646.08 4646.08
1975 4646.08 4646.08
1976 4646.08 4646.08
1977 4646.08 4646.08
1978 4646.08 4646.08
1979 4646.08 4646.08
1980 4646.08 4646.08
1981 4646.08 4646.08
1982 4646.08 4646.08
1983 4646.08 4646.08
1984 4646.08 4646.08
1985 4646.08 4646.08
1986 4646.08 4646.08
1987 4646.08 4648.86
1988 4646.08 4646.08
1989 4646.08 4646.08
1990 4646.08 4646.08
1991 4646.08 4646.29
1992 4646.08 4646.08
1993 4646.08 4646.08
1994 4646.08 4646.46
1995 4646.08 4646.33
1996 4646.08 4646.51
1997 4646.08 4646.08
1998 4646.08 4646.08
1999 4646.08 4646.08
2000 4646.08 4650.85
2001 4646.08 4646.08
2002 4646.08 4646.08
2003 4646.08 4646.08
2004 4646.08 4646.08
2005 4646.08 4646.08
2006 4646.08 4646.08
2007 4646.08 4646.08
2008 4646.08 4646.08
2009 4646.08 4646.08
2010 4646.08 4646.08
2011 4646.08 4646.08
2012 4646.08 4646.08
2013 4646.08 4646.08
2014 4646.08 4647.62
2015 4646.08 4671.9
2016 4646.08 4665.87
2017 4646.08 4654.48
2018 4646.08 4647.02
2019 4646.08 4647.42
2020 4646.08 4646.08
2021 4646.08 4652.94
2022 4646.08 4646.08
2023 4646.08 4646.08
2024 4646.08 4646.08
2025 4646.08 4646.08
2026 4646.08 4646.08
2027 4646.08 4646.08
2028 4646.08 4646.08
2029 4646.08 4646.08
2030 4646.08 4646.08
2031 4646.08 4646.08
2032 4646.08 4646.08
2033 4646.08 4646.08
2034 4646.08 4646.08
2035 4646.08 4646.08
2036 4646.08 4646.08
2037 4646.08 4646.08
2038 4646.08 4646.08
2039 4646.08 4646.08
2040 4646.08 4646.08
2041 4646.08 4646.08
2042 4646.08 4646.08
2043 4646.08 4646.08
2044 4646.08 4646.08
2045 4646.08 4646.08
2046 4646.08 4646.08
2047 4646.08 4646.08
2048 4646.08 4646.08
2049 4646.08 4646.08
2050 4646.08 4646.08
2051 4646.08 4646.08
2052 4646.08 4646.08
2053 4646.08 4646.08
2054 4646.08 4646.08
2055 4646.08 4646.08
2056 4646.08 4646.08
2057 4646.08 4646.08
2058 4646.08 4646.08
2059 4646.08 4646.08
2060 4646.08 4646.08
2061 4646.08 4646.08
2062 4646.08 4646.08
2063 4646.08 4646.08
2064 4646.08 4646.08
2065 4646.08 4646.08
2066 4646.08 4646.08
2067 4646.08 4646.08
2068 4646.08 4646.08
2069 4646.08 4646.08
2070 4646.08 4646.08
2071 4646.08 4646.08
2072 4646.08 4646.08
2073 4646.08 4646.08
2074 4646.08 4646.08
2075 4646.08 4646.08
2076 4646.08 4646.08
2077 4646.08 4646.08
2078 4646.08 4646.08
2079 4646.08 4646.08
2080 4646.08 4646.08
2081 4646.08 4646.48
2082 4646.08 4646.08
2083 4646.08 4646.08
2084 4646.08 4646.08
2085 4646.08 4646.08
2086 4646.08 4646.08
2087 4646.08 4646.08
2088 4646.08 4646.08
2089 4646.08 4646.08
2090 4646.08 4646.08
2091 4646.08 4646.08
2092 4646.08 4646.08
2093 4646.08 4646.08
2094 4646.08 4646.08
2095 4646.08 4646.08
2096 4646.08 4646.08
2097 4646.08 4646.08
2098 4646.08 4646.08
2099 4646.08 4646.08
2100 4646.08 4646.08
2101 4646.08 4646.08
2102 4646.08 4646.08
2103 4646.08 4646.08
2104 4646.08 4646.08
2105 4646.08 4646.08
2106 4646.08 4646.08
2107 4646.08 4646.08
2108 4646.08 4646.08
2109 4646.08 4653.55
2110 4646.08 4649.47
2111 4646.08 4646.19
2112 4646.08 4646.08
2113 4646.08 4646.08
2114 4646.08 4646.08
2115 4646.08 4646.2
2116 4646.08 4650.62
2117 4646.08 4646.08
2118 4646.08 4646.08
2119 4646.08 4646.08
2120 4646.08 4646.08
2121 4646.08 4646.08
2122 4646.08 4646.08
2123 4646.08 4646.08
2124 4646.08 4646.08
2125 4646.08 4647.15
2126 4646.08 4646.08
2127 4646.08 4646.08
2128 4646.08 4646.08
2129 4646.08 4646.08
2130 4646.08 4646.08
2131 4646.08 4646.08
2132 4646.08 4646.08
2133 4646.08 4646.08
2134 4646.08 4646.08
2135 4646.08 4646.08
2136 4646.08 4646.08
2137 4646.08 4646.08
2138 4646.08 4646.08
2139 4646.08 4646.08
2140 4646.08 4646.08
2141 4646.08 4646.08
2142 4646.08 4646.08
2143 4646.08 4647.29
2144 4646.08 4646.08
2145 4646.08 4646.08
2146 4646.08 4646.08
2147 4646.08 4646.08
2148 4646.08 4646.08
2149 4646.08 4646.08
2150 4646.08 4646.08
2151 4646.08 4646.08
2152 4646.08 4646.08
2153 4646.08 4646.08
2154 4646.08 4646.08
2155 4646.08 4646.08
2156 4646.08 4646.08
2157 4646.08 4646.08
2158 4646.08 4646.08
2159 4646.08 4646.08
2160 4646.08 4647.3
2161 4646.08 4646.08
2162 4646.08 4665.89
2163 4646.08 4646.08
2164 4646.08 4647.92
2165 4646.08 4648.27
2166 4646.08 4646.08
2167 4646.08 4646.08
2168 4646.08 4646.08
2169 4646.08 4646.08
2170 4646.08 4646.08
2171 4646.08 4646.08
2172 4646.08 4646.08
2173 4646.08 4646.08
2174 4646.08 4646.08
2175 4646.08 4646.08
2176 4646.08 4646.08
2177 4646.08 4646.08
2178 4646.08 4646.08
2179 4646.08 4646.08
2180 4646.08 4646.08
2181 4646.08 4646.08
2182 4646.08 4646.08
2183 4646.08 4646.08
2184 4646.08 4646.08
2185 4646.08 4646.08
2186 4646.08 4646.08
2187 4646.08 4646.08
2188 4646.08 4646.08
2189 4646.08 4646.08
2190 4646.08 4646.08
2191 4646.08 4646.08
2192 4646.08 4646.08
2193 4646.08 4646.08
2194 4646.08 4646.08
2195 4646.08 4646.08
2196 4646.08 4646.08
2197 4646.08 4646.08
2198 4646.08 4646.08
2199 4646.08 4646.08
2200 4646.08 4650.59
2201 4646.08 4646.08
2202 4646.08 4646.08
2203 4646.08 4646.08
2204 4646.08 4646.08
2205 4646.08 4646.08
2206 4646.08 4646.08
2207 4646.08 4646.08
2208 4646.08 4646.08
2209 4646.08 4646.08
2210 4646.08 4646.08
2211 4646.08 4646.08
2212 4646.08 4646.08
2213 4646.08 4646.08
2214 4646.08 4646.08
2215 4646.08 4646.08
2216 4646.08 4646.08
2217 4646.08 4646.08
2218 4646.08 4646.08
2219 4646.08 4646.08
2220 4646.08 4646.08
2221 4646.08 4646.08
2222 4646.08 4646.08
2223 4646.08 4646.08
2224 4646.08 4646.08
2225 4646.08 4646.08
2226 4646.08 4646.08
2227 4646.08 4646.08
2228 4646.08 4646.08
2229 4646.08 4646.08
2230 4646.08 4646.08
2231 4646.08 4646.08
2232 4646.08 4646.08
2233 4646.08 4646.08
2234 4646.08 4646.08
2235 4646.08 4646.08
2236 4646.08 4646.08
2237 4646.08 4646.08
2238 4646.08 4646.08
2239 4646.08 4646.08
2240 4641.37 4646.03
2241 4641.37 4645.85
2242 4641.37 4645.09
2243 4641.37 4643.82
2244 4641.37 4642.83
2245 4641.37 4660.67
2246 4641.37 4643.38
2247 4641.37 4642.43
2248 4641.37 4641.61
2249 4641.37 4641.37
2250 4641.37 4641.37
2251 4641.37 4641.37
2252 4641.37 4641.37
2253 4641.37 4641.37
2254 4641.37 4644.45
2255 4641.37 4641.37
2256 4641.37 4641.82
2257 4641.37 4641.37
2258 4641.37 4641.37
2259 4641.37 4641.37
2260 4641.37 4641.37
2261 4641.37 4641.37
2262 4641.37 4641.37
2263 4641.37 4656.93
2264 4641.37 4641.37
2265 4641.37 4641.37
2266 4641.37 4641.37
2267 4641.37 4641.37
2268 4641.37 4641.37
2269 4641.37 4641.37
2270 4641.37 4641.37
2271 4641.37 4641.37
2272 4641.37 4641.37
2273 4641.37 4641.37
2274 4641.37 4641.37
2275 4641.37 4641.37
2276 4641.37 4643.16
2277 4641.37 4641.37
2278 4641.37 4641.37
2279 4641.37 4641.37
2280 4641.37 4641.37
2281 4641.37 4641.37
2282 4641.37 4641.37
2283 4641.37 4641.37
2284 4641.37 4641.37
2285 4641.37 4641.37
2286 4641.37 4641.37
2287 4641.37 4641.37
2288 4641.37 4641.37
2289 4641.37 4641.37
2290 4641.37 4641.37
2291 4641.37 4641.37
2292 4641.37 4641.37
2293 4641.37 4641.37
2294 4641.37 4641.37
2295 4641.37 4641.37
2296 4641.37 4641.37
2297 4641.37 4645.5
2298 4641.37 4645.75
2299 4641.37 4641.57
2300 4641.37 4645.7
2301 4641.37 4642.55
2302 4641.37 4674.34
2303 4641.37 4667.56
2304 4641.37 4667.06
2305 4641.37 4692.92
2306 4641.37 4742.62
2307 4641.37 4657.67
2308 4641.37 4703
2309 4641.37 4644.1
2310 4641.37 4641.37
2311 4641.37 4641.37
2312 4641.37 4641.37
2313 4641.37 4641.37
2314 4641.37 4641.37
2315 4641.37 4641.37
2316 4641.37 4641.37
2317 4641.37 4641.37
2318 4641.37 4641.37
2319 4641.37 4641.37
2320 4641.37 4641.37
2321 4641.37 4641.37
2322 4641.37 4641.37
2323 4641.37 4641.37
2324 4641.37 4642.49
2325 4641.37 4641.37
2326 4641.37 4641.37
2327 4641.37 4641.37
2328 4641.37 4641.37
2329 4641.37 4661.6
2330 4641.37 4655.25
2331 4641.37 4651.35
2332 4641.37 4660.9
2333 4641.37 4681.37
2334 4641.37 4697.75
2335 4641.37 4695.58
2336 4641.37 4659.17
2337 4641.37 4641.37
2338 4641.37 4641.37
2339 4641.37 4641.37
2340 4641.37 4641.37
2341 4641.37 4641.37
2342 4641.37 4641.37
2343 4641.37 4641.37
2344 4641.37 4641.37
2345 4641.37 4641.37
2346 4641.37 4641.37
2347 4641.37 4641.37
2348 4641.37 4642.6
2349 4641.37 4641.37
2350 4641.37 4641.37
2351 4641.37 4641.37
2352 4641.37 4641.37
2353 4641.37 4641.37
2354 4641.37 4641.37
2355 4641.37 4641.37
2356 4641.37 4641.37
2357 4641.37 4641.37
2358 4641.37 4641.37
2359 4641.37 4641.37
2360 4641.37 4641.37
2361 4641.37 4641.37
2362 4641.37 4641.37
2363 4641.37 4641.37
2364 4641.37 4641.37
2365 4641.37 4641.37
2366 4641.37 4641.45
2367 4641.37 4641.37
2368 4641.37 4643.19
2369 4641.37 4642.17
2370 4641.37 4641.37
2371 4641.37 4641.37
2372 4641.37 4641.37
2373 4641.37 4641.37
2374 4641.37 4641.37
2375 4641.37 4641.37
2376 4641.37 4642.2
2377 4641.37 4649.14
2378 4641.37 4641.37
2379 4641.37 4641.37
2380 4641.37 4641.37
2381 4641.37 4641.37
2382 4641.37 4641.37
2383 4641.37 4641.37
2384 4641.37 4642.5
2385 4641.37 4641.37
2386 4641.37 4641.37
2387 4641.37 4641.37
2388 4641.37 4641.37
2389 4641.37 4641.37
2390 4641.37 4641.37
2391 4641.37 4641.37
2392 4641.37 4641.37
2393 4641.37 4641.37
2394 4641.37 4641.37
2395 4641.37 4641.37
2396 4641.37 4641.37
2397 4641.37 4641.37
2398 4641.37 4641.37
2399 4641.37 4641.37
2400 4641.37 4641.37
2401 4641.37 4641.37
2402 4641.37 4641.37
2403 4641.37 4641.37
2404 4641.37 4641.37
2405 4641.37 4641.37
2406 4641.37 4641.37
2407 4641.37 4641.37
2408 4641.37 4641.37
2409 4641.37 4641.37
2410 4641.37 4655.12
2411 4641.37 4665.87
2412 4641.37 4661.44
2413 4641.37 4646.7
2414 4641.37 4641.87
2415 4641.37 4644.02
2416 4641.37 4646.37
2417 4641.37 4645.87
2418 4641.37 4667.28
2419 4641.37 4643.43
2420 4641.37 4641.37
2421 4641.37 4641.37
2422 4641.37 4641.37
2423 4641.37 4641.37
2424 4641.37 4641.37
2425 4641.37 4641.37
2426 4641.37 4641.37
2427 4641.37 4641.37
2428 4641.37 4641.37
2429 4641.37 4641.37
2430 4641.37 4641.37
2431 4641.37 4641.37
2432 4641.37 4641.37
2433 4641.37 4641.37
2434 4641.37 4641.37
2435 4641.37 4641.37
2436 4641.37 4641.37
2437 4641.37 4641.37
2438 4641.37 4641.37
2439 4641.37 4641.37
2440 4641.37 4641.37
2441 4641.37 4641.37
2442 4641.37 4641.37
2443 4641.37 4641.37
2444 4641.37 4641.37
2445 4641.37 4643.46
2446 4641.37 4728.66
2447 4641.37 4676.48
2448 4641.37 4655.79
2449 4641.37 4645.82
2450 4641.37 4668.41
2451 4641.37 4649.51
2452 4641.37 4641.37
2453 4641.37 4641.37
2454 4641.37 4641.37
2455 4641.37 4642.04
2456 4641.37 4641.37
2457 4641.37 4641.84
2458 4641.37 4641.37
2459 4641.37 4641.37
2460 4641.37 4641.37
2461 4641.37 4641.37
2462 4641.37 4641.37
2463 4641.37 4641.37
2464 4641.37 4646.25
2465 4641.37 4676.13
2466 4641.37 4641.37
2467 4641.37 4641.37
2468 4641.37 4666.25
2469 4641.37 4700.2
2470 4641.37 4641.37
2471 4641.37 4641.37
2472 4641.37 4641.37
2473 4641.37 4641.37
2474 4641.37 4641.37
2475 4641.37 4641.37
2476 4641.37 4641.37
2477 4641.37 4641.37
2478 4641.37 4641.37
2479 4641.37 4641.37
2480 4641.37 4641.37
2481 4641.37 4641.37
2482 4641.37 4641.37
2483 4641.37 4641.37
2484 4641.37 4641.37
2485 4641.37 4641.37
2486 4641.37 4641.37
2487 4641.37 4641.37
2488 4641.37 4641.37
2489 4641.37 4641.37
2490 4641.37 4641.37
2491 4641.37 4641.37
2492 4641.37 4641.37
2493 4641.37 4641.37
2494 4641.37 4641.37
2495 4641.37 4641.37
2496 4641.37 4641.37
2497 4641.37 4641.37
2498 4641.37 4641.37
2499 4641.37 4641.37
