0 887.64 996.857
1 880.321 950.819
2 825.924 942.416
3 808.963 908.755
4 787.815 876.225
5 742.375 856.988
6 742.375 832.96
7 735.075 805.633
8 722.662 790.405
9 696.759 779.502
10 697.752 774.113
11 683.646 746.432
12 665.227 727.768
13 648.987 714.839
14 647.109 706.288
15 629.164 683.364
16 588.575 672.353
17 588.575 651.871
18 578.95 622.966
19 562.849 595.752
20 556.648 586.574
21 536.152 581.342
22 536.383 573.708
23 527.796 565.711
24 526.981 558.816
25 524.497 550.189
26 515.761 541.893
27 497.562 540.578
28 497.562 534.7
29 495.646 529.023
30 495.646 521.239
31 477.065 513.136
32 474.828 508.423
33 470.929 507.76
34 467.077 504.28
35 467.077 497.17
36 467.077 484.419
37 456.291 475.971
38 456.291 469.967
39 451.82 463.618
40 449.27 458.381
41 449.27 453.742
42 449.27 451.206
43 449.27 449.825
44 444.904 449.294
45 444.904 448.933
46 441.131 448.303
47 441.131 447.772
48 439.762 445.863
49 435.661 442.146
50 435.661 440.052
51 430.839 438.215
52 430.839 436.646
53 425.368 434.41
54 425.368 431.635
55 425.368 427.167
56 425.368 425.368
57 425.368 425.368
58 425.368 425.368
59 424.901 425.364
60 424.901 425.35
61 424.901 425.28
62 424.823 425.16
63 413.627 424.771
64 413.627 423.349
65 413.627 421.001
66 409.666 418.504
67 408.829 413.601
68 407.663 411.575
69 407.663 409.695
70 407.663 408.345
71 407.663 407.9
72 404.608 407.605
73 404.608 407.108
74 404.608 406.062
75 404.608 405.068
76 404.608 404.608
77 403.612 404.598
78 403.612 404.528
79 403.612 404.317
80 403.612 404.044
81 403.542 403.836
82 403.328 403.608
83 402.831 403.537
84 402.547 403.401
85 402.547 403.167
86 402.547 402.82
87 402.547 402.607
88 401.901 402.541
89 401.901 402.483
90 401.901 402.332
91 401.673 402.068
92 401.673 401.958
93 401.673 401.898
94 399.655 402.188
95 399.655 405.832
96 399.655 412.579
97 399.655 412.459
98 399.655 415.164
99 399.655 413.006
100 399.655 406.835
101 399.655 402.716
102 399.655 404.201
103 399.655 401.373
104 386.897 400.948
105 386.791 398.578
106 386.791 395.232
107 385.614 392.22
108 382.709 389.63
109 382.709 387.74
110 374.836 385.927
111 374.836 383.222
112 372.313 380.367
113 370.625 377.271
114 370.625 374.932
115 370.625 372.912
116 370.625 371.622
117 370.254 370.929
118 370.254 370.761
119 369.937 370.563
120 369.566 370.393
121 369.566 370.146
122 369.566 369.787
123 369.566 369.673
124 369.566 369.618
125 369.566 369.566
126 369.566 369.566
127 369.566 369.566
128 369.566 369.566
129 369.566 369.566
130 369.566 369.566
131 369.566 369.566
132 369.566 369.566
133 369.566 369.566
134 369.566 369.566
135 369.566 369.566
136 368.355 369.553
137 368.355 369.487
138 366.413 369.403
139 361.396 368.909
140 361.396 370.016
141 359.703 366.94
142 359.703 364.23
143 359.15 361.182
144 359.15 359.681
145 358.607 359.427
146 358.054 359.101
147 358.054 358.795
148 358.054 358.573
149 358.054 358.216
150 357.258 358.046
151 357.258 357.998
152 357.258 357.821
153 357.258 357.565
154 357.258 357.353
155 357.258 357.258
156 347.861 357.164
157 347.861 356.882
158 346.682 355.489
159 346.682 352.341
160 346.682 349.575
161 346.682 347.048
162 346.682 346.871
163 346.682 346.682
164 346.682 346.682
165 346.682 346.682
166 346.682 346.682
167 346.682 346.682
168 346.682 346.682
169 346.682 346.682
170 346.682 346.682
171 346.682 346.682
172 346.682 346.682
173 346.682 346.682
174 346.682 346.682
175 346.682 346.682
176 346.682 346.682
177 345.092 346.666
178 345.092 346.61
179 345.092 346.364
180 345.092 345.855
181 345.092 345.474
182 345.092 345.092
183 345.092 345.092
184 344.518 345.086
185 344.518 345.018
186 344.518 344.868
187 344.518 344.673
188 344.518 344.518
189 344.518 344.518
190 344.518 344.518
191 344.518 344.518
192 344.518 344.518
193 344.518 344.518
194 341.285 344.486
195 340.711 344.135
196 340.711 343.368
197 340.711 342.069
198 334.144 340.879
199 334.144 340.43
200 334.144 340.355
201 330.827 340.111
202 330.827 336.326
203 330.827 334.331
204 330.827 332.249
205 330.827 330.869
206 330.827 330.827
207 330.827 330.827
208 330.827 330.827
209 330.827 330.827
210 328.463 330.803
211 328.463 330.732
212 328.463 330.367
213 328.463 329.763
214 328.463 329.385
215 328.463 329.077
216 328.463 328.864
217 328.463 328.499
218 328.463 328.485
219 328.463 328.463
220 328.463 328.463
221 328.463 328.463
222 328.463 328.463
223 328.463 328.463
224 328.463 328.463
225 328.463 328.463
226 328.463 328.463
227 328.463 328.463
228 328.463 328.463
229 328.463 328.463
230 328.463 328.463
231 328.463 328.463
232 328.463 328.463
233 327.944 328.457
234 327.944 328.416
235 318.958 328.16
236 318.958 326.719
237 318.958 325.596
238 318.958 322.853
239 313.95 319.859
240 313.95 319.212
241 316.347 319.533
242 316.347 320.001
243 316.347 319.646
244 316.347 318.237
245 316.347 316.44
246 316.347 316.347
247 316.347 316.347
248 316.347 316.347
249 316.347 316.347
250 316.347 316.347
251 316.347 316.347
252 311.719 316.3
253 311.719 315.729
254 311.719 314.782
255 311.719 313.023
256 311.719 311.719
257 308.01 311.671
258 304.869 311.499
259 304.869 311.1
260 304.869 309.976
261 304.869 307.463
262 303.83 305.376
263 301.549 304.732
264 300.51 304.271
265 300.51 303.293
266 300.51 301.959
267 300.51 300.964
268 300.51 300.697
269 300.51 300.51
270 300.51 300.51
271 300.51 300.51
272 300.51 300.51
273 300.51 300.51
274 300.51 300.51
275 300.51 300.51
276 300.51 300.51
277 300.51 300.51
278 300.51 300.51
279 300.51 300.51
280 300.51 300.51
281 300.51 300.51
282 300.51 300.51
283 300.51 300.51
284 300.51 300.51
285 300.51 300.51
286 300.51 300.51
287 300.51 300.51
288 300.51 300.51
289 300.51 300.51
290 300.51 300.51
291 299.872 300.503
292 299.636 300.412
293 299.636 300.24
294 298.065 299.964
295 298.065 299.434
296 298.065 298.85
297 298.065 298.285
298 298.065 298.065
299 298.065 298.065
300 298.065 298.065
301 298.065 298.065
302 298.065 298.065
303 298.065 298.065
304 298.065 298.065
305 298.065 298.065
306 298.065 298.065
307 298.065 298.065
308 298.065 298.065
309 298.065 298.065
310 298.065 298.065
311 297.732 298.062
312 297.732 298.052
313 297.732 298.015
314 295.619 297.896
315 295.619 297.593
316 295.619 296.956
317 295.619 296.587
318 295.619 295.994
319 295.619 295.712
320 295.619 295.619
321 295.619 295.619
322 292.475 295.588
323 292.475 295.274
324 292.475 294.487
325 292.475 293.796
326 292.475 292.947
327 292.475 292.475
328 292.475 292.475
329 292.475 292.475
330 292.475 292.475
331 292.475 292.475
332 292.475 292.475
333 292.475 292.475
334 292.475 292.475
335 292.475 292.475
336 292.475 292.475
337 292.475 292.475
338 292.475 292.475
339 292.475 292.475
340 292.475 292.475
341 292.475 292.475
342 292.475 292.475
343 292.475 292.475
344 292.475 292.475
345 292.475 292.475
346 292.475 292.475
347 292.475 292.475
348 292.475 292.475
349 292.475 292.475
350 292.475 292.475
351 292.475 292.475
352 292.475 292.475
353 292.475 292.475
354 292.475 292.475
355 292.475 292.475
356 292.475 292.475
357 292.475 292.475
358 292.475 292.475
359 292.475 292.475
360 292.475 292.475
361 292.475 292.475
362 292.206 292.472
363 292.206 292.448
364 291.197 292.387
365 291.197 292.13
366 291.197 291.775
367 291.197 291.396
368 291.197 291.203
369 291.197 291.197
370 291.197 291.197
371 291.197 291.197
372 291.197 291.197
373 291.197 291.197
374 291.197 291.197
375 291.197 291.197
376 291.197 291.197
377 291.197 291.197
378 291.197 291.197
379 291.197 291.197
380 291.197 291.197
381 291.197 291.197
382 291.197 291.197
383 291.197 291.197
384 291.197 291.197
385 291.197 291.197
386 291.197 291.197
387 291.197 291.197
388 291.197 291.197
389 291.197 291.197
390 291.197 291.197
391 291.197 291.197
392 291.197 291.197
393 291.197 291.197
394 289.73 291.183
395 289.73 291.021
396 289.73 290.955
397 289.73 290.559
398 289.73 290.244
399 289.73 289.774
400 289.73 289.73
401 289.73 289.73
402 288.36 289.716
403 288.36 289.593
404 288.36 289.292
405 288.36 288.607
406 288.36 288.36
407 288.36 288.36
408 288.36 288.36
409 288.36 288.36
410 288.36 288.36
411 288.36 288.36
412 288.36 288.36
413 288.147 288.358
414 288.147 288.328
415 288.147 288.277
416 288.147 288.162
417 288.147 288.147
418 288.147 288.147
419 288.147 288.147
420 288.147 288.147
421 288.147 288.147
422 288.147 288.147
423 288.147 288.147
424 288.147 288.147
425 288.147 288.147
426 288.147 288.147
427 288.147 288.147
428 288.147 288.147
429 288.147 288.147
430 288.147 288.147
431 288.147 288.147
432 288.147 288.147
433 288.147 288.147
434 288.147 288.147
435 288.147 288.147
436 288.147 288.147
437 288.147 288.147
438 288.147 288.147
439 288.147 288.147
440 288.147 288.147
441 288.147 288.147
442 288.147 288.147
443 288.147 288.147
444 288.147 288.147
445 288.147 288.147
446 288.147 288.147
447 288.147 288.147
448 288.147 288.147
449 288.147 288.147
450 288.147 288.147
451 288.147 288.147
452 288.147 288.147
453 288.147 288.147
454 288.147 288.147
455 288.147 288.147
456 288.147 288.147
457 288.147 288.147
458 288.147 288.147
459 288.147 288.147
460 288.147 288.147
461 288.147 288.147
462 288.147 288.147
463 288.147 288.147
464 288.147 288.147
465 288.147 288.147
466 288.147 288.147
467 288.147 288.147
468 288.147 288.147
469 288.147 288.147
470 288.147 288.147
471 288.147 288.147
472 288.11 288.146
473 288.11 288.143
474 288.11 288.131
475 288.11 288.121
476 288.11 288.112
477 288.11 288.11
478 288.11 288.11
479 288.11 288.11
480 288.11 288.11
481 288.11 288.11
482 288.11 288.11
483 288.11 288.11
484 288.11 288.11
485 288.11 288.11
486 288.11 288.11
487 288.11 288.11
488 288.11 288.11
489 286.008 288.089
490 286.008 288.005
491 286.008 287.989
492 286.008 287.858
493 286.008 288.068
494 284.873 288.811
495 278.702 287.192
496 278.702 286.791
497 278.702 285.593
498 278.702 283.988
499 278.702 282.742
500 278.702 281.76
501 278.702 280.388
502 278.702 279.677
503 278.702 279.746
504 278.702 279.236
505 278.702 278.702
506 278.702 278.702
507 278.702 278.702
508 278.702 278.702
509 278.702 278.702
510 278.702 278.702
511 278.702 278.702
512 278.702 278.702
513 278.702 278.702
514 278.702 278.702
515 278.702 278.702
516 278.702 278.702
517 278.702 278.702
518 278.702 278.702
519 278.702 278.702
520 278.702 278.702
521 278.702 278.702
522 278.702 278.702
523 278.702 278.702
524 278.702 278.702
525 278.702 278.702
526 278.702 278.702
527 278.702 278.702
528 278.702 278.702
529 278.702 278.702
530 278.702 278.702
531 278.702 278.702
532 278.702 278.702
533 278.702 278.702
534 278.702 278.702
535 278.702 278.702
536 278.702 278.702
537 278.702 278.702
538 278.702 278.702
539 278.702 278.702
540 278.702 278.702
541 278.702 278.702
542 278.702 278.702
543 278.702 278.702
544 278.702 278.702
545 278.702 278.702
546 278.702 278.702
547 278.702 278.702
548 278.702 278.702
549 278.702 278.702
550 278.702 278.702
551 278.702 278.702
552 278.702 278.702
553 278.702 278.702
554 278.702 278.702
555 278.702 278.702
556 278.702 278.702
557 278.702 278.702
558 278.702 278.702
559 278.702 278.702
560 278.702 278.702
561 278.702 278.702
562 278.702 278.702
563 278.702 278.702
564 278.702 278.702
565 278.702 278.702
566 278.702 278.702
567 278.702 278.702
568 278.702 278.702
569 278.702 278.702
570 278.702 278.702
571 278.702 278.702
572 278.702 278.702
573 278.702 278.702
574 278.702 278.702
575 278.702 278.702
576 278.702 278.702
577 278.702 278.702
578 278.702 278.702
579 278.702 278.702
580 278.702 278.702
581 278.702 278.702
582 278.702 278.702
583 278.702 278.702
584 278.702 278.702
585 278.702 278.702
586 278.702 278.702
587 278.702 278.702
588 278.702 278.702
589 278.702 278.702
590 278.702 278.702
591 278.702 278.702
592 278.702 278.702
593 278.702 278.702
594 278.702 278.702
595 278.702 278.702
596 273.54 278.65
597 273.54 278.186
598 273.54 277.307
599 273.54 275.119
600 273.54 275.425
601 273.54 273.54
602 273.54 273.54
603 273.54 273.54
604 273.54 273.54
605 273.54 273.54
606 273.54 273.54
607 273.54 273.54
608 273.54 273.54
609 273.54 273.54
610 273.54 273.54
611 273.54 273.54
612 273.54 273.54
613 273.54 273.54
614 273.54 273.54
615 273.54 273.54
616 273.54 273.54
617 273.54 273.54
618 273.54 273.54
619 273.54 273.54
620 273.54 273.54
621 273.54 273.54
622 273.54 273.54
623 273.54 273.54
624 273.54 273.54
625 273.54 273.54
626 273.54 273.54
627 273.54 273.54
628 273.54 273.54
629 273.54 273.54
630 273.54 273.54
631 273.54 273.54
632 273.54 273.54
633 273.54 273.54
634 273.54 273.54
635 273.54 273.54
636 273.54 273.54
637 273.54 273.54
638 273.54 273.54
639 273.54 273.54
640 273.54 273.54
641 273.54 273.54
642 273.54 273.54
643 273.54 273.54
644 273.54 273.54
645 273.54 273.54
646 273.54 273.54
647 273.54 273.54
648 273.54 273.54
649 273.54 273.54
650 273.54 273.54
651 273.54 273.54
652 273.54 273.54
653 273.54 273.54
654 273.54 273.54
655 273.54 273.54
656 273.54 273.54
657 273.54 273.54
658 273.54 273.54
659 273.54 273.54
660 273.54 273.54
661 273.54 273.54
662 273.54 273.54
663 273.54 273.54
664 273.54 273.54
665 273.54 273.54
666 273.54 273.54
667 273.54 273.54
668 273.54 273.54
669 273.54 273.54
670 273.54 273.54
671 273.54 273.54
672 273.54 273.54
673 273.54 273.54
674 273.54 273.54
675 273.54 273.54
676 273.54 273.54
677 273.54 273.54
678 273.54 273.54
679 273.54 273.54
680 273.54 273.54
681 273.54 273.54
682 273.54 273.54
683 273.54 273.54
684 273.54 273.54
685 273.54 273.54
686 273.54 273.54
687 273.54 273.54
688 273.54 273.54
689 273.54 273.54
690 273.54 273.54
691 273.54 273.54
692 273.54 273.54
693 273.54 273.54
694 273.54 273.54
695 273.54 273.54
696 273.54 273.54
697 273.54 273.54
698 273.54 273.54
699 273.54 273.54
700 273.54 273.54
701 273.54 273.54
702 273.54 273.54
703 273.54 273.54
704 273.54 273.54
705 273.54 273.54
706 273.54 273.54
707 273.54 273.54
708 273.54 273.54
709 273.54 273.54
710 273.54 273.54
711 273.54 273.54
712 273.54 273.54
713 273.54 273.54
714 273.54 273.54
715 273.54 273.54
716 273.54 273.54
717 273.54 273.54
718 273.54 273.54
719 273.54 273.54
720 273.54 273.54
721 273.54 273.54
722 273.54 273.54
723 273.54 273.54
724 273.54 273.54
725 273.54 273.54
726 273.54 273.54
727 273.54 273.54
728 273.54 273.54
729 273.54 273.54
730 273.54 273.54
731 273.54 273.54
732 273.54 273.54
733 273.54 273.54
734 273.54 273.54
735 273.54 273.54
736 273.54 273.54
737 273.54 273.54
738 273.54 273.54
739 273.54 273.54
740 273.54 273.54
741 273.54 273.54
742 273.54 273.54
743 273.54 273.54
744 273.54 273.54
745 273.54 273.54
746 273.54 273.54
747 273.54 273.54
748 273.54 273.54
749 273.54 273.54
750 273.54 273.54
751 273.54 273.54
752 273.54 273.54
753 273.54 273.54
754 273.54 273.54
755 273.54 273.54
756 273.54 273.54
757 273.54 273.54
758 273.54 273.54
759 273.54 273.54
760 273.54 273.54
761 273.54 273.54
762 273.54 273.54
763 273.54 273.54
764 273.54 273.54
765 273.54 273.54
766 273.54 273.54
767 273.54 273.54
768 273.54 273.54
769 273.54 273.54
770 273.54 273.54
771 273.54 273.54
772 273.54 273.54
773 273.54 273.54
774 273.54 273.54
775 273.54 273.54
776 273.54 273.54
777 273.54 273.54
778 273.54 273.54
779 273.54 273.54
780 273.54 273.54
781 273.54 273.54
782 273.54 273.54
783 273.54 273.54
784 273.54 273.54
785 273.54 273.54
786 273.54 273.54
787 273.54 273.54
788 273.54 273.54
789 273.54 273.54
790 273.54 273.54
791 273.54 273.54
792 273.54 273.54
793 273.54 273.54
794 273.54 273.54
795 273.54 273.54
796 273.54 273.54
797 273.54 273.54
798 273.54 273.54
799 273.54 273.54
800 273.54 273.54
801 273.54 273.54
802 273.54 273.54
803 273.54 273.54
804 273.54 273.54
805 273.54 273.54
806 273.54 273.54
807 273.54 273.54
808 273.54 273.54
809 273.54 273.54
810 273.54 273.54
811 273.54 273.54
812 273.54 273.54
813 273.54 273.54
814 273.54 273.54
815 273.54 273.54
816 273.54 273.54
817 273.54 273.54
818 273.54 273.54
819 273.54 273.54
820 273.54 273.54
821 273.54 273.54
822 273.54 273.54
823 273.54 273.54
824 273.54 273.54
825 273.54 273.54
826 273.54 273.54
827 273.54 273.54
828 273.54 273.54
829 273.54 273.54
830 273.54 273.54
831 273.54 273.54
832 273.54 273.54
833 273.54 273.54
834 273.54 273.54
835 273.54 273.54
836 273.54 273.54
837 273.54 273.54
838 273.54 273.54
839 273.54 273.54
840 273.54 273.54
841 273.54 273.54
842 273.54 273.54
843 273.54 273.54
844 273.54 273.54
845 273.54 273.54
846 273.54 273.54
847 273.54 273.54
848 273.54 273.54
849 273.54 273.54
850 273.54 273.54
851 273.54 273.54
852 273.54 273.54
853 273.54 273.54
854 273.54 273.54
855 273.54 273.54
856 273.54 273.54
857 273.54 273.54
858 273.54 273.54
859 273.54 273.54
860 273.54 273.54
861 273.54 273.54
862 273.54 273.54
863 273.54 273.54
864 273.54 273.54
865 273.54 273.54
866 273.54 273.54
867 273.54 273.54
868 273.54 273.54
869 273.54 273.54
870 273.54 273.54
871 273.54 273.54
872 273.54 273.54
873 273.54 273.54
874 273.54 273.54
875 273.54 273.54
876 273.54 273.54
877 273.54 273.54
878 273.54 273.54
879 273.54 273.54
880 273.54 273.54
881 273.54 273.54
882 273.54 273.54
883 273.54 273.54
884 273.54 273.54
885 273.54 273.54
886 273.54 273.54
887 273.54 273.54
888 273.54 273.54
889 273.54 273.54
890 273.54 273.54
891 273.54 273.54
892 273.54 273.54
893 273.54 273.54
894 273.54 273.54
895 273.54 273.54
896 273.54 273.54
897 273.54 273.54
898 273.54 273.54
899 273.54 273.54
900 273.54 273.54
901 273.54 273.54
902 273.54 273.54
903 273.54 273.54
904 273.54 273.54
905 273.54 273.54
906 273.54 273.54
907 273.54 273.54
908 273.54 273.54
909 273.54 273.54
910 273.54 273.54
911 273.54 273.54
912 273.54 273.54
913 273.54 273.54
914 273.54 273.54
915 273.54 273.54
916 273.54 273.54
917 273.54 273.54
918 273.54 273.54
919 273.54 273.54
920 273.54 273.54
921 273.54 273.54
922 273.54 273.54
923 273.54 273.54
924 273.54 273.54
925 273.54 273.54
926 273.54 273.54
927 273.54 273.54
928 273.54 273.54
929 273.54 273.54
930 273.54 273.54
931 273.54 273.54
932 273.54 273.54
933 273.54 273.54
934 273.54 273.54
935 273.54 273.54
936 273.54 273.54
937 273.54 273.54
938 273.54 273.54
939 273.54 273.54
940 273.54 273.54
941 273.54 273.54
942 273.54 273.54
943 273.54 273.54
944 273.54 273.54
945 273.54 273.54
946 273.54 273.54
947 273.54 273.54
948 273.54 273.54
949 273.54 273.54
950 273.54 273.54
951 273.54 273.54
952 273.54 273.54
953 273.54 273.54
954 273.54 273.54
955 273.54 273.54
956 273.54 273.54
957 273.54 273.54
958 273.54 273.54
959 273.54 273.54
960 273.54 273.54
961 273.54 273.54
962 271.744 273.522
963 271.744 273.289
964 271.744 272.894
965 271.744 272.301
966 271.744 271.924
967 271.744 271.744
968 271.744 271.744
969 271.744 271.744
970 271.744 271.744
971 271.744 271.744
972 271.744 271.744
973 271.744 271.744
974 271.744 271.744
975 271.744 271.744
976 271.744 271.744
977 271.744 271.744
978 271.744 271.744
979 271.744 271.744
980 271.744 271.744
981 271.744 271.744
982 271.744 271.744
983 271.744 271.744
984 271.744 271.744
985 271.744 271.744
986 271.744 271.744
987 271.744 271.744
988 271.744 271.744
989 271.744 271.744
990 271.744 271.744
991 271.744 271.744
992 271.744 271.744
993 271.744 271.744
994 271.744 271.744
995 271.744 271.744
996 271.744 271.744
997 271.744 271.744
998 271.744 271.744
999 271.744 271.744
1000 271.744 271.744
1001 271.744 271.744
1002 271.744 271.744
1003 271.744 271.744
1004 271.744 271.744
1005 271.744 271.744
1006 271.744 271.744
1007 271.744 271.744
1008 271.744 271.744
1009 271.744 271.744
1010 271.744 271.744
1011 271.744 271.744
1012 271.744 271.744
1013 271.744 271.744
1014 271.744 271.744
1015 271.744 271.744
1016 271.744 271.744
1017 271.744 271.744
1018 271.744 271.744
1019 271.744 271.744
1020 271.744 271.744
1021 271.744 271.744
1022 271.744 271.744
1023 271.744 271.744
1024 271.744 271.744
1025 271.744 271.744
1026 271.744 271.744
1027 271.744 271.744
1028 271.744 271.744
1029 271.744 271.744
1030 271.744 271.744
1031 271.744 271.744
1032 271.744 271.744
1033 271.744 271.744
1034 271.744 271.744
1035 271.744 271.744
1036 271.744 271.744
1037 271.744 271.744
1038 271.744 271.744
1039 271.744 271.744
1040 271.744 271.744
1041 271.744 271.744
1042 271.744 271.744
1043 271.744 271.744
1044 271.744 271.744
1045 271.744 271.744
1046 271.744 271.744
1047 271.744 271.744
1048 271.744 271.744
1049 271.744 271.744
1050 271.744 271.744
1051 271.744 271.744
1052 270.63 271.733
1053 270.63 271.644
1054 270.63 271.433
1055 270.63 271.109
1056 270.63 270.853
1057 270.63 270.753
1058 270.63 270.63
1059 270.63 270.63
1060 270.63 270.63
1061 270.63 270.63
1062 270.63 270.63
1063 270.63 270.63
1064 270.63 270.63
1065 270.63 270.63
1066 270.63 270.63
1067 270.63 270.63
1068 270.63 270.63
1069 270.63 270.63
1070 270.63 270.63
1071 270.63 270.63
1072 270.63 270.63
1073 270.63 270.63
1074 270.63 270.63
1075 270.63 270.63
1076 270.63 270.63
1077 270.63 270.63
1078 270.63 270.63
1079 270.63 270.63
1080 270.63 270.63
1081 270.63 270.63
1082 270.63 270.63
1083 270.63 270.63
1084 270.63 270.63
1085 270.63 270.63
1086 270.63 270.63
1087 270.63 270.63
1088 270.63 270.63
1089 270.63 270.63
1090 270.63 270.63
1091 270.63 270.63
1092 270.63 270.63
1093 270.63 270.63
1094 270.63 270.63
1095 270.63 270.63
1096 270.63 270.63
1097 270.63 270.63
1098 270.63 270.63
1099 270.63 270.63
1100 270.63 270.63
1101 270.63 270.63
1102 270.63 270.63
1103 270.63 270.63
1104 270.63 270.63
1105 270.63 270.63
1106 270.63 270.63
1107 270.63 270.63
1108 270.63 270.63
1109 270.63 270.63
1110 270.63 270.63
1111 270.63 270.63
1112 270.63 270.63
1113 270.63 270.63
1114 270.63 270.63
1115 270.63 270.63
1116 270.63 270.63
1117 270.63 270.63
1118 270.63 270.63
1119 270.63 270.63
1120 270.63 270.63
1121 270.63 270.63
1122 270.63 270.63
1123 270.63 270.63
1124 270.63 270.63
1125 270.63 270.63
1126 270.63 270.63
1127 270.63 270.63
1128 270.63 270.63
1129 270.63 270.63
1130 270.63 270.63
1131 270.63 270.63
1132 270.63 270.63
1133 270.63 270.63
1134 270.63 270.63
1135 270.63 270.63
1136 270.63 270.63
1137 270.63 270.63
1138 270.63 270.63
1139 270.63 270.63
1140 270.63 270.63
1141 270.63 270.63
1142 270.63 270.63
1143 270.63 270.63
1144 270.63 270.63
1145 270.63 270.63
1146 270.63 270.63
1147 270.63 270.63
1148 270.63 270.63
1149 270.63 270.63
1150 270.63 270.63
1151 270.63 270.63
1152 270.63 270.63
1153 270.63 270.63
1154 270.63 270.63
1155 270.63 270.63
1156 270.63 270.63
1157 270.63 270.63
1158 270.63 270.63
1159 270.63 270.63
1160 270.63 270.63
1161 270.63 270.63
1162 270.63 270.63
1163 270.63 270.63
1164 270.63 270.63
1165 270.63 270.63
1166 270.63 270.63
1167 270.63 270.63
1168 270.63 270.63
1169 270.63 270.63
1170 270.63 270.63
1171 270.63 270.63
1172 270.63 270.63
1173 270.63 270.63
1174 270.63 270.63
1175 270.63 270.63
1176 270.63 270.63
1177 270.63 270.63
1178 270.63 270.63
1179 270.63 270.63
1180 270.63 270.63
1181 270.63 270.63
1182 270.63 270.63
1183 270.63 270.63
1184 270.63 270.63
1185 270.63 270.63
1186 270.63 270.63
1187 270.63 270.63
1188 270.63 270.63
1189 270.63 270.63
1190 270.63 270.63
1191 270.63 270.63
1192 270.63 270.63
1193 270.63 270.63
1194 270.63 270.63
1195 270.63 270.63
1196 270.63 270.63
1197 270.63 270.63
1198 270.63 270.63
1199 270.63 270.63
1200 270.63 270.63
1201 270.63 270.63
1202 270.63 270.63
1203 270.63 270.63
1204 270.63 270.63
1205 270.63 270.63
1206 270.63 270.63
1207 270.63 270.63
1208 270.63 270.63
1209 270.63 270.63
1210 270.63 270.63
1211 270.63 270.63
1212 270.63 270.63
1213 270.63 270.63
1214 270.63 270.63
1215 270.63 270.63
1216 270.63 270.63
1217 270.63 270.63
1218 270.63 270.63
1219 270.63 270.63
1220 270.63 270.63
1221 270.63 270.63
1222 270.63 270.63
1223 270.63 270.63
1224 270.63 270.63
1225 270.63 270.63
1226 270.63 270.63
1227 270.63 270.63
1228 270.63 270.63
1229 270.63 270.63
1230 270.63 270.63
1231 270.63 270.63
1232 270.63 270.63
1233 270.63 270.63
1234 270.63 270.63
1235 270.63 270.63
1236 270.63 270.63
1237 270.63 270.63
1238 270.63 270.63
1239 270.63 270.63
1240 270.63 270.63
1241 270.63 270.63
1242 270.63 270.63
1243 270.63 270.63
1244 270.63 270.63
1245 270.63 270.63
1246 270.63 270.63
1247 270.63 270.63
1248 270.63 270.63
1249 270.63 270.63
1250 270.63 270.63
1251 270.63 270.63
1252 270.63 270.63
1253 270.63 270.63
1254 270.63 270.63
1255 270.63 270.63
1256 270.63 270.63
1257 270.63 270.63
1258 270.63 270.63
1259 270.63 270.63
1260 270.63 270.63
1261 270.63 270.63
1262 270.63 270.63
1263 270.63 270.63
1264 270.63 270.63
1265 270.63 270.63
1266 270.63 270.63
1267 270.63 270.63
1268 270.63 270.63
1269 270.63 270.63
1270 270.63 270.63
1271 270.63 270.63
1272 270.63 270.63
1273 270.63 270.63
1274 270.63 270.63
1275 270.63 270.63
1276 270.63 270.63
1277 270.63 270.63
1278 270.63 270.63
1279 270.63 270.63
1280 270.63 270.63
1281 270.63 270.63
1282 270.63 270.63
1283 270.63 270.63
1284 270.63 270.63
1285 270.63 270.63
1286 270.63 270.63
1287 270.63 270.63
1288 270.63 270.63
1289 270.63 270.63
1290 270.63 270.63
1291 270.63 270.63
1292 270.63 270.63
1293 270.63 270.63
1294 270.63 270.63
1295 270.63 270.63
1296 270.63 270.63
1297 270.63 270.63
1298 270.63 270.63
1299 270.63 270.63
1300 270.63 270.63
1301 270.63 270.63
1302 270.63 270.63
1303 270.63 270.63
1304 270.63 270.63
1305 270.63 270.63
1306 270.63 270.63
1307 270.63 270.63
1308 270.63 270.63
1309 270.63 270.63
1310 270.63 270.63
1311 270.63 270.63
1312 270.63 270.63
1313 270.63 270.63
1314 270.63 270.63
1315 270.63 270.63
1316 270.63 270.63
1317 270.63 270.63
1318 270.63 270.63
1319 270.63 270.63
1320 270.63 270.63
1321 270.63 270.63
1322 270.63 270.63
1323 270.63 270.63
1324 270.63 270.63
1325 270.63 270.63
1326 270.63 270.63
1327 270.63 270.63
1328 270.63 270.63
1329 270.63 270.63
1330 270.63 270.63
1331 270.63 270.63
1332 270.63 270.63
1333 270.63 270.63
1334 270.63 270.63
1335 270.63 270.63
1336 270.63 270.63
1337 270.63 270.63
1338 270.63 270.63
1339 270.63 270.63
1340 270.63 270.63
1341 270.63 270.63
1342 270.63 270.63
1343 270.63 270.63
1344 270.63 270.63
1345 270.63 270.63
1346 270.63 270.63
1347 270.63 270.63
1348 270.63 270.63
1349 270.63 270.63
1350 270.63 270.63
1351 270.63 270.63
1352 270.63 270.63
1353 270.63 270.63
1354 270.63 270.63
1355 270.63 270.63
1356 270.63 270.63
1357 270.63 270.63
1358 270.63 270.63
1359 270.63 270.63
1360 270.63 270.63
1361 270.63 270.63
1362 270.63 270.63
1363 270.63 270.63
1364 270.63 270.63
1365 270.63 270.63
1366 270.63 270.63
1367 270.63 270.63
1368 270.63 270.63
1369 270.63 270.63
1370 270.63 270.63
1371 270.63 270.63
1372 270.63 270.63
1373 270.63 270.63
1374 270.63 270.63
1375 270.63 270.63
1376 270.63 270.63
1377 270.63 270.63
1378 270.63 270.63
1379 270.63 270.63
1380 270.63 270.63
1381 270.63 270.63
1382 270.63 270.63
1383 270.63 270.63
1384 270.63 270.63
1385 270.63 270.63
1386 270.63 270.63
1387 270.63 270.63
1388 270.63 270.63
1389 270.63 270.63
1390 270.63 270.63
1391 270.63 270.63
1392 270.63 270.63
1393 270.63 270.63
1394 270.63 270.63
1395 270.63 270.63
1396 270.63 270.63
1397 270.63 270.63
1398 270.63 270.63
1399 270.63 270.63
1400 270.63 270.63
1401 270.63 270.63
1402 270.63 270.63
1403 270.63 270.63
1404 270.63 270.63
1405 270.63 270.63
1406 270.63 270.63
1407 270.63 270.63
1408 270.63 270.63
1409 270.63 270.63
1410 270.63 270.63
1411 270.63 270.63
1412 270.63 270.63
1413 270.63 270.63
1414 270.63 270.63
1415 270.63 270.63
1416 270.63 270.63
1417 270.63 270.63
1418 270.63 270.63
1419 270.63 270.63
1420 270.63 270.63
1421 270.63 270.63
1422 270.63 270.63
1423 270.63 270.63
1424 270.63 270.63
1425 270.63 270.63
1426 270.63 270.63
1427 270.63 270.63
1428 270.63 270.63
1429 270.63 270.63
1430 270.63 270.63
1431 270.63 270.63
1432 270.63 270.63
1433 270.63 270.63
1434 270.63 270.63
1435 270.63 270.63
1436 270.63 270.63
1437 270.63 270.63
1438 270.63 270.63
1439 270.63 270.63
1440 270.63 270.63
1441 270.63 270.63
1442 270.63 270.63
1443 270.63 270.63
1444 270.63 270.63
1445 270.63 270.63
1446 270.63 270.63
1447 270.63 270.63
1448 270.63 270.63
1449 270.63 270.63
1450 270.63 270.63
1451 270.63 270.63
1452 270.63 270.63
1453 270.63 270.63
1454 270.63 270.63
1455 270.63 270.63
1456 270.63 270.63
1457 270.63 270.63
1458 270.63 270.63
1459 270.63 270.63
1460 270.63 270.63
1461 270.63 270.63
1462 270.63 270.63
1463 270.63 270.63
1464 270.63 270.63
1465 270.63 270.63
1466 270.63 270.63
1467 270.63 270.63
1468 270.63 270.63
1469 270.63 270.63
1470 270.63 270.63
1471 270.63 270.63
1472 270.63 270.63
1473 270.63 270.63
1474 270.63 270.63
1475 270.63 270.63
1476 270.63 270.63
1477 270.63 270.63
1478 270.63 270.63
1479 270.63 270.63
1480 270.63 270.63
1481 270.63 270.63
1482 270.63 270.63
1483 270.63 270.63
1484 270.63 270.63
1485 270.63 270.63
1486 270.63 270.63
1487 270.63 270.63
1488 270.63 270.63
1489 270.63 270.63
1490 270.63 270.63
1491 270.63 270.63
1492 270.63 270.63
1493 270.63 270.63
1494 270.63 270.63
1495 270.63 270.63
1496 270.63 270.63
1497 270.63 270.63
1498 270.63 270.63
1499 270.63 270.63
