0.948253
1.10148
0.35336
0.646923
1.36043
1.20566
1.10374
1.7504
1.03858
0.599882
0.85646
0.874179
0.755062
0.714583
1.23254
1.01055
1.23768
0.835729
0.980052
0.64353
0.973647
1.86992
0.672617
0.992162
1.88565
1.45578
0.760703
1.00117
0.944341
0.725059
0.987667
1.02938
0.334679
0.573563
0.8106
2.41262
0.815966
1.06253
0.579558
0.550811
1.06227
1.43797
0.832919
1.14416
0.971929
1.89246
1.18428
1.526
1.81867
0.784829
1.11462
1.56219
0.826793
0.882371
0.511794
0.574505
0.830918
0.282067
0.706684
1.01096
1.82622
0.989096
1.20002
0.680163
1.68552
1.46012
0.911278
0.839308
0.580172
0.941306
1.69485
0.808143
0.585324
0.784525
0.860457
1.16798
1.01746
0.985834
1.01746
1.01123
1.23565
0.931469
1.40867
0.630431
0.656726
0.997704
0.981599
1.15075
1.58093
0.906386
1.09367
1.38138
0.820014
0.93856
1.28736
1.28612
0.761897
1.68855
0.940487
2.13588
1.1543
1.28925
1.25086
0.734547
0.912502
1.05
1.29587
1.07718
0.895206
0.911934
1.24219
1.15238
0.659102
1.00177
0.632802
1.58169
1.02904
0.926897
1.44953
1.03643
1.06329
1.64231
1.04609
1.06362
1.17162
1.52325
0.622064
1.03595
0.508427
1.21137
0.725255
0.781218
0.953187
0.891501
0.801797
0.686846
1.52219
1.13826
0.647532
1.11107
1.15261
1.1314
0.578455
1.22647
0.522307
0.618252
0.97255
1.11607
1.17393
0.639806
0.599917
1.23455
0.607952
1.12125
1.05504
1.54605
0.921099
0.873134
1.10953
0.826038
0.879613
1.18014
1.40416
0.939327
1.38615
0.902502
1.06917
0.529286
1.13033
1.16749
0.78938
0.607802
1.21188
1.78354
1.22737
0.81584
1.01004
0.468835
0.910277
1.08964
0.851019
1.0743
1.50422
0.862155
0.864041
0.966394
1.04536
0.462688
0.90451
1.32595
1.12283
0.749315
1.51763
0.543295
1.60824
0.884105
1.29904
0.849942
0.39149
0.739464
0.766511
1.33962
1.12108
0.753256
0.97024
1.33887
0.710952
1.21607
0.749781
0.608557
1.44891
1.34651
0.647478
1.78485
0.458173
1.66892
1.06232
0.447967
1.36799
0.830667
0.648788
1.32274
0.735067
1.76461
1.32062
0.656903
0.980674
0.410265
1.06684
1.40587
1.41581
0.92815
0.61523
1.63136
0.265696
0.582953
1.90501
1.74485
0.892753
1.37691
1.55745
0.777434
0.787665
0.87381
0.903183
1.17237
0.704865
0.812405
1.27996
1.0581
1.31262
1.04065
0.938306
0.279793
1.20358
1.33575
1.39887
1.03353
1.02233
1.2542
0.67686
0.824343
1.36966
0.708284
1.04443
1.01488
1.03543
0.678396
1.54181
1.14189
0.902596
1.33198
1.1757
0.656979
0.837803
0.808023
0.780438
1.36344
0.966615
0.40976
0.537977
1.37953
1.05789
1.6008
0.510937
1.0384
1.1385
0.663459
0.552136
1.24781
0.789166
0.694624
1.34634
0.676624
1.06674
0.794558
0.913619
1.22005
0.471769
0.635541
1.20044
0.857485
0.946927
1.2771
1.0957
1.08107
1.07668
0.832749
1.16437
1.36299
1.55031
1.27956
1.50998
1.40243
1.30838
1.27139
0.819836
0.736314
1.24502
1.13605
1.42711
1.42373
1.20449
0.857427
1.47222
1.68876
1.20666
1.30913
0.860101
1.61434
0.876356
1.03394
0.617124
0.461228
0.910468
0.765796
0.856496
1.15097
0.927068
0.810469
0.909954
0.818269
0.501941
1.55431
1.40418
0.96492
0.785902
0.612334
1.38874
0.984199
0.782507
0.664012
0.701539
1.49196
0.63606
1.08947
1.1541
1.12245
0.770375
1.0076
0.833374
0.782049
1.05775
0.929424
0.89591
1.20169
0.585059
1.48937
0.723407
1.1002
0.738269
1.16227
0.883043
0.946284
0.644454
0.792636
0.941868
1.29374
1.44505
1.47703
0.483379
0.936175
0.874996
0.930743
1.34479
0.623229
1.0139
0.45689
1.0587
0.875656
1.03182
0.546642
1.03461
0.812962
1.21436
1.29001
0.665394
0.619293
1.07501
0.726458
1.32273
0.812331
1.0037
1.17911
0.756867
0.687298
0.777582
0.533169
0.738864
1.03761
1.9096
1.27566
1.42157
0.732542
0.526657
0.677324
1.25952
1.44717
1.09497
1.13822
1.79515
0.729074
0.826559
0.767393
0.750087
0.524071
1.14954
1.14654
1.01017
1.00626
0.842917
1.40766
1.04927
0.923009
1.16051
1.07253
0.974777
1.31488
0.594458
1.72445
0.730565
1.27158
1.24621
1.19833
0.696316
1.38443
1.12568
1.29993
0.705888
1.34104
0.662311
1.12142
1.39489
0.475362
0.353809
1.30165
1.01726
1.11256
0.989005
0.720589
1.26223
0.965448
0.711179
0.721417
0.932659
0.871687
1.36699
2.07694
0.722576
1.45312
1.19974
0.861672
0.540197
0.605931
1.24505
1.06958
1.19642
0.892306
0.948161
1.71042
0.884852
0.765582
0.891557
1.48513
1.05667
1.42586
1.32944
0.622934
0.779413
0.868723
1.14845
0.868912
0.58666
1.33757
0.890409
1.35888
0.776261
1.14957
0.466018
1.0829
0.451153
1.07232
0.576892
1.20437
1.23919
0.851586
0.744783
0.879476
1.5069
0.893117
0.796181
1.22185
1.11345
0.910098
1.35356
0.668584
0.673407
0.876919
1.03822
1.28534
1.01349
0.727997
0.849018
1.67081
0.995624
0.659194
1.34843
1.29431
0.600604
1.07004
0.952305
0.757952
1.64879
0.910661
0.90568
1.23835
0.642582
1.42354
0.834521
1.12467
0.795599
0.970522
0.455317
1.10789
0.975039
0.605242
1.122
1.01644
0.851036
0.727687
1.34296
0.99996
0.70576
1.19214
1.02213
0.805224
0.423688
0.682855
1.00482
0.649427
0.926313
1.54667
0.836821
1.23658
0.918972
1.46001
0.861555
1.18872
1.3264
1.0933
0.901049
1.09745
1.0174
1.99452
1.25792
0.873983
1.9345
0.892538
0.546684
0.650041
0.727325
0.824185
0.934833
0.716846
0.385254
0.586912
1.72443
0.768508
0.994817
1.19542
1.0483
1.07523
0.567553
0.617903
0.927982
1.36395
1.11237
1.37743
1.16287
1.0364
0.994634
0.831449
1.4226
0.786767
0.781926
0.619063
1.64974
0.768324
1.033
1.06116
1.70485
0.701352
1.37903
0.645794
0.812549
0.705717
0.89164
1.13279
1.38074
0.821953
0.907261
1.74092
1.31166
0.647866
1.12747
0.939034
0.599034
0.566103
1.52196
0.774538
1.47875
0.570343
1.00979
1.31136
1.14553
0.503111
1.28168
1.06618
0.904618
1.51169
0.98323
0.903379
1.26879
1.59599
0.87706
1.32368
1.38859
0.633046
0.727577
1.19985
1.52496
1.43623
0.982677
0.264936
1.46603
0.702753
1.38694
1.02153
0.975452
1.29281
1.72536
0.549943
1.37326
0.875272
1.03946
1.20819
0.772888
0.6542
0.608078
0.711351
1.07396
0.80234
1.4952
1.33141
0.93594
1.06325
1.49605
0.615149
0.834624
1.15729
0.673973
0.803702
1.43169
1.00615
0.716488
1.01933
1.32361
1.70724
1.03908
1.29132
0.876077
1.19635
0.872065
1.12254
1.63628
1.18766
0.968192
1.2396
1.73954
0.529591
1.04181
0.906781
1.30942
1.08029
1.31806
1.36358
1.48646
0.569972
1.16507
1.0032
0.514944
1.55678
0.678952
0.857157
0.725144
0.706356
1.46999
1.35629
0.836782
1.37783
0.336168
1.48353
1.00759
1.01615
1.14115
1.28288
0.719356
0.739941
1.53059
0.607046
0.833582
0.58045
0.901635
0.86593
1.0223
0.885464
1.43902
1.23989
0.818474
0.94407
0.978992
1.04815
0.57759
1.04546
1.35687
0.916556
0.938036
1.3423
0.977918
1.71069
0.824189
1.13252
0.67109
0.976952
1.25694
0.956851
0.39376
0.851553
0.812351
1.40625
0.820808
1.30671
0.918243
1.22433
0.990712
0.935725
0.746096
0.587515
0.433878
0.945142
1.35331
0.697682
1.05649
0.81348
1.0663
1.07159
0.577398
1.39714
1.47486
1.0255
0.604157
0.8664
1.41889
0.775934
0.998063
0.723977
0.633153
1.02624
1.2881
1.4808
0.545314
0.48819
0.765085
0.97197
1.37631
0.822171
0.725124
1.51166
1.29104
1.58482
0.486041
0.976509
1.44794
0.986673
0.839931
0.713157
0.738179
1.49463
1.08393
1.03031
0.994717
0.570271
0.738268
0.72594
1.20046
0.730481
1.83148
0.648911
0.974762
1.10588
1.03648
1.15286
0.55228
0.994118
1.25494
1.16354
0.823116
0.96674
0.629842
0.983401
1.09479
1.13337
1.23963
0.816487
0.599588
0.587321
1.06566
1.26975
0.915009
1.64545
1.61752
1.03433
0.862444
0.570664
0.689029
0.775462
0.740464
0.775733
0.596917
0.89237
1.09932
1.92125
1.28154
0.773896
0.845848
1.42353
1.49823
0.757915
1.02863
0.693644
0.932743
0.840751
0.807532
1.43364
0.55668
0.869493
0.620711
1.05087
1.01101
1.15784
1.47552
0.96326
0.574402
0.681762
0.780445
1.10392
1.61194
0.990213
0.636059
0.672701
1.21314
1.96818
0.779678
0.789026
1.11187
0.621548
0.520863
0.823672
1.04305
1.55215
1.20969
1.36735
1.31038
1.0618
0.366537
1.21785
0.501093
1.03176
0.64002
0.719801
1.04425
0.940091
0.945169
0.627577
1.43643
0.731328
0.974771
0.879406
0.773994
1.28277
0.677643
0.735549
1.13162
1.24262
1.0794
0.599536
1.48703
1.09118
0.638313
1.01376
1.02742
0.671696
1.46295
1.11355
1.16644
0.735249
1.09235
0.897401
0.845655
1.27684
1.7772
1.36561
0.58649
0.821671
1.06339
0.975054
0.625
1.45265
0.953755
0.695701
1.04539
1.21303
0.741771
0.725485
0.91765
1.00447
0.95841
0.974631
1.0516
1.20294
0.724738
1.16548
0.906204
0.85594
0.771894
1.21518
1.08731
0.706339
1.56554
1.10338
1.37862
1.0459
1.04939
0.871604
1.10327
1.62052
1.60262
0.827357
0.750422
1.10307
0.856416
1.14044
0.771672
0.753852
1.31219
1.38463
0.891252
1.00154
1.27871
0.948826
0.853181
0.933935
1.64715
1.24819
0.989637
1.54975
1.1479
0.995871
1.37791
1.27187
1.00933
0.457064
1.22299
1.22565
0.792168
0.674092
0.92677
0.758233
0.950442
0.857104
0.554797
1.23302
1.12769
0.663379
1.20768
1.26115
1.03929
0.871896
0.66755
1.15368
0.962707
0.821167
0.790905
1.24753
1.05842
0.58027
1.23024
0.572963
1.0169
0.628839
1.30791
0.444311
1.37231
1.4282
1.10194
1.05174
0.633361
0.675703
0.887154
1.32417
0.628589
0.915822
1.0738
1.43018
1.0197
1.15
0.840873
0.490467
1.16952
1.12236
1.64765
0.765861
1.17973
1.12211
0.396262
1.13678
1.20977
0.838893
0.943569
0.944119
1.3065
1.16221
0.589643
0.805428
0.999641
0.501387
0.795889
0.791428
1.17622
0.811465
0.811295
1.07881
1.53705
1.30009
0.769156
0.877179
0.508712
0.872071
1.01747
0.953602
1.0378
0.941728
0.878918
0.748071
1.02556
0.577297
0.837803
1.30508
1.81983
0.472467
1.00205
1.47395
1.0239
0.929713
0.603192
0.586571
0.759708
0.935607
1.24944
1.28481
1.41325
1.40181
0.813259
1.01349
0.90278
0.89255
1.27512
0.969963
0.890577
0.321361
0.709504
1.19738
1.15958
0.882874
0.742496
1.05885
0.728879
0.605611
1.21734
0.992367
1.0233
0.832033
0.703939
0.773998
0.98829
1.33341
1.15169
1.02246
1.02637
0.977733
1.07909
0.926865
1.64083
0.855425
0.708975
0.874693
1.03367
1.4711
1.28534
0.800641
0.608571
0.996112
0.78862
1.01549
0.795025
0.478135
0.799979
0.699971
1.02512
1.3499
1.1814
0.642448
1.13588
1.2459
1.08448
0.739644
1.19732
0.95963
1.16511
1.00712
0.758051
1.16311
1.57846
0.94116
0.837294
1.56701
1.10957
0.778311
0.66798
0.804177
1.1465
0.949763
0.883795
1.15949
1.02097
1.0272
1.1311
1.25191
0.664462
0.917211
0.934991
0.698285
0.857004
1.14312
1.57527
1.27587
0.551395
1.74402
0.733746
0.927331
1.06276
1.30879
1.66801
0.730597
0.939715
0.870288
0.730326
1.34583
1.33003
1.15662
1.34264
0.866582
0.948371
0.944716
1.16899
0.739567
0.929696
0.926132
1.17678
0.977272
0.998898
1.39435
0.679102
1.45803
1.12802
1.05145
1.19369
0.777156
0.905527
0.827164
1.46471
1.23171
1.28767
1.19955
0.65213
1.35203
1.3582
1.1313
1.01769
0.712393
0.934091
1.48306
1.55728
0.760922
1.54823
0.916843
1.20903
0.913894
1.33993
1.25381
0.940085
0.838481
0.928272
0.909085
1.30553
1.03656
1.46731
0.733182
0.807045
0.674278
0.670076
0.61376
0.727736
0.775602
0.952044
1.10237
0.959714
0.627838
1.24192
0.458789
1.3094
1.38669
0.903832
0.982268
1.00258
1.05736
0.634997
0.81086
1.59804
0.892482
1.16664
0.873231
0.713768
0.761535
0.803241
1.00909
1.12534
0.874674
1.27756
0.788094
0.846161
0.923416
1.30742
1.06759
1.243
0.648908
1.14259
1.37325
1.66328
0.577435
1.26721
0.898049
0.833741
1.002
1.12305
1.02795
1.29493
0.594465
0.6972
1.48537
1.15477
0.913363
0.672463
0.995463
1.13915
1.67114
0.941782
1.24906
0.878444
1.16144
0.839065
0.777637
1.22204
0.537245
1.27505
0.768945
0.488854
1.10308
1.01106
1.33912
1.2465
0.90153
0.590924
1.07516
0.728975
1.04633
0.939621
1.33741
1.03494
0.698407
0.695582
1.28967
1.244
1.54837
1.18902
0.763138
1.23924
0.785345
1.20896
1.12562
0.686901
0.805052
0.623913
1.08483
0.883422
0.838914
0.754363
1.15717
1.44529
1.15873
0.668764
0.698709
0.742815
1.27291
1.07431
0.746616
0.955474
1.54605
1.35187
1.42637
0.558098
1.75148
0.374891
0.724663
1.00991
1.39643
1.32348
1.0648
0.951857
0.810446
0.732336
0.661715
0.834895
0.791948
1.5936
0.703913
1.24601
1.23981
0.531163
1.57653
0.88301
1.1912
1.77233
0.670921
1.51281
1.15547
1.48737
0.626051
1.04055
1.20682
0.916766
1.52176
0.992138
1.17148
0.891008
0.51072
1.20026
1.08743
1.11701
1.80772
1.00083
1.02464
1.07134
0.279492
0.74842
1.54773
0.877176
1.11268
0.995446
0.382942
0.94268
1.21648
0.904206
0.642711
0.787834
0.485104
0.902296
0.967827
1.16284
0.722098
1.25534
0.660199
1.31358
0.508104
1.73502
1.04487
0.975283
0.977898
0.761772
1.0988
0.614229
0.826853
1.1506
1.17177
0.673245
0.439598
0.66214
0.923734
1.38113
0.452961
1.01233
1.08902
1.72596
0.930925
1.07603
0.736327
1.13367
0.808591
0.514501
0.998013
1.09987
0.780015
1.39543
0.759427
1.01149
1.1286
0.992032
0.764369
0.924651
0.80474
1.12671
1.14
0.795876
0.665474
0.701298
1.00797
0.7186
1.28897
0.764867
0.87605
0.760993
0.684935
0.783983
0.791168
1.28059
2.03033
1.53361
0.645714
1.0252
0.810247
0.76234
1.02479
0.90834
0.836915
1.00538
0.82097
0.890752
0.941021
0.817406
1.0632
1.38357
1.28561
1.31965
0.865697
0.657004
0.394975
1.66526
0.846457
1.04327
0.851166
0.430501
1.27416
0.904041
0.930206
1.35521
1.35704
2.18441
1.32996
1.22487
1.30843
0.840116
1.30044
0.820889
1.1129
1.13878
0.654652
1.02298
1.03723
1.07641
1.1715
0.982113
0.545858
1.51692
1.231
0.940761
0.524488
1.15641
0.987639
0.866036
0.461419
1.28842
0.994217
0.67372
0.775263
1.77238
0.996375
0.839553
1.88366
0.545463
1.04957
1.20104
0.388609
0.84799
0.530509
0.548818
0.78304
0.645358
0.958527
1.9294
1.53077
0.889743
0.975287
1.06363
1.53879
1.09902
1.52274
0.953055
1.20629
1.34255
0.450609
0.869461
0.876368
0.452375
0.89938
0.809126
1.16397
0.72668
1.32886
0.892521
0.940387
1.03187
0.867482
1.01657
1.38066
1.43469
0.663646
0.813765
1.22108
0.673014
1.07243
0.948284
1.18793
0.453039
0.744196
1.15953
0.602162
1.29137
0.977175
1.24331
0.792528
0.451979
1.07583
0.533785
1.10668
0.689829
0.751273
0.577028
1.05315
1.36533
0.73567
1.4914
1.0469
1.16542
1.02052
1.02022
0.917893
0.600512
0.622303
0.800164
0.590066
1.63152
1.00696
1.20586
0.606573
1.26022
0.946279
0.769867
1.01352
0.574504
0.707775
0.505039
1.59885
0.913057
0.763805
1.1706
0.974299
0.706214
0.835152
0.76687
1.31053
0.900538
1.19187
0.958521
0.853299
1.0856
1.86787
0.874138
1.17395
0.922631
1.25953
1.15483
1.29033
0.91026
0.56093
0.865267
0.782272
0.852057
0.906083
1.35416
1.87586
1.1339
0.832144
0.74508
1.21293
1.21153
1.68443
0.818658
1.25582
1.37653
1.09406
1.33193
1.69565
1.45128
0.490183
0.707095
0.657951
0.654283
0.767969
1.45037
1.58806
1.35938
1.38792
1.2052
1.18619
1.12773
0.958717
0.632267
0.892773
0.952313
1.32899
0.650421
0.474603
1.29537
1.1767
1.27586
1.12492
1.05936
1.37936
0.554508
1.45901
0.877439
1.55162
1.11774
1.1382
1.5801
0.74145
2.0435
0.968051
0.959837
0.804605
1.85845
1.02918
0.67131
1.55285
1.07313
1.39947
0.96696
0.898907
0.471917
0.971627
1.01677
0.676225
1.38463
1.10856
1.21833
0.789724
0.869106
0.819363
0.792103
0.971385
1.15956
0.494813
1.6282
1.67785
0.510233
1.15413
1.18504
0.832438
0.92349
1.37109
0.79726
0.782885
0.544128
1.08385
0.850293
1.20945
1.29464
0.920765
1.46028
0.965789
0.955375
1.54108
0.739034
0.818247
1.37232
1.48675
1.78976
0.55666
0.469796
1.15928
1.29375
1.62764
0.78218
1.27552
1.06446
1.37203
1.03738
0.716013
1.20675
0.906629
1.38396
0.686141
1.19606
0.648767
1.3867
0.584697
1.10584
0.472901
1.40469
0.933266
1.03618
0.539277
0.649803
0.634252
2.11939
0.85498
1.05572
0.659443
0.914429
1.25905
0.920039
1.33795
1.26437
1.29112
0.804092
0.989608
1.24315
0.461163
1.04092
0.732476
0.96427
1.02466
1.00099
1.01423
1.29925
0.990087
0.581072
1.23636
1.27211
1.13313
1.05571
0.405241
1.77247
0.658974
0.963013
0.859028
0.703489
1.99052
0.798812
0.932264
0.536032
0.912368
1.18759
1.43445
0.781394
0.625338
1.05634
1.47971
0.836969
0.522194
1.02607
1.09775
1.47091
1.47691
0.978829
1.283
0.915033
0.834138
0.948229
0.475816
0.985069
0.902009
1.34185
0.840019
1.70445
1.04251
1.42891
1.0645
0.946152
1.53316
0.936311
0.700801
1.0738
1.57049
0.583417
1.4152
0.869104
1.06612
1.02761
1.006
1.70094
0.783459
1.15076
0.88577
1.07608
0.526767
0.584332
1.5053
1.07501
1.10816
1.19256
1.07098
0.548445
1.26497
2.72785
0.721723
1.31404
0.85856
1.25836
0.979522
0.890489
0.901879
1.30873
0.687454
1.33671
1.05571
0.833577
1.48763
1.15654
0.897305
1.14414
1.04788
0.477751
1.26386
0.853361
0.763563
0.993247
0.841863
1.24412
0.913441
1.08708
1.27418
0.400765
0.817254
0.708707
0.909819
0.756381
0.70035
1.27236
0.736374
0.714235
0.609419
0.745027
1.4282
1.05536
0.86044
0.598123
0.811188
1.05993
0.392413
0.8168
0.523544
0.719759
1.32101
1.18767
0.944279
1.28773
0.870502
0.860295
1.0796
1.29005
1.68228
1.39978
1.15973
1.13849
1.07352
1.26892
1.03529
0.788747
1.12339
0.878484
1.45676
1.44787
0.525825
0.941458
1.01294
1.15136
0.799521
1.01181
0.924719
0.586586
0.980882
0.807995
0.863819
1.11618
0.647105
0.943527
0.982992
0.507265
0.643818
1.35521
1.30023
0.547126
0.90452
1.1148
0.606827
0.810384
1.29575
0.922013
1.12044
0.640317
1.10247
0.952555
1.17984
0.834082
1.03169
1.17246
1.18351
0.692827
1.19871
1.60557
0.706195
1.65624
1.53611
0.888263
0.964468
1.12417
1.52527
1.23102
0.890054
0.643897
1.47011
1.08621
0.637492
0.603636
1.07284
0.516576
0.785802
1.10816
0.955084
0.640589
0.955974
1.14169
1.71909
1.49223
0.721389
0.65639
0.577758
1.50031
1.29306
0.695998
0.838342
0.987782
0.599284
0.655398
0.71806
0.773759
0.549648
1.4738
1.01898
1.06992
0.592476
1.11255
0.961728
1.00843
0.982965
0.546996
0.726295
1.36138
1.14774
0.567756
0.782888
1.40478
0.912805
0.700314
0.898857
0.722878
0.944018
1.36978
1.68664
1.52739
0.962536
1.33975
1.53633
0.954642
1.14992
1.12599
1.27907
0.77985
0.904671
0.817589
0.825967
1.29913
1.24159
0.973882
1.22848
0.936646
1.28478
0.959321
0.406239
1.30803
0.377247
0.781156
1.45462
1.55946
1.64241
1.29545
0.879155
1.77247
1.06789
1.15623
0.535311
1.24105
1.16205
0.919396
1.00067
0.960201
0.756921
0.701117
0.909661
1.74798
0.818788
1.07509
1.4333
0.473
0.966282
1.10844
1.23562
1.02215
0.697213
1.05282
0.996048
0.938427
0.825893
0.951922
1.08633
0.877536
1.04042
0.871728
0.895336
0.631959
0.940576
0.999026
1.10884
1.44575
0.695466
1.42237
1.02207
1.20306
0.989382
0.937232
1.00155
0.991206
0.662167
0.871034
0.909501
0.980813
1.03421
1.07405
0.968366
0.534417
0.953905
0.686608
0.785666
0.870671
0.563668
1.29095
0.647033
0.76323
0.486265
0.854883
0.987646
1.04853
1.61883
0.610496
1.25119
0.531122
0.979612
0.686643
0.856926
0.818191
0.9531
1.2506
0.427248
0.801585
0.67352
1.21216
0.79861
0.764473
0.601579
1.37255
1.30101
0.947688
1.36545
0.831934
0.822203
0.907826
1.29045
1.13002
1.01215
1.02001
0.552351
0.664949
1.10186
0.956849
1.1526
1.03832
1.42049
1.61147
1.5299
1.17196
0.72261
0.532628
0.896493
0.476387
0.819882
1.02381
1.02033
0.742396
1.10505
0.827483
1.17842
0.753775
0.75565
0.856661
1.02145
0.577561
1.39214
1.13633
0.928517
1.15069
1.3479
0.96919
0.844978
0.406133
0.961045
0.861831
1.05795
0.992816
0.948772
1.83859
1.05657
0.846643
1.78134
1.24241
1.55888
1.06107
0.535462
0.524992
0.869044
1.02421
0.942799
0.813016
1.33792
1.08181
0.949735
0.808039
1.05274
2.13223
0.607673
0.846005
0.755281
0.798523
1.07344
0.950065
1.27452
0.684921
0.747891
0.874989
1.07592
1.18935
1.02797
0.778639
0.797265
1.04778
0.999618
0.838552
0.893451
0.577246
0.799546
1.32534
0.732961
0.995381
0.954636
1.1663
0.437293
1.13611
0.801943
0.776285
1.13146
0.920214
0.775471
1.70515
1.23027
0.46657
1.2413
0.846007
1.1569
0.937624
1.13779
0.891275
0.9578
1.16858
0.678252
1.41605
1.35641
1.04464
0.685445
0.668177
1.10415
0.870295
1.07033
0.921845
0.374664
0.938982
1.24187
2.01188
0.994724
0.907793
0.760775
0.974194
2.14547
1.17312
0.340457
0.498221
0.873057
1.18636
1.01787
0.809054
1.00859
1.10054
0.766599
0.932908
1.90377
0.850266
1.07713
0.792746
0.999699
1.48763
0.737502
0.938542
0.626154
1.23216
1.10139
1.34612
0.70921
1.06951
1.61638
0.777625
0.84673
1.1712
1.21859
0.902505
1.23023
1.19354
1.43268
1.24037
0.954866
0.561328
0.506165
0.747448
1.16897
1.49811
0.630547
0.969652
0.51626
0.751584
0.56252
1.4203
0.906711
0.99328
1.49728
0.866445
0.832058
1.12473
0.701662
0.682622
0.800319
0.59439
0.678158
0.820731
0.78317
0.84697
0.866778
0.569488
1.83348
0.944914
1.22239
0.913036
0.680568
0.760627
0.577933
0.931347
0.568867
0.503985
0.904982
0.91355
0.529063
1.23569
0.946856
0.584884
1.10628
0.940895
0.592791
0.998844
1.58295
1.31879
1.3081
1.67195
0.958137
1.18341
0.566834
0.614733
0.988557
1.01041
0.729362
0.936773
0.813117
1.19441
0.690727
0.629515
1.71613
0.905941
0.566183
0.946557
0.703132
1.20777
1.10099
0.940421
1.05081
1.00643
0.696706
1.32352
1.00008
0.922006
1.17938
1.62773
1.15097
1.63802
1.16011
1.20057
1.53098
0.659886
0.80004
1.04221
0.571918
0.952821
1.45563
1.14996
0.798123
1.11616
1.03018
0.979871
0.671887
1.51807
0.995882
0.389759
1.25189
0.813176
1.06973
1.02006
0.710236
1.21533
0.726948
0.774457
1.28454
0.754587
1.0972
0.702742
0.725167
0.404257
1.26061
0.773963
0.605726
0.998751
0.996504
1.26792
0.437218
0.685404
0.981319
1.51392
1.21817
1.41809
0.894502
1.0563
1.17147
0.781751
1.36269
1.90552
1.60418
0.823522
0.771012
1.1107
0.958916
1.67867
1.13625
0.678373
0.966188
1.26435
1.10458
0.786087
1.06973
1.28408
1.12019
1.01568
0.362401
0.777056
1.24025
0.919778
0.880274
1.09388
0.687706
1.39201
1.01375
1.03178
0.797369
0.696598
1.28441
0.82708
0.827328
0.886041
0.901206
1.0852
0.915116
0.836129
0.505229
1.06596
0.567994
1.01983
0.438941
1.05153
1.04666
0.586815
1.22442
0.799905
1.27498
0.686895
1.17674
1.33327
0.629111
0.79522
0.732606
0.940868
0.705665
1.45264
0.627051
1.18231
0.329415
1.08914
1.42168
0.729076
1.49674
1.18553
0.94499
1.02185
0.882885
0.872794
0.708964
0.877312
0.890613
0.809592
0.953793
1.07858
0.99525
1.07162
0.405768
1.15223
0.575478
0.623095
0.704086
1.35888
1.03338
1.29747
0.635277
0.731812
0.877068
0.82047
1.00309
1.63872
0.968348
1.44176
0.812568
1.18008
1.79744
0.871106
0.909357
1.25857
1.26391
1.61261
1.09131
1.30438
0.760847
1.22479
1.37389
0.889142
1.17926
0.486999
0.754743
1.53105
0.550446
1.4202
1.67914
0.524522
0.818824
1.1938
0.883965
1.10584
0.967138
0.822389
1.19599
1.45755
0.318734
0.940148
1.15644
1.12426
0.761818
1.03132
1.05121
0.643442
1.19942
1.01494
1.58927
0.74909
0.635562
1.00734
1.02671
0.702414
0.806978
0.857878
1.13459
1.27146
0.961335
0.643071
1.17346
0.507314
1.34986
1.18166
0.674465
0.91654
1.10006
0.53408
1.06954
1.48717
1.25077
1.00666
1.09838
0.908709
0.519781
1.2221
1.41572
1.08069
0.984802
0.8016
1.02749
0.779628
0.940245
1.01744
0.713084
0.555451
1.24756
0.845577
0.988506
1.02299
0.679045
0.968074
0.910468
0.911827
1.30616
0.955229
1.93531
1.59695
1.48081
0.534215
0.802152
0.744253
0.947671
0.968879
1.06532
0.459387
0.77755
0.839735
1.24217
1.28296
0.839138
1.29441
0.690705
0.925332
1.10361
1.45187
1.42511
0.977704
0.837021
1.09519
0.963158
1.03638
0.783372
0.959772
1.11679
1.30551
1.06348
1.81906
0.834572
0.902112
1.11821
0.738287
1.21609
1.45813
0.894502
1.82321
1.4159
0.496678
1.23631
0.562063
1.33185
1.44148
1.02596
1.31877
0.718979
0.875043
0.751426
1.32397
0.644378
1.0368
0.709167
1.06426
1.23927
1.45519
0.803873
1.59268
0.674359
0.443161
0.948736
1.27543
1.25143
1.21721
1.01042
1.41306
0.908656
0.754132
0.631587
0.947409
0.749833
0.895248
1.46597
0.730188
0.566824
1.32283
0.480137
1.38079
1.05482
1.24031
0.574347
0.722276
1.27411
0.788114
1.04767
0.797796
1.17375
1.55808
0.73692
1.18323
1.45284
1.77231
1.26597
0.718698
0.962755
0.65895
0.695226
0.901857
1.03885
1.87974
0.691536
1.12715
0.580506
1.48345
0.908229
1.00763
1.14129
1.57892
0.995295
1.92265
0.647483
0.713367
0.50955
1.50768
0.676838
1.68673
1.20428
1.22502
1.38236
0.72399
1.22489
1.12486
0.538429
0.922395
1.04855
0.803306
1.01788
0.638003
0.627317
0.55699
0.884837
1.4155
1.26237
1.50077
0.968546
0.863536
1.4303
0.633359
0.989778
0.640239
0.605383
1.12627
0.440837
1.50832
0.447347
1.21882
0.623181
1.33461
1.86939
1.5316
1.23875
1.46357
0.998464
1.1313
0.931534
1.84559
1.20422
1.05598
0.767021
1.06682
0.999884
1.1468
0.987898
1.80781
1.11924
1.01346
0.664062
1.18357
0.686591
1.75466
1.13366
0.584798
0.842364
1.03161
1.08618
1.51536
0.885426
0.886391
1.39897
0.484694
1.78974
0.619218
0.7891
0.801164
1.01483
0.535116
1.31326
1.77388
0.803506
1.03643
0.961484
0.572309
1.22412
0.710108
0.467007
0.619782
1.19289
0.471574
0.700833
0.787274
1.02976
0.75996
1.26207
1.25985
0.983421
1.24114
0.887395
1.1693
0.687484
0.788599
1.14928
1.17999
1.06266
1.27522
1.23833
0.561602
0.96925
1.59838
1.20969
0.828735
0.883842
0.901084
0.703937
0.871994
0.905703
0.885719
0.616408
1.36633
1.39459
1.32591
1.3917
0.806523
1.02913
0.878972
1.38883
1.41483
0.923787
1.45486
1.19431
0.683649
0.444503
0.517781
1.13724
1.12069
0.7157
1.52075
0.389663
1.62986
1.19326
1.20536
0.841389
1.16419
0.967517
1.05479
1.21209
0.77035
1.63496
1.15626
0.921435
1.10764
0.650498
0.64772
1.00326
0.758697
0.479087
1.16337
1.12119
1.32531
0.831598
0.964479
1.01545
0.991173
1.71163
0.888906
0.975617
0.768694
1.19986
1.33747
0.91054
1.2144
1.27936
1.18419
1.0121
0.752947
0.9929
1.61172
1.44404
0.359834
0.927718
1.30236
1.25946
0.689276
0.627821
1.04245
0.524051
2.01982
0.588916
1.049
0.484013
1.67913
0.905006
0.752438
0.795915
1.22082
0.658705
0.99448
1.24918
1.00143
0.675386
0.748436
1.05975
0.616511
0.530576
0.868574
1.42366
1.24457
0.812271
0.605676
0.939602
0.761641
0.784831
0.887703
0.90317
0.846791
0.924035
0.688397
0.943811
0.906449
1.00637
0.649131
0.938835
0.780195
0.892628
0.670727
1.1773
0.915768
0.642249
1.26326
0.604892
1.00423
0.652956
1.42612
1.75835
1.63003
0.320112
1.08714
1.24094
0.68988
1.15912
0.51908
0.608111
1.35831
0.796178
1.17281
1.00495
1.0051
0.809289
0.529038
0.862222
1.18082
0.792055
1.22946
1.11812
1.06541
1.10677
1.21467
1.02083
1.02247
0.973495
0.767943
1.00031
1.06452
0.961597
0.773849
1.23304
0.761409
0.998828
0.778136
1.15368
1.08428
1.18571
0.781355
1.14017
1.18579
1.64063
1.32087
0.88917
1.04097
0.842929
0.862113
0.898212
1.19682
0.924192
0.886241
0.786495
1.73604
0.565369
0.612131
0.667994
0.917957
0.591355
0.938938
2.01954
2.27683
0.883158
1.25407
1.1208
1.21959
1.07392
0.846172
1.55187
0.867445
0.491903
1.16034
0.883199
1.12755
1.20274
0.797879
1.19448
1.29552
0.53843
1.00516
0.755394
0.725081
0.900333
0.633417
1.01427
0.944734
1.04202
1.2335
0.803159
0.847574
1.12743
0.652344
0.842362
1.35559
0.775653
1.50403
1.05578
0.541143
0.639723
0.49187
0.957828
0.563636
1.15049
0.834011
1.15152
1.03151
0.744367
1.14402
0.982079
1.15278
0.821782
0.34228
0.513498
1.23683
0.678065
0.667204
1.00075
0.846178
0.83458
1.10595
0.950249
1.22978
1.00105
1.22153
0.685789
0.391816
0.255732
0.756915
0.580604
0.943976
0.487172
1.35826
1.32378
1.22349
0.959803
1.01933
0.467886
0.850359
0.90344
0.631421
1.71596
2.32688
0.557479
1.10081
1.40676
0.856887
0.860664
1.54234
0.61956
1.07232
0.598786
1.19027
1.76645
0.86487
0.888491
1.24956
1.76267
0.987606
0.373256
1.18997
0.559406
1.22249
1.85264
1.32041
0.689679
0.755784
0.678076
0.855679
1.14156
0.642141
1.18527
0.948163
0.633503
0.776075
0.743289
0.924511
0.971891
0.80889
0.584814
0.945465
0.758397
1.21977
1.39901
1.33911
0.701346
0.722094
1.13887
0.888796
1.36241
0.714558
1.01775
0.915782
1.22175
0.494711
1.16348
0.663538
0.537784
1.38938
0.637742
1.64612
0.432338
0.663952
1.71966
2.10366
0.628464
0.504055
0.869961
0.891115
1.23832
1.73582
0.769433
0.862477
0.869301
0.709144
1.17506
1.00181
1.29962
0.957482
1.04348
0.711559
1.23645
1.07344
0.891767
0.590398
0.731871
0.887101
1.62384
1.14876
0.796732
1.38363
1.76994
0.771524
1.00468
0.790433
0.91337
0.746158
1.39609
1.00188
0.386241
0.678817
1.37656
0.865354
0.410508
1.15889
1.09985
1.74824
1.12862
0.802838
1.15724
0.669265
1.32663
1.06449
0.883044
1.2923
1.27797
0.975531
1.19412
0.994329
0.9812
1.08867
1.23686
1.36587
0.746962
1.15938
0.877546
0.905951
0.833564
1.17737
0.570718
1.09186
1.20495
1.60002
0.455576
1.07769
1.18899
0.59006
0.82454
1.25803
0.720996
1.41481
0.588192
1.11614
1.09213
1.21462
0.59703
1.01794
0.806301
0.927965
1.13859
1.23553
0.905913
1.66553
1.01769
1.09461
0.87007
0.56391
1.41266
1.03599
0.30037
0.986188
0.678154
1.28746
0.499407
0.630147
0.855488
0.798341
0.880891
0.983258
1.67262
0.817494
1.59368
0.965971
0.638426
0.957271
0.71838
1.35599
0.863944
0.731365
1.54334
0.550502
0.768307
0.957179
0.777892
0.868607
0.740392
1.2961
0.822001
0.6592
1.51274
0.634251
0.942975
1.6215
0.433738
1.68531
1.21829
0.710231
1.09885
0.855104
0.553466
0.907234
0.819228
1.2659
0.651958
1.28664
1.29648
1.07051
1.9732
1.1275
1.01399
1.09275
0.967681
0.594478
0.542661
1.10902
1.13112
0.795649
1.0854
1.37817
0.883688
0.970421
0.999078
1.0389
0.776922
0.942068
0.988084
1.34777
1.33091
0.933234
0.653879
1.33367
1.36136
1.23348
1.06281
1.0671
2.00428
0.551993
1.40088
0.929699
0.757495
1.15604
1.19672
1.11085
0.597185
0.579955
0.581113
1.01955
1.27719
1.0654
1.00316
1.79993
0.898476
1.10388
1.13527
1.52555
1.33298
1.18464
0.799516
1.32607
0.848317
1.30851
1.2585
1.19233
0.501466
0.88717
0.998211
1.03998
1.02188
0.569971
0.831829
0.763574
1.12702
1.39524
1.18794
0.861788
0.82792
1.38621
0.606341
1.08316
1.5187
1.04286
0.742797
0.843503
1.02456
1.42475
0.821395
1.46169
0.747648
0.870171
1.41029
0.974323
1.15927
1.16381
0.866042
0.554726
1.3528
1.50943
0.467626
0.805767
0.872183
0.487827
0.913994
1.16397
0.494286
0.999798
1.23492
1.04513
0.846495
1.17311
1.92428
0.871697
0.546243
1.12024
0.633168
0.828066
0.771695
0.518909
1.73372
0.976367
1.02909
0.614512
1.25105
1.1529
1.18523
0.742326
0.846386
0.709725
1.10008
0.704932
1.43108
0.583226
1.01545
0.839834
1.15923
1.02112
0.871985
0.811241
1.07355
1.23077
0.665239
1.22112
0.635317
0.873298
1.29783
0.651585
0.908461
0.900473
1.08847
0.634181
1.00257
1.20272
0.73529
1.19778
0.828531
0.837869
0.69339
0.904081
0.997236
0.756508
0.272435
0.724314
1.44486
1.442
1.00428
1.18654
1.34012
2.05707
0.8479
1.61817
1.13137
1.30548
0.915651
0.82403
1.04583
1.60628
0.689661
1.3749
0.773352
0.847492
2.55711
1.14388
1.21106
1.06109
1.00711
1.01329
0.826882
0.771795
0.644126
1.4004
0.636655
0.69917
1.25012
1.34539
0.84132
0.932893
0.900279
0.60419
0.487655
0.859629
0.961564
0.854775
1.01601
0.723414
0.9286
0.687124
0.711158
0.559104
1.23883
1.40788
0.938842
1.32424
1.77232
1.03996
0.832642
1.23793
0.594442
1.50493
1.26812
0.996223
0.754497
1.25661
1.10924
0.646477
0.646819
0.559276
0.902741
0.743477
1.08628
0.654747
0.502322
1.10277
0.868548
1.52148
1.26939
1.35655
1.01819
1.41742
0.94408
1.08491
0.493062
0.734179
0.594947
0.932095
0.909433
1.01164
0.746066
0.480801
0.477886
1.53846
0.749439
1.19842
0.841619
0.79977
0.548576
1.02993
0.983904
1.06499
0.979384
1.31114
0.887562
0.923046
0.843739
1.23881
1.15077
0.753631
1.20995
0.760634
0.844741
0.567094
0.64679
0.928045
0.796581
0.802129
1.53167
0.836444
1.41671
0.795383
0.78446
0.811504
0.708209
1.49574
1.07733
0.527061
0.817702
0.92909
0.948177
1.36537
1.06577
0.793984
1.22188
0.977838
1.22323
1.00902
0.991347
1.23995
0.977081
1.36478
0.791261
1.00909
0.847178
1.26395
0.854756
0.600129
0.955393
0.526925
1.47296
0.699919
0.923084
0.856277
0.549343
1.21643
0.646345
1.25636
1.42089
1.38009
1.49822
0.855033
1.48612
0.551703
0.551108
0.97189
1.18433
1.11679
1.26241
0.889491
1.95114
0.727731
1.03272
1.31615
1.05599
0.973416
1.02546
1.17801
1.17329
0.907119
1.35351
0.665984
0.943265
1.11696
0.791197
0.76573
1.00763
0.744211
1.18718
0.689392
1.55813
1.17184
0.774267
1.08475
0.911328
0.750274
0.473818
1.16846
0.749343
0.696907
1.51765
0.795762
0.715435
0.98097
1.229
1.35849
0.963453
1.22053
1.23082
1.48046
0.736029
0.811236
1.09104
1.12991
0.514203
0.735342
0.840404
0.621169
0.799364
0.708392
0.912009
1.10343
1.40703
1.53345
1.28955
1.31343
0.953919
0.753779
1.65466
1.05376
0.912173
0.592757
1.04956
1.04991
0.922851
0.865735
0.954136
1.05518
1.53171
1.09874
0.838844
1.02651
0.909061
0.701962
0.913688
0.806741
0.956194
1.11935
0.525022
1.15465
1.11766
0.614614
1.47163
0.675603
0.566489
1.31532
1.45094
0.806192
1.49072
0.810368
0.973944
1.31951
1.4535
0.633672
0.806479
1.30931
0.971341
0.930581
1.31899
0.861634
0.865276
1.05766
1.47709
0.350678
0.913287
1.45711
0.676617
1.01822
0.942062
0.948082
1.6138
0.791904
0.656683
0.988994
1.04073
1.31124
1.81298
0.876377
0.729218
0.774212
0.779207
0.777829
0.58118
1.18265
0.982856
0.938056
1.37527
0.628101
1.12633
0.984637
0.689915
0.862915
1.17488
1.0476
1.8346
0.753901
1.32049
0.681859
1.11516
1.32728
0.512973
0.945631
0.738663
0.705217
0.59655
0.693365
0.948693
0.954999
1.21771
0.896769
0.693082
1.12776
1.84292
1.0731
1.4684
1.00857
0.839776
0.753743
0.629816
0.864108
0.522893
0.628391
1.25874
1.35283
1.01294
0.56382
0.67887
1.46574
0.682098
1.20824
1.9316
0.971176
1.36632
1.20333
0.472311
1.16513
0.61574
0.564993
0.619742
0.705978
0.536593
1.2813
0.837041
1.32643
0.692959
0.51956
0.807211
0.504986
1.30403
1.29608
0.577163
0.79875
1.17759
1.26033
0.661847
0.512622
1.04398
0.880651
0.729433
0.855017
1.59005
1.3833
0.776221
1.33607
1.17433
0.837854
0.850886
1.17207
0.610221
0.552155
0.899516
0.644976
1.14413
0.636365
0.849422
1.14355
1.00811
0.875857
1.71696
0.905849
0.516925
0.902069
1.03141
0.937916
0.699668
1.38794
0.849848
0.716441
1.30755
0.831327
0.742023
1.07206
0.997307
0.813203
1.25287
0.514295
1.50806
1.10003
1.14479
0.700767
0.904666
1.51051
0.709241
0.777509
1.59951
1.15296
0.662893
1.06023
1.00982
0.72004
0.763415
0.547018
0.948562
0.9641
0.799973
1.22539
0.903063
1.0387
1.22799
0.903321
1.12987
0.551884
1.13713
1.00209
0.521919
1.46585
0.724462
0.894635
0.417071
0.941079
1.12663
1.01092
1.02926
0.857117
1.1711
2.01752
1.71886
0.916025
0.813884
0.833012
0.889258
1.22495
0.791781
0.921729
0.887195
1.78816
0.748126
0.775986
1.15691
1.40192
0.869426
0.900841
0.81791
0.439607
0.947251
1.63001
0.629955
0.62313
0.765727
0.880363
1.04768
0.959676
1.05386
1.04485
1.24437
0.768355
0.889307
1.15255
1.15078
0.916292
0.822725
0.910029
1.54344
1.52165
1.36839
0.762945
1.35918
0.953246
0.667037
0.411691
0.687642
0.422521
1.15871
1.0846
1.30695
0.757483
0.676437
0.48666
1.53978
1.9035
0.971779
0.59924
0.813304
0.359258
1.39602
0.520872
1.24584
0.726665
0.987716
0.98519
1.31209
0.387157
0.459403
0.54331
0.785622
0.742108
0.722899
0.830635
0.859547
0.818112
0.805325
0.843047
1.19469
0.987506
0.562399
1.35176
0.832898
1.0589
0.626181
1.10373
0.762477
0.770614
0.71627
0.445368
0.979077
0.957202
0.760896
0.898315
0.834105
0.530392
1.29357
0.947994
1.31671
1.58005
1.03832
0.55359
1.48726
0.807142
1.42346
1.0513
0.899852
0.965447
0.8424
0.90176
1.68968
1.21527
1.14667
0.613983
0.99576
1.32015
1.59932
0.710561
0.611354
1.04126
0.752501
0.748343
0.732744
0.896477
0.976078
0.913781
1.42118
0.356521
0.991957
0.621421
1.39776
0.682422
2.03943
0.745628
0.665817
1.34804
1.04883
1.05165
0.905804
0.567294
0.797437
1.00416
1.12338
0.826019
0.891196
0.928257
0.899554
0.989346
0.887535
0.973098
0.829824
1.08277
1.55471
0.730818
0.789885
0.828208
1.54389
0.615938
1.3259
1.39482
0.947095
0.852218
1.35359
0.89053
1.2353
1.20442
0.756132
0.623214
1.34389
1.64287
0.873998
0.856862
0.704768
1.18306
1.10798
0.742877
0.89361
1.44506
1.03147
1.38931
0.561549
0.843269
0.948745
1.38887
0.954666
0.984808
1.08881
0.538206
0.870049
1.28016
1.46072
0.958967
0.676693
1.64258
1.11037
0.895678
0.652606
1.0852
0.931066
0.965345
0.604886
1.32012
1.0524
1.45929
2.12383
0.528476
1.16904
1.05551
1.40992
0.990693
0.68364
0.872722
1.65512
0.704041
0.576735
1.00824
1.1466
1.04797
0.766406
0.952857
0.529452
1.11971
0.850897
0.644439
0.88173
0.354162
1.14073
0.924973
1.10002
1.31146
1.22773
0.986251
0.61935
1.11907
1.00456
1.05169
0.601859
0.896107
0.587787
1.34829
1.40809
0.963758
0.991691
1.13294
0.683322
0.894263
1.01453
0.665976
0.513651
0.635982
1.02343
1.52465
0.869162
0.985956
0.631913
1.46978
0.671332
1.11814
0.710357
0.866774
1.37174
0.838637
1.30554
1.05966
1.0214
1.45368
0.911412
1.62556
0.872145
0.960251
0.947665
1.3526
1.01644
1.08036
0.65138
1.50807
0.594093
0.711707
0.67841
1.25306
0.430182
1.23442
0.744856
1.09532
1.39102
0.665618
0.806242
1.88861
1.32743
1.43282
1.33034
1.11323
0.929489
1.17642
0.95116
1.09534
1.22522
1.51921
1.18039
0.747271
1.01755
1.40562
0.837101
0.96489
1.44914
1.73318
1.14163
0.810943
1.90798
0.94564
1.28257
0.988724
0.90451
1.40275
0.68295
0.682836
0.545381
0.776935
0.844548
1.03578
0.973838
1.08771
1.21998
1.27451
1.24881
0.643193
1.38238
0.533947
0.667874
1.45343
0.879611
0.949885
1.26863
0.986808
1.26424
1.55802
0.627779
0.813705
1.49124
1.11919
0.433289
0.881141
0.569868
1.3304
0.685633
1.11651
0.544091
0.993285
1.93437
1.05773
1.03771
0.84741
1.0586
0.777025
1.12221
0.469004
0.599049
1.03709
1.82505
0.50646
1.1592
1.47517
0.626485
0.625678
1.06394
1.50662
0.975259
1.65762
1.45383
0.937685
1.1319
0.799557
1.17735
0.590732
1.59597
1.02932
0.819613
1.00923
1.32062
0.788876
1.22729
1.40988
0.746787
1.13523
1.31357
0.926367
1.30657
0.986911
0.438291
0.761786
0.736574
0.862408
1.02281
0.884318
0.909073
1.02505
0.922663
0.772725
0.470496
0.437115
1.11387
0.808504
0.792183
0.806256
1.02501
0.71582
0.71497
0.985693
1.28626
1.19389
1.12498
0.727766
0.792442
1.09525
1.10295
1.10332
0.580866
0.962935
0.900618
0.868435
0.772438
0.977741
0.869432
1.17583
0.570225
0.8515
1.34317
0.704604
0.688097
0.712252
0.875138
0.577321
0.754387
0.776948
1.33666
0.908888
1.54837
1.05414
0.673702
1.10463
0.799469
1.41391
1.00558
1.21895
1.34194
0.754621
0.760524
1.35656
0.733474
0.862871
0.878962
0.764476
1.23799
0.96362
0.784226
0.803534
1.06658
0.975982
1.03383
0.684265
1.01998
0.730617
1.39881
1.33778
0.772652
1.29876
0.845434
1.36311
1.47385
0.983452
0.901337
1.46526
1.98942
0.564678
1.20099
0.843794
0.922266
0.900499
1.72119
0.714409
1.32127
0.645835
1.15582
0.671479
0.489828
0.76907
1.03256
0.920498
0.812879
1.23362
1.24864
0.725751
0.903379
0.985505
0.676208
1.17703
1.16483
0.727434
0.701159
0.681361
0.88082
1.11687
1.36918
0.673236
1.54344
1.13182
1.07645
0.713437
0.709676
0.913956
0.379143
1.19854
0.744513
1.02953
0.661246
0.753224
0.554321
1.31124
1.14856
0.780017
0.642321
1.02166
1.08411
0.85211
0.663585
1.06394
1.14273
1.14796
0.960283
1.4073
1.27981
0.984943
0.819522
0.787316
1.2989
0.671268
0.862715
0.941358
1.20352
0.849531
0.73007
1.17189
0.953838
1.65551
0.967684
0.826189
0.811047
1.18512
0.560354
0.760172
0.732343
1.50753
0.879704
0.739955
1.35444
1.21045
1.05396
1.3761
1.29114
0.855109
0.668818
0.458065
0.778434
1.24551
0.986974
1.30158
0.879604
0.44962
0.701185
2.13202
1.38465
0.7343
1.38537
1.33394
0.688081
1.13252
0.782672
0.749511
1.48242
0.915987
0.95796
0.639111
1.11463
2.38027
0.722535
1.01611
1.33956
0.93256
1.06865
0.934896
0.960208
0.597085
0.860522
1.04838
0.773342
1.15204
1.03515
0.786141
0.690739
0.703151
1.1075
1.26404
0.850363
0.855808
1.12804
0.844184
1.0039
1.28965
0.58158
0.569059
0.951584
0.85976
0.790907
0.972199
0.972151
1.23272
1.27159
0.897239
0.881022
1.05533
0.611725
1.029
1.65111
0.788563
1.15616
1.3678
1.01374
0.99641
0.968451
0.947647
1.90696
1.11355
1.16018
0.768911
1.26859
1.10147
0.828853
1.32538
1.37426
0.893625
0.302084
1.13278
2.03005
0.629904
1.12425
0.940693
0.682136
1.3343
0.561349
0.684676
0.446047
0.573049
0.621271
1.02995
1.14156
1.49245
0.690337
0.596229
0.827764
0.38279
1.37624
0.962046
0.900203
1.0095
0.71269
0.890666
0.486949
1.33352
1.03583
0.671496
1.65093
0.997112
1.10746
1.11884
0.816992
1.17169
1.27639
0.800043
0.997943
1.01571
0.912555
1.09567
1.35685
0.523527
0.692722
1.47018
1.16844
0.711428
0.534168
1.82352
1.35657
1.45551
1.50796
0.937559
0.879019
0.754304
0.908578
0.797707
1.13735
0.934576
0.98304
1.48461
1.81249
0.813853
1.24297
1.03102
0.553377
1.07994
0.528759
0.981595
0.850014
2.0143
1.23186
0.917475
0.861213
1.15106
1.01241
0.854897
0.780156
0.362376
0.871455
0.986682
0.617945
0.932353
0.460965
0.933395
1.5538
0.734833
0.73731
1.08667
1.20913
0.359965
0.805519
0.490369
0.784218
1.09271
1.2191
0.969035
0.80989
1.3595
0.746801
1.0752
0.678838
0.792189
0.811649
1.2595
1.11179
0.340751
1.33472
0.694556
0.841527
1.36653
0.979238
1.13923
0.828731
0.688612
1.48188
1.41469
0.827087
0.641636
0.784712
1.35535
0.805307
0.942523
0.599196
0.63847
1.31297
0.876435
1.07454
1.64225
1.14039
1.05204
0.677701
1.4883
0.985505
0.343643
1.36192
1.23078
0.655654
1.64953
0.554684
0.47117
1.1553
1.22753
2.11338
0.995131
1.04659
0.6945
0.934209
1.11945
0.666503
0.753723
0.348099
0.785692
0.497256
0.665579
1.12756
0.701635
1.06437
1.09848
1.29976
1.03389
0.475601
1.18394
0.601766
0.480701
1.0668
1.26438
1.59199
0.994394
1.3707
1.03647
0.991149
1.26214
1.1874
1.50503
0.941042
1.57629
0.911682
1.52095
1.23793
1.28102
1.42348
1.4385
1.52304
0.741174
0.965712
1.39646
0.860189
0.629455
1.00938
1.0498
0.685732
1.07677
0.796511
0.966608
1.26494
0.969923
1.23304
1.1297
0.567348
1.10959
1.17952
1.06411
0.923317
1.3802
1.41067
1.39801
0.430347
0.460274
1.23459
0.70458
1.14377
1.00625
1.15649
1.44615
1.5525
1.18705
1.15319
0.864816
0.879209
0.522551
0.59211
0.948288
0.802503
1.02292
0.750904
1.25422
1.51908
1.0219
0.871658
1.20162
1.22523
0.918571
1.07614
1.58984
1.25877
0.761391
0.871952
0.562932
1.48799
1.02987
0.89676
1.50917
1.05565
1.3239
0.921889
0.755699
1.9421
1.70414
1.49993
0.81586
0.632383
0.397736
0.653674
0.535748
1.25847
0.811251
1.16978
0.886783
0.995761
1.61202
0.820953
1.79339
0.747659
0.467252
0.725545
1.61503
0.999826
0.766847
0.800638
0.859632
0.821687
1.81019
0.451956
1.61224
1.08403
0.761462
0.698284
0.703541
1.12355
1.48641
1.07571
2.04641
1.39624
1.44628
1.0097
0.92897
0.990814
1.0165
0.737165
1.91008
0.630227
1.44106
0.738759
1.0713
0.941627
0.727632
0.986891
1.02601
1.0649
0.797937
1.4673
1.27666
0.497177
0.859619
0.84119
1.20689
1.39108
0.581136
1.22785
0.829842
0.654784
0.997699
0.862173
0.951546
1.20159
1.27359
1.26838
1.0966
0.945695
0.9069
0.951952
0.880019
1.01393
0.716891
0.558656
0.777172
1.88555
1.16321
0.872482
0.743425
0.636915
2.06605
0.715715
1.04013
1.40906
1.31267
0.914958
1.40689
0.994025
0.780931
0.666739
0.858981
1.11251
1.17231
1.67752
1.10975
0.543678
0.540141
0.985657
0.846021
0.753805
1.10603
1.00929
0.618283
0.770687
1.51485
0.71909
0.987861
1.56487
0.862999
1.13291
0.526247
1.06113
0.527007
0.837206
0.966786
0.574983
1.27227
0.402309
1.452
0.700037
0.999872
0.766866
0.441788
0.778294
1.23982
0.794431
0.91135
0.760909
1.39161
1.48743
0.607677
0.956841
1.10078
0.640659
0.856972
1.39561
1.50272
0.913288
0.788323
0.925755
0.829889
0.738371
0.988619
1.00028
1.33032
1.26552
0.66655
1.03207
1.14141
0.462551
1.59297
0.963646
0.856743
0.91314
0.818217
1.08407
1.65288
1.28096
1.12473
1.03589
0.948775
1.64843
1.10707
1.95058
0.341934
2.38348
1.43969
0.44761
0.839915
1.44049
0.963892
0.72586
0.608911
1.30811
1.22626
0.964976
0.843855
0.695103
1.35988
1.50697
0.94079
1.44696
0.913428
1.66595
1.7791
1.08348
1.1465
1.12705
0.982616
0.96736
1.01757
1.56403
1.43246
0.983695
0.914775
0.839573
0.667403
1.07814
1.18955
0.393869
1.45417
0.881065
0.798614
1.47369
0.859408
1.26701
1.21814
1.26846
0.770585
0.932264
1.23535
1.34491
1.2029
1.1081
1.11858
0.61444
1.33734
0.509717
1.09553
0.852708
0.935498
0.740531
0.755937
0.789255
1.06905
1.22892
0.716849
0.844066
0.712076
0.778967
0.718727
1.15185
1.59237
0.925356
2.16994
0.707567
1.02854
0.699026
0.827771
0.758228
1.13313
1.05973
0.73818
1.40968
0.999298
1.51215
0.954107
0.985496
0.579417
1.41846
1.4395
0.999236
0.460687
1.47942
1.28621
1.34824
0.500242
0.732906
1.12362
0.819802
0.782855
1.13959
1.54542
0.844765
0.987398
1.12541
0.775061
0.862247
1.07209
0.822677
0.73019
1.3156
1.02393
1.2851
0.600004
1.17656
0.867506
1.34354
0.823927
0.471048
0.838691
0.728333
1.12137
0.554961
0.629991
1.2761
1.27725
1.26632
1.33229
1.03421
2.04718
0.771695
0.90649
1.65653
0.763414
0.925154
0.705084
0.589734
0.994627
1.09257
0.845526
0.744099
0.692954
0.936122
1.15142
1.206
1.16726
0.747648
1.19419
0.53764
0.490267
1.3334
1.03849
1.65066
1.21525
0.599878
0.522008
1.30465
0.757949
1.67179
1.12255
1.7169
1.28917
1.22385
0.584449
1.26795
0.735205
0.958233
1.14335
0.886884
1.1569
0.978401
1.02103
1.1053
0.720276
1.03141
1.07734
1.26623
0.587055
1.13045
0.430469
1.34385
0.573801
1.84706
0.455447
0.855031
1.10034
0.777562
0.977141
1.01849
0.774991
0.897123
0.87688
1.07213
1.51762
1.15876
0.965807
0.71229
1.08337
1.19389
0.75891
0.524915
1.44066
1.11935
1.20683
1.30784
0.712377
1.29334
0.914763
1.19304
0.740856
1.54326
0.712965
1.64962
0.313836
1.11008
0.889821
0.581913
0.724302
0.687323
0.899721
0.618583
0.823155
1.68609
1.03935
1.13684
1.10914
1.13391
1.24553
1.19093
0.490592
0.953609
0.718038
1.28832
0.974116
1.23171
1.98336
1.13161
1.05299
0.699801
1.73014
0.880905
0.440838
1.76987
0.899335
1.34222
1.2156
1.20166
1.41064
1.43322
1.36424
0.463139
0.85673
1.48777
0.685885
0.964932
1.10067
0.541336
1.24406
0.926659
0.622218
0.809268
0.47113
0.930305
1.61737
1.04497
1.06219
0.92495
0.628902
0.996556
1.19658
1.14058
1.32844
0.988923
1.51928
0.861092
1.22743
0.651542
0.632803
0.710743
1.74908
0.800023
1.05484
1.17991
0.680501
1.24033
1.07366
1.01538
0.928564
0.671398
1.01004
0.777695
0.601415
0.726128
0.876914
1.12897
0.734607
0.841601
0.783969
0.797191
1.06819
0.738996
0.774032
0.744222
0.830412
1.20703
0.596125
1.66523
0.96053
0.753832
1.23346
0.891456
1.34991
2.17988
0.764078
0.883344
0.872848
0.753795
1.09087
0.790176
0.82855
0.730124
1.01172
0.646613
1.23488
0.862444
1.22675
1.3482
1.04872
0.676253
1.19881
1.02963
0.423832
0.856736
0.658758
0.728127
0.810562
1.29456
1.58197
1.2239
0.777012
0.940668
1.14269
0.61351
0.972765
0.499209
1.29818
1.0057
0.738229
0.56831
1.17421
1.32281
0.922215
0.699606
1.60317
0.458372
1.05165
0.616811
0.721773
1.15475
1.13924
0.828968
1.53016
0.729722
1.0346
1.26598
0.544879
1.53855
1.0096
1.10065
1.84082
0.560375
1.21542
0.851427
1.00795
1.22743
0.975237
0.918065
1.24055
0.334211
1.06244
1.88421
0.940241
0.999178
0.977153
1.04262
0.931322
0.668552
0.605587
1.04338
0.990584
0.844337
0.990593
0.866185
0.750991
1.04421
0.853597
0.924866
1.64946
0.87039
1.26306
0.94357
0.548445
1.61175
0.711948
1.35348
0.645869
0.797409
0.775365
1.00672
1.16019
0.609354
0.523745
0.628929
0.961379
0.910839
1.14462
0.625152
1.10036
0.750848
1.2039
1.06203
1.46689
0.990572
1.02048
1.25862
0.788795
1.32871
1.02549
0.768441
1.11477
1.05975
0.191349
1.10046
0.581211
1.44618
1.91416
1.05899
1.5229
1.52674
1.62283
1.41665
0.759081
1.19226
1.68286
0.610818
1.35945
0.724514
0.927823
1.25909
1.12998
0.583148
1.20886
1.38927
0.808017
0.999003
0.949621
1.05028
1.57511
1.20133
1.1
1.30719
1.34757
0.957099
0.839767
0.765539
0.887821
0.878764
0.360475
0.913234
1.08892
0.70759
1.05625
0.879368
0.591712
1.0987
1.12749
1.2647
1.48979
0.959261
0.831614
1.37912
1.66644
1.84638
0.992641
1.2027
0.963834
0.771555
0.498425
0.983294
1.15381
0.782168
0.60023
1.18674
1.04822
1.32581
1.14587
0.545885
0.933325
1.02893
1.54971
0.933564
1.15245
0.787614
1.51725
1.13608
0.897266
0.841785
0.685684
0.635843
1.39644
0.990013
0.610044
0.779788
1.2392
1.31533
0.916731
1.13349
1.33738
1.05855
0.778616
0.363082
0.854701
1.13684
1.48431
0.641495
0.59482
1.07902
0.864663
1.11439
0.723638
1.57452
0.583908
1.23774
0.587754
0.56997
1.26753
1.77776
1.14317
0.863945
1.36226
1.19337
0.990578
1.45289
0.656149
1.18322
0.809377
0.978735
0.887032
0.727964
1.26988
0.930201
0.459838
0.735596
1.28899
0.832359
0.770196
1.64155
1.4221
1.052
1.05925
1.27314
1.05947
1.52839
1.3885
1.08684
0.618618
0.51922
1.02782
0.659575
0.855738
1.40526
1.40495
1.1006
0.596286
1.62895
0.940034
1.11387
1.31876
1.18917
1.24668
0.814158
0.961884
1.01127
1.04773
1.07616
1.29773
0.828863
0.523168
0.612816
1.44164
1.0907
1.43406
0.549542
1.09544
1.67234
0.649134
1.24794
1.27551
0.806225
0.769644
0.552245
0.757532
0.981714
1.04415
0.989503
1.06076
0.669843
1.06047
1.1496
1.42289
1.0159
1.17801
0.966836
1.08862
1.09617
0.722375
1.72906
1.06908
0.859653
1.08058
1.27833
1.27643
1.32376
0.947838
1.34888
1.36099
1.72717
0.896039
0.831705
1.20336
0.940939
0.558877
0.777729
1.06961
0.738602
0.88332
0.937413
0.723528
0.985905
1.04458
1.01318
1.26891
0.912714
0.792984
1.10739
0.894249
1.42071
0.847238
1.40842
1.05039
1.04061
1.49145
1.45289
0.677201
0.918385
0.854477
0.959456
1.08828
1.41517
0.850166
0.723812
0.769521
0.671669
0.676714
1.52988
0.561817
1.24283
0.811409
0.889228
1.03997
2.15913
0.731353
0.823377
0.973354
1.00871
1.30669
0.847037
0.953233
0.969802
1.27699
1.33012
0.718427
1.02387
0.528913
1.04828
0.888198
1.20251
0.907115
1.35928
1.15794
1.17851
0.449894
1.21878
1.0987
1.0019
1.0893
0.918661
0.565943
0.96513
0.694194
0.684214
1.72188
0.892275
1.66354
0.728224
0.473071
0.947317
0.990777
1.49129
0.614757
1.36911
1.02079
1.0677
1.04876
0.97467
0.777188
1.00459
1.88984
1.15891
1.20707
1.02142
1.1345
0.914686
0.880407
0.843357
0.985428
0.837362
1.02721
1.11916
0.60532
0.625223
0.616696
0.800301
0.594549
1.23649
1.09082
0.490882
1.32275
0.86376
1.37401
0.877731
0.853943
0.952962
0.621249
1.00686
1.06654
1.02055
1.08123
0.892137
0.823736
1.25094
1.09443
1.0011
1.15068
1.06749
1.13177
0.973557
1.21433
1.44578
1.56734
1.54462
1.16112
1.14881
1.3358
1.17573
0.858111
1.82034
1.16518
0.957891
0.77818
1.4792
1.08994
0.975768
1.51628
1.44616
1.50865
1.34203
1.35984
1.01695
1.14848
0.744279
0.472724
1.01158
0.620718
1.12653
0.567747
0.694568
1.05185
1.21539
1.19262
2.13931
0.828661
0.683002
1.00348
1.18611
0.70124
0.91051
0.514913
1.26806
1.12976
1.82109
0.99415
0.889546
1.36751
0.466333
0.786428
0.56001
0.773538
0.873917
0.609648
0.834313
1.18771
0.719019
0.575255
1.1438
0.885653
1.37107
1.28526
1.73877
0.621118
0.875098
0.982635
0.8604
0.708164
0.788109
0.602263
0.778428
1.42966
1.05241
0.698998
0.874949
0.817584
0.824391
0.904415
1.17863
1.08807
0.720367
0.939957
0.939738
1.23644
0.575406
0.8502
1.26171
1.28049
1.06473
0.855445
0.675306
0.886428
1.66642
1.24153
0.894436
1.08411
0.63398
1.39442
1.15344
1.17528
0.786135
1.46358
0.716782
0.693876
1.12373
1.43148
0.796238
0.588953
0.880906
1.55546
1.33075
0.559712
0.553419
1.12562
1.06013
0.854983
0.961221
0.941546
0.871907
1.4046
0.973596
0.982248
0.997994
1.19218
2.26551
0.90892
0.711457
0.928625
0.973564
1.29954
1.01431
0.943046
1.22941
1.00106
1.32984
0.842258
1.33274
1.96499
0.958135
1.06129
0.751265
1.15228
0.996827
0.464995
0.368951
1.48473
0.954816
1.1245
0.702046
0.682555
0.662345
0.839639
0.55442
1.16474
0.946889
1.34106
1.00292
0.85968
0.544751
1.2856
1.61763
0.950766
0.938206
0.914855
1.2223
1.20517
0.569225
0.53492
0.620822
0.717393
1.00482
0.560499
0.69734
0.988928
0.983863
1.07106
0.610999
0.808776
0.671722
1.11759
0.948606
1.28649
1.10841
0.788738
0.557433
1.13343
1.26714
0.826214
1.08136
0.927553
1.10482
0.889961
1.09981
0.82329
1.19123
0.649161
0.624261
0.740752
1.112
0.984929
0.976628
1.24429
1.03689
0.527674
0.825437
1.17018
1.04859
0.577993
1.0386
0.781193
0.836789
0.683294
1.63229
0.503514
1.40933
1.07103
0.80829
0.734672
1.27998
0.856402
0.562796
1.092
1.12577
0.919116
1.30732
0.952071
1.17156
0.692292
0.942183
1.11569
1.17762
0.560325
1.03312
0.67024
0.748313
0.890941
1.38095
0.602426
1.20475
1.88516
1.70291
0.892203
1.10011
1.53421
0.800375
0.809076
0.83622
1.26268
0.81325
1.08917
0.860026
1.14813
1.16849
0.807623
0.848052
0.99845
0.949614
1.44903
0.734794
0.998548
1.10517
1.54402
1.31863
1.19703
0.572879
0.889871
0.700942
1.13625
0.522445
1.12999
1.07774
1.16558
0.619394
1.02929
0.947028
0.766564
0.935611
1.13355
1.5643
1.14912
0.426361
1.01165
0.735254
1.29237
0.779251
0.758198
0.965001
0.990365
1.25516
1.19004
0.914922
1.29937
1.40544
0.639935
1.65482
1.12291
1.30213
0.610373
0.531254
1.24038
1.4398
1.55502
0.704174
1.22094
1.90158
1.09466
0.939213
0.954928
0.897516
1.32938
0.856717
1.74511
1.12466
0.801578
1.06797
0.903824
0.819505
1.07924
0.665557
0.717089
1.13508
0.886795
1.0077
0.695656
1.30107
0.593977
0.558644
1.23309
1.08557
0.835022
0.659692
0.898528
0.92689
0.635066
0.683068
1.29151
1.05438
0.713252
0.940001
1.86875
1.07902
1.30831
0.756069
0.909299
0.691238
0.8005
0.70713
1.25198
0.844375
0.723085
0.735791
0.803224
1.01718
0.891831
1.07204
0.920328
0.827501
1.26556
0.787769
0.572675
1.10248
1.28246
1.2057
1.53873
0.766495
2.24842
1.00932
0.562621
0.700337
0.914945
1.04988
1.25395
1.16129
1.15082
0.753522
0.91243
0.979754
1.35741
0.838509
1.46818
1.10673
1.25306
1.04666
1.57461
0.890995
1.18517
1.34068
0.372207
1.11918
1.01851
0.723662
1.16594
0.918415
0.974681
1.15474
0.594718
1.58528
1.10379
1.55576
0.507474
0.975029
1.21611
0.471316
1.26293
0.914212
0.475568
0.922516
1.39503
1.34804
0.580817
1.10705
0.800975
0.734972
1.44222
0.925213
1.10228
0.48255
0.785617
0.921399
1.01797
0.804523
1.11842
1.20508
0.612698
0.947505
1.49956
1.69152
0.801638
1.04293
0.908841
0.81495
0.614889
1.32903
1.27289
1.05216
1.22439
0.752293
1.05432
1.6102
0.991824
1.06997
0.986412
0.72358
0.763596
0.915858
1.03326
1.01877
1.02236
0.91474
1.01014
0.742321
0.703665
0.479787
1.11327
0.498047
1.12357
0.837327
0.720253
0.706709
0.781076
1.31065
1.65195
0.831372
1.1641
1.09032
0.639192
1.41431
1.33087
0.63808
1.82494
0.769348
1.38297
0.605011
1.36519
1.17164
0.925661
0.857076
1.10581
1.52312
0.574665
0.658672
0.948762
0.684637
0.656528
1.50611
0.555512
0.782112
1.0029
0.703524
1.57497
1.27611
0.976028
1.14437
1.08139
1.54393
1.30295
0.809723
1.60993
0.925904
0.864166
1.06934
0.389614
0.669626
0.964485
0.889969
1.18373
1.37308
1.02255
1.29881
0.731683
0.758203
1.37778
0.720644
0.755069
1.07693
1.07109
1.08499
1.01505
0.542168
1.09371
1.29412
0.727529
0.492998
0.96526
1.06566
1.33279
0.645903
0.975248
0.582283
0.84134
1.23327
0.801837
0.895158
1.05159
0.598623
1.68087
0.598512
0.857184
0.475432
1.28644
1.3286
1.43964
2.00735
0.70473
0.848816
0.548698
0.662078
0.706878
0.83611
1.19192
1.99283
1.2877
0.982483
0.53457
1.14661
2.16528
0.866736
1.10446
0.682326
0.999411
1.05072
1.39637
1.16092
1.01281
0.791169
2.52776
1.42502
1.01333
1.30226
0.641861
1.12421
0.914941
0.903973
1.08216
0.905328
1.40029
0.883688
0.780815
1.11482
0.904246
0.936679
1.00369
1.04219
0.90414
1.40602
0.967737
1.67277
1.2002
0.926235
0.671293
0.647798
0.922669
1.34041
1.11497
1.17796
1.09657
1.07734
1.33653
0.733096
1.38036
0.596493
0.728259
0.952136
1.25847
0.916404
0.903359
1.22051
0.533912
1.04169
0.93489
1.23625
0.744929
1.00449
1.03639
0.665386
0.487749
1.54489
0.996359
0.516395
0.883688
1.33514
0.884273
0.385496
1.23683
0.962709
1.00558
0.756863
0.544684
1.14042
1.11606
1.09814
1.2697
0.689401
0.893351
1.1283
0.420333
1.23074
1.23123
1.30547
0.655565
0.837718
0.768924
1.54497
0.950847
0.991005
1.15988
1.03048
0.439177
0.950626
0.566481
1.06327
0.579209
0.78521
0.842489
1.76482
1.72608
0.868749
1.82861
0.960341
0.81252
0.924598
0.945902
0.584523
1.13798
0.709151
1.06793
1.06478
0.772233
0.949943
0.982423
0.872636
1.93949
0.642469
0.6668
1.26905
1.5003
0.769703
0.546147
0.874302
1.20335
0.723988
1.29404
1.41501
1.10663
0.858961
1.22155
1.52563
0.719661
1.071
1.37919
1.4021
1.34579
1.68325
0.752588
1.1859
0.993187
0.597486
0.741104
1.03681
1.83428
0.983463
0.858658
0.777202
1.00968
0.711292
1.20958
0.745234
1.30232
1.92285
0.527519
1.11461
0.563471
0.53879
0.661338
0.926363
1.0884
0.622538
0.880417
0.681781
0.9634
1.7733
0.749891
1.25552
1.55131
0.809275
0.961784
0.894077
1.09223
0.694906
0.519441
1.30943
1.46187
0.536967
1.02077
0.597122
1.09836
1.45459
0.720267
0.819282
0.914824
1.41595
0.762999
1.09812
0.712417
0.956958
1.7988
1.20346
0.946738
0.629666
0.723955
0.80542
0.720488
0.928316
0.654308
1.15844
1.07301
0.944422
1.04035
1.03014
1.00195
1.27648
0.790419
0.92337
1.03078
0.835362
0.905323
1.08881
1.1947
1.07909
0.581165
0.845469
1.00614
0.988042
1.41741
0.820378
1.42986
1.46493
1.19634
0.687972
0.669697
0.669207
0.743912
1.01927
0.890848
0.989511
1.07636
1.01044
0.57853
1.17595
0.76867
1.43693
1.82459
1.26797
1.05137
0.741789
1.17257
0.567451
1.18458
1.32324
1.01873
0.548472
0.782176
0.926593
1.23685
0.69011
1.32462
1.17674
0.774583
1.15155
0.963364
0.873864
0.572267
1.35939
0.49777
0.964392
1.03671
0.789973
0.647906
1.00894
0.821246
0.588191
1.09461
0.918479
0.646903
0.957818
0.737694
1.23773
1.06924
1.31547
1.05969
1.12111
1.23108
1.00884
1.28111
0.554781
1.16295
1.00396
1.46296
1.43749
1.22531
1.01431
0.927771
0.889435
1.24452
0.850867
0.865597
0.872212
1.63523
0.847822
0.982109
0.613144
0.825694
0.598243
0.842235
0.949743
0.456137
1.33164
0.933388
0.568627
1.43715
1.39832
1.07705
0.795621
1.18366
0.922662
1.33084
0.967064
1.13536
0.968839
1.14315
0.942125
1.20864
0.438333
0.668305
1.21257
0.967407
0.829466
1.15894
0.948415
0.53538
1.03104
0.748119
1.1587
1.38265
0.570811
0.996543
0.743616
0.84411
1.05671
1.15182
0.62048
0.719413
0.672085
1.00812
0.773474
0.615468
0.670493
0.507254
0.370256
1.05037
0.873787
1.35781
1.45851
0.779817
1.14626
1.06833
0.829933
1.09745
0.987058
0.905527
0.995396
0.64108
1.05
1.48244
0.702734
0.873741
0.806603
0.984196
1.70468
0.393084
0.659797
0.441023
0.758847
0.850251
0.99219
1.67053
1.06909
1.80075
1.10863
1.13433
0.574662
1.11521
1.13633
0.933231
0.875204
1.3859
1.11608
1.19152
1.29106
1.08262
1.3552
0.553798
1.58468
0.716457
0.560334
0.78722
1.10843
1.02712
0.731601
0.944001
0.666712
0.915945
1.13003
0.771221
0.873947
0.77539
0.851562
1.01918
0.909547
0.947486
1.59277
1.1248
0.586716
1.32664
1.79635
1.05342
0.700636
0.483248
1.49768
0.693399
1.00394
0.989881
0.988046
1.4292
0.921604
0.592104
0.674425
1.05087
0.923894
0.706454
0.919622
0.982305
1.45832
0.789438
1.00729
0.714798
0.740369
0.901494
0.544415
0.689808
0.611113
0.752021
0.789774
1.34969
0.813594
1.03281
0.586682
0.401885
0.77441
1.30058
1.08948
1.18477
0.87525
0.849023
0.645745
1.08004
0.560459
1.38298
1.16795
1.15991
0.644242
0.901232
0.733107
0.862021
0.8409
1.80947
1.20342
0.723901
0.896449
1.18072
1.27708
0.880581
1.03407
1.06367
0.920914
1.06472
0.644269
0.975927
1.27327
0.973085
1.09771
1.06044
1.08767
0.816054
0.809381
0.741695
1.09487
0.624869
0.75894
0.6538
1.52037
0.93513
0.787881
0.851671
1.35242
1.0484
1.01469
1.06738
1.22052
0.915648
0.848805
0.873084
0.80967
0.970059
0.522739
1.26056
0.547381
0.471643
1.1752
1.08192
1.11618
1.20674
0.736211
1.01064
0.736772
0.82854
1.06153
1.12825
1.05729
0.943596
0.784862
0.829264
0.390918
0.768638
0.88654
0.852576
1.46334
0.552983
1.06911
1.37904
0.757822
0.665753
1.04373
1.14577
1.39318
1.18319
0.707427
1.41015
0.527029
0.883266
1.11332
0.329111
1.08596
1.38013
0.790488
1.07324
0.84535
1.00033
1.07415
1.17603
1.00941
1.12216
0.628106
1.42455
1.42303
0.789095
0.767753
0.892359
0.847436
0.921139
1.40151
0.498042
0.376494
1.49035
0.814499
0.725005
0.528578
0.898629
0.799071
0.619398
1.27998
1.43193
0.755994
1.18267
1.19112
0.729607
1.11302
0.743031
1.40517
1.17512
0.842107
0.49433
0.530746
0.666654
0.91431
1.2928
0.899596
1.61431
1.13471
1.08932
1.34031
0.920023
0.96247
1.26184
1.09468
1.81048
0.571278
0.831486
0.75336
0.628593
0.857112
0.926433
0.832407
1.16358
0.798106
1.73403
1.30904
0.75384
1.51238
1.08857
1.08422
0.6787
0.750402
0.955569
0.689277
1.33372
1.19677
1.11323
1.03706
0.612628
0.83672
0.623057
1.49463
0.749934
1.02058
0.730437
0.650805
0.901352
1.15813
1.6311
1.85407
1.03031
1.29868
0.949082
0.891249
1.24114
1.02399
0.765595
1.64189
1.78208
1.46608
0.803402
0.639133
0.977375
0.307883
2.00258
0.822716
0.810188
1.42455
0.755913
0.837861
1.18887
0.706509
1.16755
1.30757
1.37068
1.23305
0.995842
0.482521
0.864223
1.00075
0.592667
0.851857
1.16836
0.752734
1.23982
0.616725
1.39323
1.14527
0.959678
0.948558
1.0307
0.909237
0.689324
1.04434
1.02932
1.54988
0.903947
0.82151
0.953026
1.07863
1.82259
0.637914
1.68643
0.933459
0.554942
1.18916
0.850743
0.70868
0.938207
0.944065
1.06633
0.74424
1.5876
1.06317
1.01833
1.05172
1.35744
0.963652
0.903739
1.05601
1.52178
0.969057
0.817067
1.22143
1.40627
0.91715
1.12954
0.830183
0.580777
1.15249
1.35486
0.37404
0.721743
1.46731
1.05019
0.919444
0.52561
0.847986
1.03322
1.39763
0.516796
0.983793
0.766115
1.13349
1.49725
0.837729
1.28645
0.874947
0.922694
0.653291
0.601185
0.721372
0.662993
0.767077
1.04724
1.4092
0.766555
1.66022
1.40442
0.944125
1.3859
0.497068
0.60274
1.28849
1.24602
0.893872
1.18311
1.0504
0.939946
0.822952
0.810603
0.494381
0.472775
1.24674
0.957172
0.687599
0.615405
1.21902
1.44222
0.806958
0.965275
1.1847
1.47933
1.77946
1.55317
1.28554
1.63643
0.887581
0.33647
1.12238
1.33606
0.794743
1.02399
0.802495
1.15033
1.06469
1.18387
0.913445
1.16664
0.667669
1.40006
1.14491
0.708426
1.35129
0.810406
1.80361
1.63265
0.415891
1.34568
0.830598
1.05695
1.34852
1.1649
0.74811
0.779506
1.11282
1.59612
0.977487
1.42528
0.877704
1.11372
0.790271
0.658518
1.6147
0.481326
0.797569
1.37612
1.00647
0.544884
1.20726
0.676883
1.07877
1.88551
0.577614
1.28344
0.693394
2.04272
1.15571
0.987692
0.976911
0.813211
0.590643
1.41072
1.03372
1.15473
1.2761
0.912762
1.02632
1.28371
0.379467
1.27847
0.634503
0.824746
1.15951
1.33686
1.82978
1.51199
0.948334
0.465886
1.34923
1.19672
0.914102
0.847472
0.941059
1.13334
0.736106
1.05776
0.684238
1.00208
1.02144
0.971877
0.900684
0.988838
0.880599
1.21738
1.09035
1.07228
0.953832
1.25605
0.903307
1.09277
1.03082
0.899488
1.81716
0.937931
0.967133
1.38098
1.04242
0.832174
0.777115
1.39923
0.696651
0.410416
1.77092
0.918379
0.88879
1.12867
0.850836
0.712422
0.892129
1.20576
1.15638
0.590155
1.37457
0.501696
0.808059
0.577522
0.623319
1.1934
1.30097
1.22947
1.06669
0.462813
0.924966
1.02944
0.890184
0.931218
0.878692
0.781801
1.14783
0.744859
1.00285
2.00576
0.966123
1.29372
1.11505
0.629471
0.894729
0.981685
0.603767
0.736156
0.73381
1.28824
1.26105
0.582732
0.592157
0.625667
1.15627
0.847236
1.04648
1.43103
1.11852
0.922691
0.643763
1.15066
0.459882
1.11431
0.555289
0.609638
1.71459
1.24238
0.902653
1.22971
1.5109
0.569421
1.14688
0.54821
1.42475
0.920344
0.603118
0.698747
1.16856
1.23833
1.61502
1.03691
0.93624
1.44507
0.918935
1.01751
0.888338
0.952791
0.505182
1.13431
0.442624
0.974831
0.769031
0.968219
1.29527
0.970971
0.654505
0.704277
1.1234
1.52529
0.811511
0.876981
1.13905
1.12034
1.44978
0.901434
0.931834
1.34977
0.873646
1.0787
1.12045
0.832818
1.11354
1.16053
1.41485
0.759882
0.521138
0.508628
1.44835
1.05682
1.22537
0.959124
1.21418
0.729085
1.44785
0.871339
0.761376
1.11853
1.49487
1.00374
1.19389
0.954771
1.09047
0.484011
0.924611
0.765073
1.31882
1.5205
1.35613
1.47241
1.27765
0.809097
0.984566
0.871404
0.451743
0.912301
0.933653
1.50203
0.79098
1.30552
0.960022
1.42959
1.61055
0.718406
0.696502
0.51332
1.20236
1.48547
1.42698
1.36824
0.666233
1.2619
0.591222
0.971944
0.527768
0.715469
0.655232
0.764337
0.695908
0.884064
0.984641
1.59693
1.52073
1.13539
1.2617
1.00209
0.533187
0.920467
0.972226
1.54027
0.93282
1.42652
0.605866
0.955663
0.647224
0.901092
0.90142
0.93066
2.10483
1.00245
0.941232
0.868477
1.13148
1.48757
1.67023
1.516
1.09344
0.613156
0.536793
1.26566
1.11712
1.22782
1.63137
1.5212
0.744202
1.24805
1.08629
1.2037
0.972506
1.23202
0.608658
1.06722
1.20615
0.865422
0.823302
1.2012
1.06999
0.620927
0.929541
1.47072
0.828282
1.5343
0.828873
0.787492
0.928842
0.78236
0.757842
1.2125
0.504742
0.579794
0.875905
0.781921
1.01565
1.34599
0.628914
1.36724
1.00402
0.862566
0.839209
1.42661
0.82945
1.26682
0.936614
1.07253
0.795499
0.78052
0.54317
1.38324
1.19182
0.932617
1.37296
2.37703
1.28309
0.846467
1.39755
0.810642
0.59147
1.57999
0.998926
0.496551
1.30378
0.855342
1.7837
0.547891
0.848345
1.25243
1.08997
1.79984
1.14314
0.589516
0.967138
1.65586
0.504864
0.921327
1.48837
0.822065
0.708065
0.8326
0.543447
1.13226
0.760066
1.07575
0.972871
0.75547
0.968839
0.979848
1.62603
0.764596
1.3366
1.44105
0.935477
1.4544
1.06936
2.30983
0.671922
1.41179
1.37098
0.80533
0.810641
1.17346
1.51811
1.53644
0.687831
1.49137
0.75981
1.40471
0.898613
0.632003
0.87852
0.912278
1.24353
1.03042
0.839272
1.47355
0.888924
1.08998
0.623604
0.924514
1.23333
0.753845
1.17128
0.978314
0.563613
0.652274
1.13434
1.20986
1.77782
0.550116
0.728417
0.786553
1.06826
1.09405
0.66915
1.02694
0.842724
0.919741
1.39347
1.41993
1.00573
1.48051
0.804597
1.15722
1.06189
0.967349
1.34165
0.715944
1.04566
1.02037
0.58961
1.04188
0.813291
1.53226
0.941403
0.924276
0.857002
0.828509
0.623664
0.757633
0.890295
0.770407
1.11856
1.11919
1.66493
0.863535
1.24304
1.50352
1.88196
1.13829
0.762919
1.1078
1.01436
0.934892
1.37125
0.681822
1.57591
0.688874
0.874109
0.865878
0.916268
0.786499
0.82287
1.2151
1.33224
0.937208
0.765523
0.825454
1.26196
1.8955
0.702132
0.848216
1.18699
0.688103
0.826566
1.28976
0.570658
0.578459
0.900434
1.13072
0.775043
1.0915
0.983512
1.25292
0.791326
1.68203
1.15656
1.08945
1.0674
0.420985
1.01605
1.02415
0.886692
1.1432
0.848676
1.05329
0.899538
0.315086
0.750893
0.7206
0.732478
0.607522
0.832047
1.05551
1.05671
0.626181
1.05502
1.30075
0.754711
0.95271
0.945707
0.683418
1.09115
1.15185
0.496916
0.901327
1.24348
0.526197
0.696163
1.11269
1.03002
1.06764
0.999887
1.17611
1.20445
1.06121
0.461358
0.812436
0.788856
1.17815
0.730465
0.775586
0.782982
1.47501
1.28719
0.394654
0.742413
1.06724
0.782397
1.00337
0.847491
0.999506
1.23394
1.26997
0.632118
1.64991
1.28878
1.20111
1.00914
0.92302
1.28015
0.724722
1.1795
1.14023
1.1263
0.997109
1.16971
1.67956
1.1902
0.842629
0.499909
0.929193
0.846009
1.06093
0.906266
0.980054
1.57372
1.64958
1.61967
1.41015
0.988093
1.90251
1.13684
0.64056
1.03454
1.38683
1.7576
0.580888
1.18705
0.986127
1.47197
0.940938
0.78378
0.769644
0.966294
1.77742
1.01864
1.18881
1.22582
0.959346
0.495344
0.804975
0.931788
1.44924
0.705442
1.30823
1.08797
1.27642
1.37156
1.16661
1.22808
1.91083
1.19701
0.775134
0.911038
0.867056
0.971331
1.41673
1.6705
0.876165
1.06173
0.83195
0.588313
1.0918
0.461304
1.36694
1.00615
0.960519
0.583705
1.16618
0.817256
1.21798
1.32382
0.611135
1.63159
0.589335
1.03494
1.12089
0.71169
1.2482
1.09195
0.803642
0.713815
0.924236
1.19755
1.41005
1.39147
1.12978
0.98864
1.14502
0.704532
0.504019
0.75702
1.14048
0.983938
0.990773
1.13228
0.573258
0.776289
0.931457
1.62475
1.13674
1.16315
1.11582
1.43135
1.24269
1.68074
0.776002
1.23072
1.05852
1.13351
0.81632
1.00806
1.02181
0.993737
0.909592
0.847114
0.783618
0.843439
0.834261
1.2457
1.49357
1.06084
0.971591
0.797265
0.871164
1.24148
0.577128
1.32265
0.843905
0.880947
0.933938
1.00464
1.56646
0.87234
0.708394
1.63699
0.875099
0.919672
1.24209
1.32235
0.782296
1.16449
0.886621
1.28658
0.998393
1.04022
1.1732
1.13255
0.548053
1.29289
0.967435
0.991663
0.803453
0.822306
1.37875
0.975246
1.55846
0.822027
1.53177
0.392544
1.19823
0.77038
0.806745
1.81122
1.32183
0.950207
0.710688
1.35633
1.08322
0.951136
0.938193
2.0271
1.8506
1.81644
1.4209
1.73543
0.80254
1.52486
0.70951
0.831463
0.937967
1.67931
0.926315
1.01407
0.615957
0.648968
0.765703
1.22941
0.8693
1.50487
0.940955
1.06817
1.271
1.14903
0.836503
1.02757
0.863798
1.06975
0.928386
1.19043
0.869726
1.0319
0.370293
0.885556
0.409782
1.11654
0.785898
1.33573
1.32389
1.44594
1.07481
0.721422
0.837757
1.14442
0.663412
1.39197
1.35121
1.08045
0.77794
1.00707
0.748308
0.521176
1.00816
1.12906
1.18062
1.19701
0.970997
0.948803
0.981103
1.10378
1.0661
1.32589
0.819245
1.12397
1.66275
0.749169
1.17685
0.864888
0.586181
0.704364
1.33544
1.60413
1.1022
1.24085
0.571955
0.756779
1.12065
0.861103
0.949004
1.13199
0.648684
1.23764
0.871275
1.28297
1.11517
1.04415
1.11926
0.465652
0.697016
0.782729
0.650619
0.79503
1.13316
1.08393
1.33689
1.08247
0.916924
1.06389
2.38839
1.2442
1.47974
1.75231
0.500585
0.747494
1.04938
0.643241
0.989383
1.43164
0.803482
1.13738
1.87384
1.03466
0.672246
0.983136
0.532077
0.43086
1.12512
1.08127
1.22434
0.918341
1.18753
0.8986
0.535309
1.00216
0.740402
1.37516
0.675974
0.717801
0.686663
0.660044
1.42027
0.883681
1.47358
1.12215
0.822764
1.0488
1.13481
0.970252
0.764719
0.637537
0.866439
0.487582
0.905109
0.861382
0.71646
0.826497
0.683162
1.29824
0.665203
1.21388
1.24463
1.62622
0.742747
1.21959
1.1012
0.884841
0.830346
0.936017
0.44904
0.956071
0.896004
1.3502
1.54527
1.457
1.55783
0.76787
1.12938
1.12311
0.892705
1.45927
0.915538
0.97484
0.602115
1.23691
0.363867
0.622833
0.946319
1.17559
0.926512
0.574116
0.993485
1.03312
1.50061
0.967989
1.16105
1.0358
0.816983
0.642117
1.03086
1.2498
0.966291
0.878946
0.600553
0.628774
0.821645
1.69602
1.29091
0.931581
1.08516
0.882206
0.956456
1.0713
0.613318
0.950564
1.11759
0.667813
1.04547
0.765837
1.05104
0.957901
1.67454
1.04122
1.01269
0.542854
0.780954
1.02215
0.573532
1.70744
0.8328
1.08708
1.55816
0.88464
0.83155
0.883353
0.991349
0.877597
0.84966
1.38777
0.863934
1.02678
0.615036
1.23104
0.841209
1.83058
0.64606
1.22588
1.12341
0.714051
0.880819
0.859104
1.21979
0.874641
0.851358
0.519828
0.932945
1.2987
0.756232
0.766453
0.377506
0.96704
0.456471
0.838652
0.735791
0.473601
0.442832
1.35672
0.749449
1.09717
1.46414
0.75602
1.41429
1.05357
0.576071
1.02311
0.555337
1.09125
1.15145
1.14703
0.627387
1.02012
1.48969
0.941351
1.15233
1.33244
1.47693
0.969874
1.47765
1.27074
0.868727
0.630253
0.48389
0.45855
1.0204
0.702491
0.735997
0.908905
0.978214
1.33956
0.491065
0.839445
0.613122
1.3761
0.699034
1.17082
1.50421
1.14791
0.741197
0.907456
1.24913
1.35381
0.736118
1.26096
0.807042
0.850179
0.824245
0.812141
1.06558
0.758554
1.81937
0.977901
0.856718
1.22198
0.671211
1.12577
0.697238
1.14483
0.791245
0.734411
0.991814
0.866257
1.45951
0.933869
1.09711
1.01495
2.15118
1.66359
1.46642
0.896141
1.09831
0.670695
0.563132
0.914988
1.25506
1.04602
0.567915
1.06724
0.925045
1.05756
0.692516
0.516818
0.845908
0.668049
0.645706
0.75945
1.52074
0.721385
1.08648
0.814189
0.648903
0.81593
0.925965
0.819146
1.22877
0.44523
0.697015
1.29221
1.66409
0.851699
1.57136
0.995692
0.529712
0.718369
0.40315
0.747482
1.19845
1.17474
0.532482
0.909576
0.640193
1.63729
1.02752
1.11486
0.95395
1.5349
1.0089
1.3511
1.06519
0.884607
0.786008
0.989656
1.42966
0.997837
1.70821
0.716907
1.19104
0.760631
1.17252
1.15931
1.24234
0.713522
1.38775
0.693864
0.504019
0.642793
1.01538
0.803133
1.17378
1.23498
0.459404
0.540932
0.521589
0.837568
0.989813
1.08177
0.912658
0.754652
0.608472
1.29235
0.949539
1.29306
1.38418
1.30449
1.20049
0.868641
1.78679
1.29618
0.940968
1.04615
1.34168
1.15112
0.828006
1.16643
0.976632
0.948543
1.69801
0.690117
0.891624
1.20581
0.978541
1.88076
0.88093
1.11098
1.01765
0.687648
1.05678
0.785134
0.829869
0.766203
1.49645
0.928109
2.23875
0.543087
1.40694
0.837593
1.37275
0.53966
1.53065
1.38613
1.09596
0.796971
0.572022
0.987567
1.27619
1.14322
0.807516
1.28537
1.21521
1.6057
0.488845
0.675877
1.24315
0.606291
1.13057
0.745968
1.04054
1.60243
0.4837
1.20386
0.901899
1.26145
1.08075
1.45122
0.919279
1.06822
0.870879
0.529797
1.98633
1.32937
0.957096
0.892601
0.657849
1.08942
1.37113
1.31158
0.874931
1.07729
0.899419
1.50084
0.87281
0.944203
1.03664
0.978664
0.643571
1.00345
0.966926
1.19208
0.655427
1.03516
0.873515
1.70969
1.63861
1.14925
0.937018
1.35063
1.26482
0.925558
0.789412
0.663916
1.04976
1.23528
1.13949
0.721401
1.33871
1.11932
1.12465
1.17301
1.17701
0.998844
2.05984
1.26492
0.494071
1.20406
1.41021
1.54016
0.753856
1.03296
0.933314
1.1273
0.749226
0.986338
0.739026
0.990594
1.04011
1.09322
1.00551
0.988589
1.16533
0.527333
0.671023
1.7647
0.654958
1.10999
0.789657
1.82758
1.90207
1.03502
0.846228
0.947446
0.639476
0.578596
0.48867
1.21571
0.465649
0.427045
1.19471
1.85384
0.465057
0.883137
1.0525
1.25333
1.88295
0.988504
1.41614
0.463588
1.3676
1.14286
1.26692
1.06517
0.614453
1.03595
1.08244
0.970352
1.08487
0.710614
0.998423
1.27602
0.845548
1.236
1.21919
1.29852
0.738665
0.943688
0.535599
1.21284
0.845757
2.34199
1.25337
0.593655
0.742806
0.78406
0.970112
1.00557
0.75381
1.22878
0.914721
1.34001
1.07315
0.957921
1.83301
0.828607
1.46627
1.158
0.775947
1.07802
1.35933
0.514602
1.3462
1.25406
0.707947
0.96565
1.04651
1.13694
0.973668
0.92203
1.47203
1.96084
1.27516
0.88114
1.68367
1.47712
0.844701
0.871386
1.24683
1.24626
0.902339
1.05163
0.502188
1.38633
0.810538
1.07858
0.944555
1.16863
0.758682
0.774767
0.750416
1.16112
1.0696
0.787638
1.25921
0.838264
1.04103
1.09671
0.411278
0.78096
1.00364
0.71606
0.91921
1.11036
0.863637
1.2073
0.955032
0.849228
1.13849
0.965371
1.10637
1.12098
0.871361
1.3043
1.3808
1.28982
1.28136
0.892402
1.21678
0.994157
1.32601
0.784443
0.778889
0.636562
0.866602
1.31545
1.03769
1.13495
0.81831
1.36954
1.4087
0.520321
0.627485
1.39452
0.916984
1.24077
0.85361
1.46238
1.49654
0.945653
0.744496
1.30562
1.19345
0.653198
1.82832
0.475523
1.51186
1.34638
0.895204
0.993426
1.09693
0.950629
1.11572
0.804528
0.768464
0.803919
0.634637
1.02869
1.23402
1.5258
1.4875
1.17958
0.544233
0.677517
1.73071
0.856748
1.04805
0.760903
0.510267
1.84075
1.59677
1.50097
0.947267
1.07224
0.827938
1.56384
0.87032
0.667775
1.05584
1.09071
1.66815
1.37447
0.760641
1.06804
0.699725
0.555143
1.05485
0.669338
1.07578
1.06392
1.32697
1.05456
0.837217
1.19374
1.12929
1.1943
0.577247
0.699995
0.773583
1.24775
0.680981
0.917433
0.803063
1.59219
1.22903
0.732747
0.7864
1.05735
1.35821
0.624617
0.938602
0.924857
1.11709
0.53249
2.08488
1.58014
1.29839
0.866024
1.07446
1.37816
0.799888
1.10023
0.825301
0.755097
1.38454
0.963833
1.03271
0.559164
1.00138
0.936287
0.836037
0.909797
0.530265
1.06486
1.15471
0.518939
1.56602
0.800941
0.853115
1.86141
1.04716
1.50691
1.23037
0.520432
1.21302
0.649374
1.6043
0.913095
1.11095
1.04725
0.987399
0.72595
0.708713
1.02092
0.749897
1.3994
1.67902
0.640618
1.39752
1.53727
1.60929
0.659531
0.940378
0.856158
1.00431
1.33512
0.879745
1.09131
0.596799
0.495129
1.34454
0.689118
1.11344
1.12146
1.37686
0.939677
1.00869
1.08989
1.36212
1.59958
1.34827
1.04071
0.895955
0.993788
1.25039
0.571171
1.10055
0.772127
1.00369
0.918742
0.685976
1.42671
1.73579
0.562573
1.12607
1.57728
1.88764
1.08601
0.768602
0.881474
1.29307
0.960109
0.636375
1.19038
1.15645
1.24473
0.4402
0.996913
2.76158
1.02785
1.11676
0.854843
1.10646
1.14363
0.662294
0.960361
0.52168
0.718391
1.82131
1.01129
0.830138
1.12433
0.990761
0.648022
0.932989
0.898373
0.600155
0.997635
1.49274
0.778709
0.926534
0.721219
0.595896
1.01964
0.578868
1.14432
1.11384
1.08123
1.31948
1.70404
0.595933
1.05813
0.787478
0.572957
0.521934
0.75157
0.942116
1.6132
1.35204
1.02254
0.72908
0.744883
0.584453
1.11522
1.71875
0.843244
0.885122
0.86052
1.66454
0.844372
0.754187
0.93639
0.654113
0.941225
0.77358
0.618678
1.36166
0.806535
1.09654
0.950787
1.28345
0.946596
0.465619
0.961585
1.34077
0.726756
0.85948
1.38199
0.613665
1.1396
1.05493
1.25379
1.0553
0.909347
1.11757
1.12211
1.29058
0.64113
1.0048
1.34281
0.575643
0.704813
1.36469
1.04513
1.13296
0.401458
1.24164
1.02626
0.364417
1.48949
0.82429
1.01054
1.28374
0.39762
0.546658
0.917383
1.47095
0.886312
1.09194
0.794898
1.21614
1.70063
0.898869
0.825613
1.21425
0.820431
0.720221
0.653785
0.916005
1.07017
0.568667
0.952248
0.984956
0.935056
1.14592
0.657177
1.33702
0.893724
1.38966
0.52031
0.906974
1.2587
0.822659
1.06508
0.61174
0.7863
1.2167
1.20624
1.31197
0.828503
0.729466
1.41507
1.59205
0.63954
1.28823
0.964333
1.08412
1.42141
0.631281
1.02456
1.12667
1.25164
0.95996
1.34819
2.37139
0.79704
0.779473
0.815376
1.23381
1.28085
1.14144
1.27069
0.937112
0.864266
0.737903
0.888829
1.91611
0.440844
0.485906
1.72535
0.974528
0.785772
1.12966
1.31991
0.627509
1.37317
1.07133
1.15678
0.829411
0.781144
0.774059
1.62419
0.820143
1.21876
2.18117
0.860877
0.582548
1.24101
1.04853
0.625517
1.44439
1.65392
0.991959
0.989832
1.54873
0.72308
1.35407
0.88038
1.18485
0.789799
1.03149
0.876631
1.124
0.882935
0.842399
0.886962
0.834322
1.18655
0.947503
0.892393
0.858641
1.12447
1.17867
0.81826
1.08027
1.16285
0.969017
1.49816
0.922841
0.978501
0.748528
0.517741
1.35082
0.619217
1.69184
1.19721
0.472439
1.38897
1.75712
1.32557
0.666686
1.01079
0.911593
0.892197
0.754052
1.2407
0.948061
0.782205
1.46178
1.06441
1.44195
1.40123
1.27302
0.727556
1.1674
1.06709
1.0075
0.631851
0.833233
1.23691
0.77836
0.729624
0.645546
1.05031
0.540075
0.902207
1.04523
1.07765
0.600829
0.706537
1.03292
0.672341
0.995227
1.12875
1.3752
1.10349
0.807801
0.966741
1.06113
1.27476
0.743388
1.25918
2.54514
1.07361
0.741465
1.0175
0.591151
1.01333
1.53741
0.914844
0.67827
1.28216
1.12382
1.35284
1.00716
0.702167
0.820537
1.57106
1.23336
0.59451
0.440893
1.07836
0.726028
0.70065
0.874613
0.654733
1.05625
0.855266
1.15824
1.11011
1.25965
1.05704
1.02915
0.656105
0.827378
1.31564
0.849691
1.14342
0.769495
0.838676
1.32773
0.829834
1.55095
1.04965
0.854044
0.638616
0.916118
1.65473
0.74997
0.837879
1.17513
0.519576
0.566517
0.5939
1.07267
1.09188
1.22386
0.670248
0.436552
0.713331
1.03967
0.847049
1.09011
0.880302
0.855966
0.960927
1.11572
1.05793
1.11959
0.989713
0.60029
0.632184
0.804099
1.23862
1.24926
1.13968
0.928274
1.16943
1.24889
1.28195
0.806413
1.29377
1.22163
1.16903
1.00335
1.30158
1.10467
0.845474
1.01842
0.974802
1.018
0.775348
0.990194
0.702067
1.33076
1.47359
0.542168
0.349912
0.829979
0.832599
0.916649
1.12624
0.915298
1.11579
0.839379
1.00537
1.30601
0.886695
1.18364
1.33485
0.878387
0.783389
0.829591
1.5116
1.02662
0.675984
0.801329
0.510792
1.17234
1.12658
0.746611
0.777848
0.933049
0.711215
0.61562
1.67889
1.04063
0.900145
0.804896
0.831812
1.2426
0.540776
0.856029
1.12091
0.882431
1.18911
0.813782
0.939662
0.761702
0.890811
0.724165
0.682672
1.01015
0.933058
0.684444
1.26566
0.656226
1.20897
0.706482
1.00129
0.748505
1.21327
0.624673
1.15135
1.45368
0.668227
1.15755
1.18206
1.37163
0.8432
0.973835
0.844369
0.254851
1.07117
0.699871
0.535017
0.926236
0.475033
0.616969
0.811875
1.07882
0.706814
0.851309
0.745999
1.61536
0.792421
0.897971
1.42953
0.939014
1.25631
0.684652
1.23571
0.947605
1.53839
1.01063
1.55982
1.97003
0.679469
1.47883
1.36076
0.701661
1.38306
1.38344
0.832261
0.820934
0.68215
0.679857
0.923172
0.829995
0.502878
1.08068
0.894936
0.821621
0.836377
0.677718
0.790797
1.38436
1.05507
1.1087
0.804716
0.820421
1.12119
0.72202
0.416177
1.43316
1.29999
0.609961
1.00429
0.785428
1.31796
0.561944
1.28029
0.7309
0.620889
1.12517
1.60857
1.12808
0.919004
1.02465
0.881628
0.82257
0.496421
0.768659
0.771577
1.45501
1.09315
0.590134
0.606405
0.839995
1.26952
1.09347
1.05881
0.811717
1.40161
0.925803
0.876778
1.61542
0.85174
1.09701
0.492837
0.693087
0.911748
0.87965
1.12822
1.22089
1.49335
0.962022
1.22283
1.43526
0.762284
0.428997
1.7812
0.702612
1.16671
1.00155
1.35254
1.52618
0.980801
1.12885
0.605742
0.61369
1.58818
0.457931
0.697289
0.681859
1.2256
0.95034
0.716362
0.835749
0.826077
1.62828
1.33084
1.20087
0.739231
0.85371
1.25361
0.816521
0.55144
1.11824
0.692051
0.457765
0.485288
0.953916
0.525189
1.59927
1.23496
1.37093
1.9148
1.22625
0.468307
0.910225
1.31036
0.746824
0.659647
0.575183
0.707745
0.867701
0.84862
0.776257
0.975723
1.07514
0.390025
0.667658
0.792679
0.848686
1.49398
1.00337
0.948893
1.11346
1.32089
0.847238
0.879545
1.18023
0.635655
0.950898
0.750034
1.27522
1.0981
0.670243
0.526833
1.02012
1.30558
1.06882
1.12309
0.776566
1.66412
0.478565
1.14977
0.908083
0.875005
0.912366
1.10926
0.739823
1.02448
0.724966
0.971727
0.866983
0.711627
0.817492
1.13619
1.57883
0.868885
0.920684
1.01321
0.908419
0.670812
0.989898
0.69687
0.482225
1.50489
0.521051
1.31471
1.6602
1.00559
0.901581
2.16552
0.846555
0.41157
0.900733
1.03529
0.658736
0.830145
0.545203
0.95263
0.792475
1.31647
1.39131
0.60764
0.83873
0.850055
1.05775
0.850341
0.666825
1.36177
0.998774
0.781235
0.763171
1.29432
1.03614
1.03042
0.627759
0.723266
1.54174
1.05401
0.794916
1.26987
1.37875
1.24816
1.40125
1.38074
0.697644
1.16918
0.777072
0.539393
1.37277
1.32954
0.656398
1.02639
0.8154
0.957083
2.03442
0.928422
1.09279
0.89512
1.18251
1.30784
0.491751
0.642774
1.07186
0.685061
0.979729
0.786794
0.761899
0.783863
1.09066
1.24952
0.996719
0.614765
0.781258
0.864642
0.777347
1.28766
1.14865
0.648243
0.890522
2.2663
1.17233
1.3346
1.07349
1.14053
1.48691
1.04783
0.673324
0.966324
0.869397
1.26002
0.853858
0.519131
1.09697
1.10233
0.518759
0.990348
1.05245
0.857895
0.966617
0.566612
0.868214
0.79735
1.59691
0.824546
1.05045
0.971698
1.03587
0.911793
1.47758
1.15425
1.18137
1.01003
2.02449
0.4053
1.23419
0.953352
1.07135
1.18656
1.59234
1.43569
1.5563
0.716478
0.58715
1.09162
1.11685
1.16418
1.11451
0.874063
1.46117
0.777303
1.65043
1.20289
1.07366
1.00075
1.04429
1.27858
1.02885
0.977786
0.732569
1.3769
1.37652
1.08736
0.69013
0.758646
0.892637
0.702447
0.994939
0.997675
0.880604
0.756357
0.528946
0.960809
0.575465
1.00308
1.24067
0.863807
0.601547
1.06216
1.33645
0.711141
0.73524
0.684046
1.03721
0.995311
1.09632
1.52264
0.745874
1.38326
1.10333
1.17191
0.606118
0.774619
0.769422
0.955656
0.842606
0.890831
0.939429
1.17915
1.24241
1.04889
0.333532
0.767455
0.784366
1.1777
1.15365
1.76657
1.38192
0.937015
1.34361
1.42547
1.5298
1.43637
1.16542
1.84238
1.017
0.623995
0.655241
0.992966
1.19212
0.595418
1.32453
0.705386
0.923754
0.602285
1.21869
1.47909
0.855143
0.93647
1.26561
0.929908
1.59374
1.02937
0.994775
0.875002
1.77616
1.34073
1.3875
1.11517
1.12661
0.806606
0.638464
0.474544
0.76131
1.01517
0.883936
1.05392
1.02792
1.01999
0.949675
0.792316
1.0995
1.47129
0.525232
0.413632
0.975885
1.20174
1.87459
0.790547
1.04488
0.766176
0.622817
1.16541
0.803986
0.935714
0.873537
0.952465
1.05708
0.647809
0.805733
1.66527
1.00392
0.862261
1.22528
0.793683
1.4412
0.576358
0.975614
1.30104
0.879538
1.10336
1.26074
0.814544
1.01187
1.85954
1.33602
0.87881
0.768963
0.895809
1.18006
0.526187
0.798819
0.962429
1.44762
1.2226
0.837365
1.29011
1.41536
0.671655
0.920337
1.46076
0.895171
0.73813
1.32368
1.55625
0.859067
0.513974
1.00908
1.15234
0.733416
0.766085
0.804184
1.07947
0.963318
1.51323
1.11644
1.07347
1.46111
0.824596
1.22725
1.06245
0.579817
0.986159
1.62424
1.25706
1.1609
1.05536
0.744354
1.00121
0.534408
1.016
1.00915
1.01101
0.632059
0.895637
1.29429
0.353768
0.629798
1.07059
0.639951
0.762141
1.05072
0.62893
1.44167
0.521128
0.419285
0.919771
0.629901
1.09159
0.791359
0.790093
0.850637
0.81536
1.23048
1.11236
0.693333
0.919424
1.04461
1.04933
1.05163
0.896953
0.706421
0.969404
1.50636
1.14088
1.14832
1.2155
0.954516
1.46404
0.963139
0.932459
1.01638
1.2637
1.24463
1.94138
1.25961
1.72371
2.21168
0.98389
1.2334
1.10405
1.13374
1.1113
0.992879
0.800265
0.531559
1.59478
0.630483
1.19316
1.6428
0.862558
1.21537
1.01663
1.37297
1.26874
1.40695
0.998239
1.47991
1.58107
1.76141
1.52718
0.679823
1.39398
0.821098
1.56619
0.749418
1.33277
1.23409
0.536975
0.77975
0.536921
1.34959
0.539696
0.780151
0.953989
1.12262
1.5976
0.737482
1.20135
1.15214
1.47344
1.51816
1.36978
0.907337
0.763728
1.0525
0.410614
0.964192
0.765625
1.15446
0.732493
1.27328
1.118
1.00484
1.05197
0.637685
0.331664
0.483949
0.926003
1.27714
0.52627
1.46699
1.2077
0.790474
0.867752
0.401694
1.07589
1.28363
0.844758
1.2688
0.728672
1.05144
0.86629
0.960565
1.01046
1.34099
0.605081
1.08443
1.2695
1.46991
1.03005
1.64033
0.979181
1.10772
0.898929
1.07851
0.832468
1.21775
0.932468
0.760494
1.09686
0.715475
1.09432
0.656822
1.53198
0.833099
0.483053
1.18404
1.14373
0.967062
0.90924
0.728684
0.921333
0.578354
1.47791
1.14568
1.44246
1.30626
1.62251
1.04092
0.726038
0.824029
1.04683
1.06301
0.800378
1.13411
0.915918
1.48165
0.767659
1.84311
0.924387
0.94689
0.985984
0.454928
1.07262
1.70015
0.726373
1.0007
0.981192
1.30471
0.921957
0.899702
1.73782
0.717989
1.69348
0.849528
1.50773
0.649112
0.458115
1.14692
0.817793
1.02411
0.714489
1.14838
0.786343
0.860998
0.86606
1.02615
1.70336
1.40477
0.84953
1.64839
0.578924
0.853789
0.560948
0.925243
1.17838
1.71049
0.833573
1.29329
0.895562
0.948349
0.891072
1.36077
1.06739
1.22578
0.838921
0.667035
0.639421
0.878451
0.843478
0.776118
0.73339
0.623088
0.686219
0.681644
0.474308
1.16887
0.929656
0.563893
1.10837
0.92357
1.27677
1.01142
0.563636
1.04756
0.64217
0.87054
1.20803
1.25603
1.23792
1.31237
0.942179
0.56388
1.49282
0.787399
0.5343
1.23117
1.4904
1.10434
1.07399
0.513548
0.847307
0.548517
1.14639
1.2215
1.45286
1.67007
0.77519
1.16457
0.917401
1.26369
1.17092
0.659453
0.899119
1.295
1.33202
1.30305
1.37754
1.34102
1.14058
0.562687
0.921574
0.833111
0.43572
1.20804
1.51738
0.977821
0.722667
1.08481
0.683793
0.661408
1.34307
1.23804
0.430434
0.868427
1.06107
1.24137
0.801682
0.612717
0.693686
0.86869
0.630146
0.849484
0.653871
1.12979
1.25639
1.44643
1.13816
0.440783
1.37238
1.14337
0.869015
0.929067
1.3381
0.438267
0.873495
1.03043
0.862496
1.5435
0.570965
1.43953
0.62156
0.904164
0.77951
1.00774
0.766034
0.886047
0.419953
0.988845
0.717109
1.1397
0.722405
1.3715
1.17425
0.705824
0.799912
1.00124
0.981706
0.84371
0.545499
0.883302
0.92191
0.44716
1.01749
1.26425
0.588998
1.83477
0.964474
2.15325
1.56154
0.613406
0.851235
0.664901
0.858599
1.1166
1.3699
0.818548
1.39698
1.42778
0.983934
0.717864
0.839921
0.972214
1.02212
1.39219
0.932103
1.53863
1.1771
1.09031
0.808775
0.792816
1.1065
0.760361
1.55111
0.566683
0.912185
0.827758
0.380963
1.39286
1.32744
0.846472
1.98556
0.628455
1.17016
0.629001
1.18286
1.29127
1.04119
1.50922
0.554163
0.636909
0.967496
0.62207
1.15299
0.676853
1.31399
0.859091
0.985112
1.42377
1.33629
1.14876
0.914264
0.711826
0.764433
0.638789
1.00861
0.963471
1.48073
0.942119
1.06576
0.93356
0.875465
0.757748
1.19891
0.800074
1.35158
0.361587
1.21707
0.642693
1.32036
1.2939
0.701973
1.54438
0.774841
1.24235
0.725515
1.10951
1.19501
0.825256
0.926034
1.41001
0.910293
0.623843
1.82858
1.83605
0.773113
1.00511
0.969167
1.21226
1.33337
1.5562
0.846316
0.647572
0.808227
1.40358
0.932671
1.04596
1.13002
1.25023
0.860196
1.20276
1.72965
1.25876
0.816313
1.47102
0.621328
0.666466
0.653837
1.17767
0.903449
1.06435
0.70277
0.749515
1.34381
1.38125
0.977848
0.618488
0.86669
1.14547
0.78945
0.712512
1.03806
1.28896
0.893599
1.24038
0.900697
