0.987908
0.874816
1.07388
0.82221
0.94503
1.10531
0.90496
1.08174
0.783564
0.986719
1.22125
0.977819
1.15213
1.19356
0.93152
1.01275
0.999632
0.996828
1.00801
0.921487
0.930639
1.21552
0.943599
1.0671
0.988935
0.984825
0.83864
1.06264
0.996183
1.05816
1.03613
0.939295
0.912997
0.946729
1.05309
0.985303
0.950211
0.767091
0.868389
0.99446
0.898397
1.03501
0.990057
1.02515
1.02534
1.13812
1.00571
1.06491
0.936293
1.06383
0.895218
1.01731
0.82952
0.88047
0.951155
0.851856
1.14875
0.949223
1.08418
0.988013
0.915927
0.916431
1.16432
1.18259
0.879655
0.929494
0.923894
0.951233
0.903638
0.969423
0.872477
0.964253
0.930509
0.81646
1.07665
0.975563
1.00859
1.06142
0.946738
0.92487
0.939836
1.02014
0.931474
0.825368
1.09544
0.985544
0.976152
0.967297
1.13142
0.886718
0.927739
1.06186
0.862831
0.899987
1.10564
0.845837
1.08761
0.904383
1.02958
0.977847
0.915383
0.953424
0.954454
0.883512
1.03943
0.967354
0.997875
1.2445
0.905267
1.04122
1.13788
0.946369
1.21077
0.993334
1.07638
1.2328
1.0648
1.06562
0.958205
1.02115
1.07585
0.870667
1.1697
0.863705
0.983349
0.947835
0.996069
0.885533
1.14983
0.971249
0.775784
1.14405
1.01283
0.942407
0.967683
1.01218
1.01471
0.86309
1.07694
1.00541
0.998839
1.11205
1.02451
0.903014
1.08859
1.05666
1.13441
1.05493
1.03413
1.11876
0.944833
1.17064
1.09115
0.955261
0.973544
0.765896
0.883359
0.949961
0.995759
0.866668
0.950573
0.803965
1.10789
0.818532
0.829368
1.17916
1.16491
0.982729
0.912051
0.997939
0.942703
0.930248
0.923012
1.04434
1.06391
0.99444
1.02059
0.927596
0.818551
1.04592
0.941769
0.747918
1.07791
1.05531
0.884764
0.838765
1.10054
0.896903
0.901676
0.895304
0.818601
0.990282
0.865023
1.11692
0.990824
0.938838
0.837642
1.1292
0.895901
1.19228
0.869223
0.958104
1.0681
0.922235
0.831959
0.844364
1.07788
1.04943
1.16725
1.03498
0.993856
1.00192
1.00048
0.875951
1.00659
0.920403
1.02397
0.952753
1.05667
0.994558
1.00993
1.11491
1.06515
0.874057
1.04232
0.973881
1.04431
1.01825
0.729431
0.939523
0.99742
0.984451
0.839708
1.02881
1.14557
1.0809
0.956954
1.0787
0.802059
0.961283
0.921016
0.959159
0.997062
0.8844
1.21418
1.07764
1.03892
1.0213
1.01418
0.965875
1.00943
0.967238
1.05863
0.96435
1.04299
1.0161
1.1157
1.01841
0.988316
0.817026
0.968388
0.956885
1.13685
0.897586
1.00783
0.853128
1.02592
0.945445
1.09583
0.934524
1.0402
1.17221
0.934834
1.04554
0.866047
1.05112
0.986712
0.987136
0.816765
1.03055
0.898596
0.974201
1.15936
0.973741
1.00715
0.987868
1.07719
1.04156
1.05703
1.06959
1.14398
1.11568
1.1282
1.01121
1.11995
1.09908
0.844336
1.00334
1.22795
1.02642
0.938321
1.07548
0.880834
1.10703
0.970652
1.01436
0.974013
0.919466
0.923237
1.04675
1.01652
1.13298
0.997295
0.917557
0.873792
1.09224
1.11137
1.06225
1.01905
1.07305
1.04998
0.881418
0.928897
1.00487
1.13255
0.935441
0.733323
0.971677
1.08791
1.04926
0.912529
0.837104
0.910864
0.981024
1.19876
1.01011
1.05937
0.934039
0.948996
0.929103
1.03802
1.03986
1.08288
1.05781
1.01136
0.947505
0.938617
0.925004
0.992558
0.96051
0.972261
0.770306
1.37954
1.12733
1.09964
0.821773
1.16753
0.995735
0.926985
0.957558
1.07464
1.17602
0.908695
0.941604
0.876587
1.22368
1.19013
1.19123
0.863511
1.12907
0.948422
0.946111
0.980913
1.03841
1.05953
1.15444
0.960536
0.993798
0.904149
0.93334
0.886143
1.00033
1.12436
0.90657
0.997075
0.964801
0.742183
1.05904
1.19719
1.10574
0.88419
0.976981
0.964449
1.03146
0.881351
1.0558
1.00459
0.864876
0.922127
1.02508
0.989151
1.05826
1.06776
0.958386
1.12438
0.988791
1.08907
1.02116
0.826918
1.12055
1.11536
0.914062
1.13506
0.94316
0.966917
1.05699
0.83228
1.26617
1.07186
1.11634
0.873258
0.982255
1.02742
1.05672
0.842432
1.11275
0.874319
1.10087
1.19819
1.04689
1.31139
0.841267
1.09955
1.03688
0.863279
0.986124
1.07097
0.943673
1.13174
1.03261
1.21061
0.874403
0.970632
0.878212
1.15561
1.05862
1.07071
1.01628
1.03972
0.951739
0.984137
0.857996
0.938074
1.05288
1.03963
0.81544
1.05665
1.15843
0.862204
1.20631
0.921654
1.05349
1.11958
1.03664
0.995942
0.94849
1.33499
1.05342
1.0842
1.00679
1.05984
1.04308
0.846165
1.00251
1.12108
0.872977
1.05623
1.00388
1.05334
1.07136
0.957009
0.87249
0.883997
0.815089
0.946384
0.866914
1.16236
1.1295
1.17248
1.1781
0.969369
1.10708
1.03485
0.873202
1.11136
0.991721
1.09039
0.943986
1.12105
0.969377
0.952425
0.923888
0.894844
1.05766
1.05438
1.08471
0.826239
0.918089
1.01687
1.19155
0.951435
0.932876
1.0667
1.1169
0.937731
1.01597
1.03406
1.0054
1.04107
1.02802
0.973436
0.932432
1.1186
1.08968
0.910128
1.09527
1.06192
0.964162
1.00689
1.01921
1.09014
0.961033
1.05871
1.02935
0.841146
0.995042
1.04518
0.992521
1.02818
0.994007
0.998441
0.999194
1.14286
1.0074
1.17196
1.17086
0.995007
0.902861
0.959792
0.90282
1.12542
1.18233
0.971545
1.00685
0.955715
0.979723
1.07179
1.10701
1.0848
0.96434
1.0666
1.00129
0.910181
1.09021
1.03932
0.99303
0.866761
0.994744
1.00822
1.02168
0.959355
1.03791
0.975806
1.00023
1.0672
1.12578
0.911311
1.07195
0.858244
1.03574
1.10294
1.07922
0.990004
0.988122
1.05265
0.915261
1.08364
0.919797
0.901287
0.780211
0.973826
0.99798
1.03639
0.908543
1.05168
1.07579
1.07999
0.96541
1.15701
1.02861
0.905132
1.10912
0.911298
1.02271
1.15494
1.11516
0.969082
0.948023
1.02174
0.927415
1.01527
0.894951
0.983279
1.05712
1.06526
1.13602
1.07623
1.01138
0.941264
1.00536
0.982908
0.96378
1.00816
1.01035
0.978302
1.06587
0.924368
1.06338
1.00975
1.06586
1.12872
1.03546
1.25152
0.886838
1.1256
1.07274
0.996489
1.10375
0.995834
1.10432
0.862523
0.969965
0.964415
0.860268
1.02286
0.837815
0.959848
1.09495
1.11063
0.984821
0.960945
1.15725
1.09694
0.898668
0.811866
1.0802
1.36349
0.889305
0.859497
1.10025
1.00833
0.991504
0.858601
0.946113
1.09698
0.822709
1.06363
1.08462
0.822614
0.947899
0.968759
0.888313
1.16374
1.04348
0.862486
1.03465
0.962965
1.1055
1.02275
1.04709
1.10625
0.891632
0.897239
0.986505
0.987698
0.893258
1.01538
1.2721
1.10117
0.889089
0.984298
0.914538
0.93977
0.989231
0.93776
1.15544
0.871759
1.07952
0.961779
0.932196
0.93969
0.993378
1.15668
0.925851
0.976398
1.05326
0.858099
0.825281
0.986228
1.16581
0.904541
1.1696
0.992189
0.829215
0.838459
0.954898
0.892134
0.977322
0.982371
0.880637
0.938093
0.915395
1.02507
1.0228
1.26338
1.24562
1.0549
0.97334
0.910639
1.15667
0.803783
0.963169
1.10622
0.983028
1.04462
1.05224
1.19298
0.912722
1.0074
1.12773
0.973801
1.05116
1.11073
0.984666
1.06738
1.02119
0.960333
1.09006
1.00022
0.96959
1.02553
1.10792
0.937928
0.951603
0.96617
1.02596
0.950671
1.02119
1.18584
0.87029
1.07072
1.14964
1.07342
0.990256
0.989305
1.01822
1.14251
0.901258
0.925648
0.915201
1.00128
1.08682
1.05861
1.01602
1.03053
1.0578
0.91911
0.965271
1.08897
0.917115
1.12797
0.947847
0.895511
0.889299
0.907172
1.00342
1.08298
1.1572
1.12218
1.05535
1.11865
0.888951
0.909402
1.16663
0.934086
1.04164
0.833347
0.995046
0.857109
1.05724
0.995903
0.917188
1.03395
1.12448
0.949288
1.02273
0.920236
1.09775
0.964278
0.971635
0.988744
1.12576
0.961463
0.886455
1.0677
0.995497
0.998691
0.906999
0.972401
1.01386
1.20589
0.799464
0.858861
1.06654
0.906571
0.994918
0.988841
0.928749
0.935591
0.959587
0.819259
1.02688
1.11614
0.992068
1.038
1.14474
0.933898
1.17479
0.935388
1.02923
0.893791
0.784028
1.0567
1.04576
1.06494
0.86268
0.930979
1.00646
1.14618
0.992151
0.882034
0.969977
0.983137
1.01485
0.899451
1.0996
0.955974
1.13077
0.916251
1.01607
0.98533
0.920017
1.0267
1.03156
1.0048
0.996979
0.924482
1.00798
1.05893
0.980808
1.15181
0.967205
1.04906
1.22727
1.05801
0.969302
1.29808
0.990578
1.18591
1.10128
0.9748
0.875047
0.879789
0.913025
0.846454
0.931597
1.10037
0.978194
1.02723
1.04804
1.00974
1.13936
1.12256
1.06693
0.935752
1.12903
0.965583
0.99346
1.11339
0.977287
1.17915
0.810089
0.995174
0.897387
1.01413
0.875965
0.998627
1.11623
0.950267
0.96409
0.886563
0.864838
0.936697
0.949098
0.932305
0.881784
0.789838
0.937692
1.00137
1.01438
1.03895
0.917587
1.06161
0.965422
0.999234
1.06258
1.09073
1.02995
1.04887
0.98327
1.05945
0.971871
0.958022
1.08378
1.02602
1.15859
0.929151
1.03914
1.00202
0.990474
1.0271
0.951724
0.993117
1.2203
1.14681
0.831175
1.02668
1.03227
0.928137
0.786998
1.28624
1.00647
1.19058
0.91695
0.963163
1.03811
1.05401
1.03798
1.08795
0.860203
0.996476
1.01053
0.970366
0.904681
0.827951
0.976703
0.874309
0.896445
0.989346
1.07467
0.981202
0.965222
0.976478
1.11871
1.06126
1.17713
0.918914
1.302
0.866481
0.89361
1.07401
0.966996
0.885334
1.04478
0.953067
0.917359
1.01434
1.31146
1.05998
0.879998
1.12143
1.08387
1.06386
1.30971
0.943863
0.876567
1.10011
0.932299
0.902296
0.91765
1.24802
0.914249
0.941896
1.06955
0.945338
0.996607
1.06635
0.963461
0.969987
1.13271
0.894887
0.976431
0.967234
0.886424
1.01853
0.996999
0.983239
1.01205
1.15513
1.12157
0.893919
0.877279
1.11842
0.967223
0.929556
0.949152
1.0719
1.00302
1.07301
1.00876
1.03051
0.941295
0.939137
0.828844
1.07314
0.955681
0.982739
0.979303
0.874586
0.875863
0.989007
0.983019
0.961842
0.754854
0.956591
1.18373
1.08955
0.967829
1.00495
0.932499
0.95217
1.13277
0.969916
1.00276
0.917227
1.02269
1.14394
1.01694
1.1632
1.00957
0.916798
0.887765
1.01651
0.91175
0.969746
1.09625
0.921195
1.05861
1.10087
0.976146
1.01799
0.927208
1.05147
0.997271
1.0061
0.819638
1.0591
1.15197
0.930345
1.02864
0.862977
1.06838
1.05065
1.12105
1.09793
1.10868
0.907431
1.00033
1.0563
1.1393
0.912805
0.989663
1.07261
1.11186
1.03401
0.930188
0.958431
0.858348
1.17664
1.17394
0.922812
1.10287
1.00604
0.892799
1.10586
1.15662
1.15253
0.847
1.01739
0.908115
1.08238
0.810114
0.87308
1.06142
1.01525
1.10778
0.895932
0.845188
1.00168
0.966582
0.817325
0.980279
0.930986
1.10603
0.855292
0.883063
0.886859
1.13693
1.0391
1.03071
1.12565
1.06796
1.01032
0.936109
1.01723
1.02152
1.06157
1.16228
1.15717
1.17795
1.17677
0.884979
1.03052
1.01235
1.09899
0.889546
0.885544
0.905477
1.00769
1.01469
1.06017
1.04022
1.00862
1.21369
0.941193
0.94351
0.970292
1.13289
0.957547
1.01811
1.03474
0.943164
1.08526
0.977941
1.10722
1.03328
1.06143
1.08076
1.21087
1.06914
0.865838
1.08376
0.963155
1.0481
0.956071
1.03451
1.00138
1.19788
1.02882
1.01373
0.970594
1.02435
1.17339
0.939153
1.01979
0.92454
1.02954
0.972004
0.916508
1.00548
1.15533
0.942566
1.00242
1.08077
0.986016
0.877014
1.00741
1.19137
1.12209
1.0252
1.06226
1.0195
0.985175
1.15472
1.03321
1.04341
0.951764
0.967842
0.9161
1.11449
0.87384
1.16539
1.12399
1.08393
0.896875
1.16458
0.948106
0.907407
0.956968
1.008
0.952958
0.980739
1.0142
0.662709
0.942859
0.947309
0.978586
1.09195
0.863825
1.13031
1.20129
0.95159
1.09241
1.01263
0.929807
1.01366
0.916107
0.866391
1.02838
0.965964
0.995441
0.92277
1.01073
0.864045
0.942986
0.888144
1.0436
0.867591
0.771079
0.98972
0.865018
1.00524
0.982621
0.939944
1.02999
0.932623
0.978745
1.00995
0.929933
0.954605
1.06582
1.00799
1.00651
1.08583
0.939712
1.13
1.04841
0.97921
0.915931
0.884482
0.965656
1.02789
0.807936
0.928879
0.962347
1.21176
1.14297
0.870264
1.12799
1.15897
1.05308
1.16022
0.994651
1.15009
0.933038
1.01495
1.06367
1.07114
0.916647
1.01691
0.921926
0.98943
1.05567
0.929148
1.03903
1.20665
1.02876
1.01923
0.942014
1.0511
0.889345
1.05205
0.968183
0.920184
1.10036
0.999712
1.16315
1.00223
0.887585
1.16651
0.922495
1.08904
1.07556
1.03044
1.08997
1.10341
1.037
0.942496
0.933304
0.971933
1.0166
0.85346
0.914751
0.757359
0.995193
0.962192
0.979827
0.912225
1.01406
0.921383
0.801832
1.13942
0.875862
1.14391
0.944953
0.921781
0.972293
0.913932
1.11432
1.06536
1.01651
1.14687
1.06256
0.867292
0.967964
0.805114
0.907826
0.963567
1.19053
0.904456
0.990326
0.874637
1.01408
0.874674
1.07863
0.912604
1.0092
1.11984
0.818169
0.932215
1.12654
1.12759
0.978184
1.04023
0.817055
1.0119
1.08218
1.14439
1.08697
0.928707
1.01974
0.984126
1.00979
0.890642
1.1505
1.14938
1.16001
0.89805
0.844197
1.04464
0.917899
1.07586
1.24235
0.940421
1.13914
1.14572
1.0813
1.00825
0.933683
1.15487
1.04032
0.994645
0.911488
1.08431
0.90032
0.968016
0.790829
1.08191
0.948711
1.09848
0.95551
1.02077
0.931243
0.836023
1.03467
0.92142
0.875796
1.05263
1.0845
0.943115
1.01533
1.27243
0.999848
0.978352
0.902326
1.00474
1.00653
0.961873
1.03627
1.00906
0.983474
0.943697
0.913426
0.919966
1.10383
0.963291
1.13784
1.11143
0.891916
1.05825
1.09024
1.21008
1.09831
1.00162
0.889264
0.915178
1.11466
1.00652
0.908172
0.86612
0.891623
0.907318
1.00921
0.855988
0.807398
0.921658
1.05067
1.00759
0.920497
1.0762
0.90056
0.987131
0.930911
1.05063
0.880045
1.01878
1.17733
1.10699
0.986435
0.923746
1.36789
0.861831
1.05733
1.19859
1.16406
0.982321
0.955944
0.964083
0.910469
1.09892
0.957674
1.01526
1.07189
0.930679
0.928188
1.0359
0.859746
1.07835
1.02769
0.983124
1.07636
1.21711
1.03875
0.986009
1.09493
0.978198
0.942091
1.07024
1.17336
1.05183
1.01541
0.990881
0.859085
1.11911
0.794157
0.893881
0.824917
0.868556
0.949349
1.01842
0.742861
1.0183
0.88998
1.04652
1.01867
1.08856
0.918201
0.987125
1.03893
1.07479
1.1118
0.947889
1.06732
0.979498
1.01376
0.891605
1.09624
0.935894
0.949925
0.949441
1.06762
0.95977
0.858497
0.903996
1.08569
0.905749
1.04939
0.932268
0.913935
0.970303
0.970441
1.00131
1.19329
0.976591
0.880285
1.11297
1.20845
1.00407
0.885536
0.93827
0.962392
1.08461
1.00148
1.02776
1.19467
0.883352
0.857948
0.860581
0.918849
1.0215
0.9832
0.894631
0.949022
0.948798
1.09782
0.857751
0.94168
0.967607
0.934501
0.952096
0.937728
1.11087
0.805903
0.964745
0.988112
0.834097
0.945739
0.876798
0.884865
1.03762
1.23231
1.11394
1.04063
1.00694
1.13852
0.904553
1.11248
1.05344
0.989731
1.11506
0.959586
0.897289
0.916448
0.957299
1.14337
0.921171
1.04668
1.05789
0.986862
1.17511
0.998897
0.961863
0.883327
0.946895
1.05934
1.06472
0.88581
1.13765
1.08025
0.962893
0.842106
1.09375
0.980363
0.962799
0.925952
0.830041
1.10078
1.04157
0.814407
0.979411
0.93356
0.775875
1.28928
1.08229
1.07528
1.05019
0.931383
1.00179
0.986967
0.934913
0.839664
1.09817
1.05229
0.970182
0.997756
0.916721
1.07592
1.04941
0.994947
0.959515
0.922013
0.974738
0.915731
1.18487
1.13758
0.954802
0.951564
1.0862
0.920279
0.896398
0.971016
1.04127
0.86891
0.987401
0.962777
0.777117
1.00589
0.931826
1.01623
1.01267
0.82652
1.03925
0.894978
0.977606
1.03483
0.95952
0.961207
1.06109
0.953623
0.955793
1.04037
1.08054
1.0076
0.951714
1.04869
1.05981
1.085
1.06892
1.09107
1.05308
0.841454
1.06531
0.878285
0.994802
1.02448
1.07761
0.910828
1.08368
0.84636
1.04195
1.08745
1.04968
0.936768
0.925611
0.968596
0.974005
1.25262
1.05056
0.826649
0.823134
0.935518
0.843263
0.969364
0.935662
0.970594
1.10121
1.0371
0.808482
1.01092
0.877243
1.01736
0.929028
0.921009
1.13893
1.02991
0.880643
0.912942
0.896137
0.951476
1.01421
1.05744
0.878974
1.01236
1.01442
0.996476
1.05186
0.939192
0.895071
1.07208
1.06237
1.00385
1.03339
0.890977
0.876862
1.14831
1.04136
1.0486
1.04404
1.0023
0.879354
0.823701
0.917141
0.968392
1.00843
0.910198
1.10884
1.27745
1.10622
1.04318
1.19167
0.908057
0.940123
0.924787
0.970344
1.10495
0.96502
1.18216
0.93667
0.9055
1.18299
1.08386
1.24819
1.12965
0.968479
1.02477
1.02901
1.12503
1.00432
1.08435
0.905655
1.12231
0.99103
1.1558
0.971249
1.03897
1.09271
0.89147
0.897952
0.816192
1.01676
0.85303
0.970516
1.06036
0.942497
1.16191
0.998946
1.02154
1.04085
1.014
0.89428
0.943874
1.06886
0.979778
1.08914
0.977265
1.05831
0.991019
1.03877
0.951004
1.04337
1.13922
1.00809
0.976099
0.918292
1.03344
1.03402
1.1109
0.97821
0.976309
0.935064
1.01918
1.26861
0.969762
0.913526
1.05041
1.10096
1.04931
0.696418
1.01542
1.03467
1.14721
1.10583
0.971881
1.14059
1.13107
0.934787
1.0459
0.95359
0.933218
0.927727
1.18741
0.866767
1.02687
0.94922
1.09196
1.03468
0.961719
1.01994
0.966791
0.988996
1.08556
0.866289
0.839016
0.899663
1.05383
1.0979
1.05602
0.959416
1.15901
1.03631
0.952868
0.912765
0.897652
0.882597
0.869482
0.894373
0.900377
0.749681
0.834414
1.20389
0.893741
0.850373
0.933588
0.928386
1.08497
1.01524
1.00366
0.901498
0.925107
1.14127
1.07836
0.946564
1.05955
1.18963
1.15428
0.968061
0.96817
0.724022
1.01063
0.917331
0.790288
0.976742
1.12335
0.946353
0.962306
0.987877
1.12496
0.925064
1.01421
0.940522
1.17687
1.14459
0.977497
0.968183
0.92535
0.798731
1.04104
0.887023
1.03845
1.01915
0.832022
1.00245
0.972054
0.920787
0.996828
0.854849
1.15178
0.953424
1.15563
1.00087
1.11247
1.04195
0.982669
1.02656
0.886644
0.92426
0.982376
1.03828
1.03474
0.889131
0.870188
0.977758
1.06832
1.1204
0.823443
0.88566
1.20304
1.04353
0.992622
1.20723
1.1103
0.874489
0.986433
1.01755
0.773026
0.977882
1.08539
0.97335
0.838553
0.925627
0.908131
0.89787
1.01407
0.921399
0.972517
0.915307
1.11661
0.860455
0.938077
1.0388
1.07627
1.10167
0.905241
1.02881
0.905014
1.14801
1.18816
0.845957
1.00891
0.891513
1.07813
1.10995
0.991729
0.977026
1.11384
1.0104
1.15138
0.949345
0.936241
0.906591
1.16038
1.15123
1.05176
0.857096
1.12619
0.925355
1.0678
0.917394
0.916133
0.839791
0.981356
0.986576
1.02314
1.05017
0.795484
1.06465
1.11163
1.0004
1.02592
0.974279
0.851537
1.0084
0.971056
0.982315
0.93239
0.933965
1.2161
1.00119
1.03507
0.847571
1.0472
1.01366
0.960249
0.992482
0.996029
1.02739
1.08425
0.998522
0.94703
1.155
1.05496
1.09935
0.919241
1.05579
0.930193
0.900983
1.04756
0.873392
1.01684
1.04786
1.08752
1.00078
1.112
1.05214
0.933101
0.944268
1.11351
1.11691
0.932425
1.04811
0.9027
1.05374
1.00385
1.06236
0.988929
0.862288
0.948429
0.853172
0.865189
1.24662
0.71633
1.00243
0.955782
1.00604
0.894118
1.13218
1.12831
1.03748
1.07489
1.09952
1.07285
1.06082
1.03161
0.974779
1.16641
1.02928
1.03592
0.771833
0.907909
1.2182
1.02994
0.831639
1.11773
1.09464
0.899849
1.0949
1.01817
1.10361
0.820435
0.958558
1.01014
1.06475
1.00567
1.05727
1.00555
0.979833
0.983032
0.892948
0.863447
0.897449
1.03821
1.08685
1.03378
0.801996
1.02832
1.05382
0.930677
0.896938
1.10718
0.955676
1.01614
1.01037
0.838325
0.974363
0.833512
1.03015
0.826195
0.931988
0.975647
1.12536
0.906516
0.963597
1.14028
0.91322
1.0456
0.991126
0.998996
1.03278
1.02367
1.05697
0.84278
0.786005
1.09471
1.18384
0.962231
0.960631
1.06893
1.15922
0.977166
1.05782
0.940399
1.1285
1.14761
0.989554
1.09058
0.938864
1.00116
0.992927
1.13174
0.822628
0.901495
0.895234
1.04806
1.09688
1.11717
1.08228
0.875508
0.993632
0.82219
0.995942
0.849465
1.00546
1.05009
0.994124
0.957954
1.02742
0.958313
1.18413
1.10286
1.06304
0.832902
1.04682
1.18263
0.916314
1.00045
1.12994
1.07785
0.97352
1.15991
1.06477
1.13729
0.914354
0.992513
0.967899
0.93109
1.21626
0.788763
1.21883
1.16992
1.19013
1.07116
0.912234
0.814713
0.75174
1.03929
1.00221
0.969981
0.908724
0.96146
0.968091
0.806699
1.0762
1.14886
0.995447
1.08209
1.05693
0.882474
1.0267
0.946815
0.937961
0.969381
1.19536
0.905432
0.859316
1.15258
1.01028
1.09799
1.07998
0.896591
1.18727
0.949139
0.880678
0.971307
0.941008
1.12321
1.13838
0.925099
0.784336
0.915261
0.932545
1.0894
1.05674
0.946239
1.05061
1.07369
0.971928
1.08629
1.03602
1.04315
1.04107
0.900303
1.01119
1.11702
1.15869
1.13853
1.11805
0.828596
1.05244
0.951483
0.99392
0.801179
0.740983
1.03239
0.956598
1.081
1.03415
1.14115
0.877999
1.01591
1.02091
1.01523
0.879428
1.02662
0.815752
0.858086
0.717925
1.05036
0.912507
0.94183
1.07579
1.18285
1.1214
1.01359
1.11221
1.04459
0.776917
0.890179
0.952372
1.1908
1.0365
0.974386
1.16617
1.02231
1.00709
0.940916
0.939578
1.02972
0.966727
0.968607
1.12447
0.794368
0.803305
0.967363
1.04141
0.788347
0.948854
1.01263
1.09195
1.06229
0.957319
1.06823
1.03285
0.933314
1.18233
0.978138
1.03747
1.16312
1.14221
1.05838
0.956796
0.878181
1.22567
1.15293
1.01379
1.09591
0.959274
1.10574
1.14721
0.917568
1.07092
1.05861
0.850416
1.21183
1.10932
0.85241
0.934381
1.04735
0.744119
1.07863
0.926928
1.14014
1.11179
0.81689
1.06362
1.13066
0.902493
0.830424
0.897047
1.01266
0.870572
0.933139
0.941785
1.00169
1.07786
1.04753
1.07851
0.814043
0.888143
0.78924
0.979026
1.07307
0.900024
1.02206
1.0312
0.981034
1.04731
0.853591
1.01299
1.04658
0.934445
1.05958
1.03552
0.998942
0.949973
1.03219
1.28289
0.928985
0.891811
0.836806
0.84877
1.04511
1.08555
0.857034
0.967793
1.03251
0.923697
0.93825
0.951547
1.14756
0.909443
1.05125
0.910327
0.874989
1.17672
1.07109
0.896016
0.94152
1.01891
0.840338
0.931339
0.867172
1.03469
0.967069
0.986397
0.974547
0.90992
0.812681
0.770064
0.866824
0.931508
1.05444
1.10668
1.04533
0.860528
1.04984
0.934414
1.08458
1.04636
0.913798
1.03306
1.03577
1.10825
1.05569
1.0751
0.903552
1.02259
0.962046
0.894137
1.18645
1.09674
0.948369
1.03645
0.917686
1.00221
0.831836
1.02356
1.07048
0.930156
1.13005
0.872953
1.04629
1.04017
0.957819
0.742296
1.09453
1.07393
0.997235
1.02357
1.20132
0.993407
0.981575
1.01599
0.856133
1.0175
1.07891
0.988185
1.05104
1.18286
0.923336
0.950459
1.2775
0.999
0.911692
0.756411
0.84872
1.08718
1.22386
1.14905
1.11315
0.908383
1.0507
1.09005
1.17179
1.08613
0.911122
1.11386
1.04553
0.994693
1.05193
0.871771
0.933672
0.940965
0.92853
0.885161
0.988725
1.05748
0.872743
0.869953
1.16534
1.03864
0.891153
0.897019
1.09311
0.936627
0.900713
1.0855
0.877805
0.964965
1.00226
1.08169
0.984526
1.03648
0.944387
0.914659
0.933424
0.989749
0.913255
1.01857
0.883381
0.748814
0.962032
1.06342
1.08005
1.02363
1.03619
0.889669
0.809047
0.969218
1.10623
0.964575
0.8969
1.08869
1.1635
1.03455
1.00394
0.938033
1.1169
0.906428
0.919996
0.874974
1.07934
0.770927
1.15127
0.992617
0.925273
1.15628
0.854644
1.09308
0.938908
1.04448
1.08564
0.97669
1.2502
1.0314
0.947811
0.917471
0.869048
1.05464
0.998095
0.960589
1.04858
0.85049
1.07486
0.952412
1.11188
0.939776
1.08908
1.13912
1.00069
0.867994
1.17053
1.23407
1.0777
1.0736
0.938174
1.01297
1.07808
1.06201
1.06531
0.805795
0.900748
0.994221
0.798777
1.0625
1.04173
0.83771
0.900661
1.14242
0.844609
1.04076
0.888903
1.00192
1.06025
1.10767
0.94407
0.907211
1.22602
0.922344
0.974093
1.10844
1.11059
1.101
1.06182
1.00472
1.04089
1.01533
0.910174
1.01598
1.0496
0.837676
1.08352
0.921943
0.959957
0.928448
1.31465
0.823681
1.03399
0.986665
1.13034
1.10996
1.06486
0.925666
1.02282
0.829938
0.864077
0.991654
1.08313
0.940912
1.07555
0.994913
1.03945
1.05117
0.99401
0.945869
0.953835
0.855669
0.879637
0.97979
1.15332
0.98849
0.993379
0.949258
0.854626
0.914956
0.982214
1.0695
0.937243
1.03751
0.989086
0.944371
1.18281
0.958131
0.94467
0.788882
0.84574
0.99869
0.986221
1.09571
0.893339
0.993378
0.940525
1.02428
1.07793
0.931919
0.860547
0.884483
0.99851
1.08184
0.946365
1.04711
0.828998
1.05025
0.956252
1.0441
0.839466
0.884039
1.1076
1.11193
0.894151
0.842483
1.12892
1.01934
0.91426
0.939053
1.14043
0.912716
0.916718
1.00196
1.038
1.07113
0.905553
1.01102
0.812495
0.933635
1.24552
1.02637
1.18117
0.911556
0.990844
0.992793
1.04543
1.00212
1.21677
1.04289
1.02387
1.00312
1.00414
0.766725
0.896132
0.966315
0.80473
1.11133
1.00326
1.09399
1.06545
0.902862
0.994518
0.969864
1.13637
0.895956
1.30919
0.943943
1.08193
0.928005
0.870859
1.03724
0.946285
0.990365
1.0295
0.908143
0.890262
1.10918
0.806745
1.10075
0.87887
1.01461
1.00313
1.00586
0.998364
0.968283
0.941053
0.997648
0.982574
1.09311
0.937358
0.952644
0.95859
1.04333
0.960154
0.995662
1.1624
0.782675
0.980347
0.902619
1.02301
0.872701
1.1995
1.11981
0.949548
1.07695
0.839186
0.969927
1.0029
0.912693
0.999117
0.963285
1.05784
1.31733
0.926349
1.05233
1.10247
1.06505
0.95909
1.06553
0.963565
0.976518
0.913583
1.24986
1.02286
1.08895
0.795201
0.914086
1.14795
0.901806
0.973545
0.899722
1.12799
0.906916
0.962366
1.1953
1.03777
1.02873
1.08703
0.893856
1.13845
1.11649
1.10985
0.942517
0.826252
0.971487
1.09467
0.982343
0.978103
1.06783
0.959133
0.983563
0.987324
0.941712
0.796399
1.04341
0.882465
0.805526
0.984465
1.05434
1.0121
0.862286
0.952298
1.03647
1.06504
1.11181
0.875144
1.00463
0.907375
1.02839
1.17506
1.03025
1.07998
1.04568
0.903191
0.898687
1.11188
1.00978
1.08591
0.933118
1.03349
0.89987
1.05183
0.920561
1.06065
1.02923
0.950619
0.938858
1.08787
0.967295
1.13488
0.94576
0.956251
1.02454
1.00344
1.12669
1.06093
0.886203
0.988705
0.95528
1.03442
0.901335
1.13632
1.0402
0.952442
0.956058
1.09073
1.03546
0.904724
0.981804
1.10858
0.864688
0.845626
0.829784
1.1588
1.17099
1.06813
0.926871
1.00235
0.848073
0.929873
1.10707
1.06113
0.997601
1.16432
1.09755
0.885319
1.07494
0.916978
0.858626
0.830786
1.11783
0.938022
0.979931
1.0035
0.90319
0.938201
0.919888
0.888656
0.848256
0.973827
0.873161
0.8835
0.967497
0.963567
1.18144
0.956865
0.922697
0.991629
0.921634
0.877232
1.16596
1.04466
0.946212
0.99259
1.05575
1.10789
1.06848
0.963261
0.792167
0.796204
1.04651
1.0241
0.928195
0.834784
0.968672
1.01309
0.930367
1.00628
0.996679
0.895497
0.972168
1.13489
0.905097
0.874547
0.938657
1.00138
1.01761
0.915612
1.15141
0.904191
0.991717
0.953131
0.876497
0.966947
1.10549
0.882801
1.05213
1.14456
0.985871
1.0734
1.03673
1.08227
0.964349
0.985347
0.832384
0.877471
0.953265
0.844536
1.12234
1.10819
0.928133
1.08488
0.913481
0.911447
1.06233
0.860798
1.08696
0.963729
0.993848
1.05661
1.15935
1.34417
1.06393
1.04971
1.0792
0.958578
0.903897
1.09211
1.01428
0.936423
1.08329
0.929027
0.95729
1.00797
0.881271
0.86358
1.01947
1.07835
1.03059
1.20193
1.0759
0.879103
1.05087
1.08406
0.982254
0.955622
1.04258
0.826468
1.13242
0.990983
1.04619
1.04534
0.862992
0.902856
1.04039
0.939179
1.04264
0.94937
1.01214
0.854819
0.870368
1.05286
1.27691
1.06884
0.965294
1.09569
0.919132
1.03676
1.19455
0.913137
0.974408
1.02401
1.03727
0.863622
0.937075
1.07839
1.0062
1.01785
1.00618
1.14376
1.02086
0.959176
1.10875
0.880477
0.924834
1.02287
0.92266
0.964051
0.892525
0.835959
1.09414
1.1397
0.993808
1.10006
1.14166
0.936971
1.05327
1.11112
1.06531
0.939598
0.970057
0.95197
1.00679
0.961713
1.03837
1.10368
0.915859
1.07594
1.0873
0.979309
0.855009
0.93632
1.13536
0.972578
0.967405
1.02064
0.864736
1.00995
1.01031
0.911791
0.961916
1.03616
1.10086
1.11109
1.09265
1.01895
1.06588
1.00304
0.884844
1.09594
1.14527
0.943009
1.03817
1.30742
1.04984
0.932881
1.0573
0.956096
1.03828
0.996223
0.949522
0.959414
1.04629
0.971003
0.987827
1.06033
1.01457
0.918244
1.03152
0.92263
0.983972
1.08284
0.891582
1.06138
1.05064
0.915251
0.931661
1.18191
0.749286
0.883221
0.975732
0.871805
1.04053
1.0228
1.01898
1.06603
0.942503
0.898804
0.986277
1.03907
1.01394
0.881179
1.04616
0.881409
0.814736
0.923004
1.17964
1.04193
0.978086
1.01621
0.91899
1.03673
1.17553
0.966178
0.899821
1.00682
0.963597
1.27778
1.0507
1.01755
0.857771
1.03865
0.840837
1.01339
1.09012
0.920021
0.907838
1.01682
0.888898
1.18934
0.970061
0.856661
0.94419
0.793908
1.0798
0.849967
0.858732
1.01868
0.970667
0.907311
0.886697
0.925892
0.987813
0.989998
1.23203
1.29225
1.13495
1.20704
1.02477
0.963326
1.00315
1.01254
1.09301
1.19554
0.95167
0.953387
1.16142
1.21228
1.04773
0.851752
0.983478
0.999563
0.958011
0.943422
0.935715
1.14367
0.981182
0.836277
1.06662
1.0573
1.07608
0.973645
1.04155
1.0698
0.925827
1.08464
0.967802
0.974326
1.03199
0.98682
0.962033
0.957058
0.862456
1.06776
1.03048
1.00318
1.14112
1.02235
0.788515
0.941387
0.815116
0.963078
0.980865
1.14512
1.2471
0.985389
0.951691
0.838578
1.00771
1.10567
0.91927
0.943562
0.885411
0.93534
1.10733
1.14431
1.14116
1.0384
1.03881
0.957765
0.993801
1.02491
0.968089
1.12498
1.07674
0.909548
1.09379
0.975653
0.921744
1.01493
1.16137
0.880312
0.959335
0.931137
1.00814
0.879555
0.891569
1.04329
0.843743
0.947758
0.949755
0.937201
1.07566
0.982287
1.0661
1.04306
0.884477
1.06446
1.03313
1.03188
1.06983
0.949276
0.993308
0.979037
1.02226
0.864065
1.00276
0.988752
0.927118
0.941243
1.13508
1.10069
0.900735
1.14278
1.00033
1.04086
0.978838
1.11907
1.31642
0.976393
0.975206
1.21581
0.944158
0.931634
1.0685
0.988284
0.978462
0.779412
0.947379
0.99214
1.04773
1.09246
1.20208
0.907143
0.822407
0.913166
0.912191
0.948835
0.96492
0.841021
1.06266
1.05168
1.10112
1.16316
0.976347
1.10399
0.999609
0.915665
1.1635
1.03688
0.846977
0.945159
1.02533
0.821269
1.14227
0.836156
1.01487
1.22717
0.895873
1.12251
0.96127
0.792094
1.07109
0.916223
0.78226
1.08617
1.10399
0.969494
1.20306
0.911014
1.01302
0.979717
1.04096
0.898713
0.994677
1.06804
0.943392
0.979334
0.977021
0.977234
1.02952
1.15807
1.02477
0.891142
1.00324
1.01887
0.755308
0.914507
1.03059
0.924178
0.977977
1.02899
1.13769
0.934869
0.922171
1.04798
0.829962
1.1101
1.02814
1.07045
0.968379
1.00452
1.05237
1.03264
0.956932
0.999274
0.974273
1.06389
1.11907
1.0727
1.07489
0.930598
0.865728
0.945934
0.871491
1.0859
1.016
1.07521
0.911274
1.08156
0.865045
0.934112
0.922303
1.01556
0.891988
1.05287
1.1172
0.90022
0.952861
0.924269
0.893747
1.08751
0.963813
0.997523
1.05658
0.986819
0.948777
0.941441
0.950145
1.04402
1.04662
0.962792
1.05838
1.06798
0.924856
1.04422
0.954065
0.971853
0.91541
0.994703
1.04227
0.946074
1.1817
0.95649
1.13443
1.07826
0.932625
0.875374
0.910126
1.20007
1.07689
1.08533
0.947344
1.23034
0.954846
0.952159
0.997574
0.86083
1.13104
1.08694
1.03853
0.887912
1.02656
0.97986
0.999246
1.09047
1.04562
1.01527
1.06844
1.13594
0.919986
0.811427
1.1105
1.02639
0.923909
1.12406
0.938842
1.06686
1.01602
0.806598
0.911199
0.918746
1.06123
1.04982
0.941092
1.10736
1.07648
0.822189
0.908473
0.93076
1.09707
0.883432
1.10582
1.12398
0.818267
0.929838
0.915137
0.987072
1.04636
0.912294
0.991105
0.993222
1.05806
1.10397
0.956244
1.01851
1.2316
1.07816
0.933162
1.04003
0.915667
0.981842
0.97669
1.02136
1.15863
0.925709
1.02426
0.750023
1.18933
0.985948
1.01492
1.0391
1.01242
1.06284
0.939507
1.06927
1.04856
0.851264
0.922247
0.849043
0.786884
1.10637
0.975942
0.855575
0.974827
1.02526
0.863544
0.981373
0.911107
1.08947
0.986374
0.98063
1.02056
1.0916
1.05274
1.08126
1.03885
0.835909
0.841965
1.18889
0.925367
0.885014
1.04573
1.17467
0.926778
0.989613
1.11535
1.01965
1.09736
1.02129
0.903131
1.12231
1.15718
0.966224
1.0511
0.933834
1.07702
0.982536
0.861202
0.930693
1.13347
1.04283
0.965261
1.22154
1.00796
1.09281
1.17087
0.961074
1.02077
0.951436
0.918768
0.918908
0.90425
0.949886
0.977279
1.08332
0.949867
0.997492
1.05462
1.15371
0.947833
1.13677
0.988293
1.05376
0.998042
0.987951
0.991268
0.882562
1.01177
0.905157
0.988024
1.02001
1.11764
0.916823
1.21409
1.12262
1.02452
0.999278
1.07425
1.03881
1.03535
0.806998
1.07041
0.887593
1.05193
1.07494
0.880464
0.992069
0.987968
1.04774
0.831833
0.88179
0.950554
0.993472
1.00416
1.04335
1.06194
1.06508
1.04269
1.08055
1.06624
0.981816
1.00825
1.01955
1.10728
1.06823
0.981456
1.21169
1.07984
0.949066
1.01262
1.03259
1.11308
0.852614
1.02713
1.10705
0.932458
0.997795
1.05337
1.25114
1.18583
1.06948
0.867498
0.880705
0.877729
1.11442
0.912309
1.04203
0.855229
1.19651
0.970684
0.91546
0.928908
0.936925
1.00323
1.01129
0.963657
1.11716
1.07809
0.891232
0.949316
0.829019
0.976324
1.11187
0.941961
1.12928
1.04249
1.05413
0.916046
0.948369
1.21333
1.04948
0.980223
1.18237
1.04799
1.04809
1.02511
1.06049
0.887991
1.05456
1.03242
0.914972
0.905826
1.065
0.880165
0.955399
0.967039
0.997422
0.937039
0.989267
1.00609
0.88987
0.996676
0.942245
1.04974
0.96983
0.885754
1.04371
1.23625
1.10599
0.845385
0.895995
1.00692
0.967822
1.20733
1.06361
0.95302
0.969022
0.863189
0.819363
1.11305
1.07721
0.843763
1.04871
1.07719
1.0175
0.966034
0.835224
0.973413
0.996783
0.843881
0.862633
0.99729
1.00175
0.892829
1.0684
1.18895
1.20998
1.19982
1.19297
1.09532
1.07439
1.04596
1.05296
1.1316
0.987844
1.05676
1.08634
1.04503
1.22878
0.952471
0.908114
0.956676
0.865138
0.87756
0.757811
0.900659
1.05078
1.09653
0.681302
0.990918
1.02591
1.06378
1.21101
0.715043
1.03293
0.931071
1.07936
0.969898
0.874475
0.998557
1.02033
1.05593
1.0245
0.821399
1.13728
1.01195
0.933939
1.04016
1.1659
0.943701
0.939121
0.966151
0.984011
0.879909
0.882853
1.0989
1.08002
0.943326
0.953269
1.04499
0.854279
0.94673
1.2073
1.01836
1.01157
0.868699
1.09381
1.10223
0.827272
1.00866
0.97946
1.09013
1.08761
1.01022
0.963243
0.915662
0.842963
0.97451
1.0777
1.0822
1.02387
1.2244
0.995804
0.857152
1.18137
0.865995
0.88133
1.03861
1.10368
0.972763
1.05657
1.03251
1.0206
1.0069
1.14268
0.96939
0.943527
1.1175
0.853674
0.88845
0.988793
0.967596
0.966434
0.802249
1.06093
0.918516
1.06075
1.15416
0.919252
1.1406
0.936001
0.853208
0.79334
0.93952
1.07612
1.05291
1.02486
0.979564
0.852158
1.07751
0.944371
0.931725
0.920738
0.962305
0.933768
1.02023
0.9787
1.11923
0.872591
0.996931
0.912973
0.837209
1.02236
0.996602
0.963658
1.17073
0.914201
0.848647
0.840606
0.849553
0.909607
0.837882
1.06113
1.01748
1.27859
0.91004
1.01793
0.871786
1.00418
1.09684
0.949846
0.913083
1.00283
0.962957
1.01355
0.92417
1.16245
0.872683
0.898534
0.993832
0.963745
0.963171
0.918328
0.856913
0.86709
0.858317
1.0783
0.958832
1.06597
0.873618
0.907256
1.07555
1.10228
1.15892
1.26032
0.931064
0.979167
1.03729
0.880527
1.00159
0.908929
0.923126
0.974419
0.937323
0.987841
0.886479
0.957218
0.958756
0.975498
1.09303
0.957881
1.00781
1.12723
1.06318
0.958545
0.965936
0.902602
0.915512
1.12394
0.872125
0.965124
1.11295
1.06452
1.04465
1.13572
0.991669
0.947765
0.971685
0.864421
1.06029
1.10941
1.09786
0.906972
0.976748
0.98733
1.02565
0.857344
0.95988
0.935247
0.971081
1.0361
0.859738
0.944506
1.19109
0.962908
0.869696
0.974339
0.881117
1.20499
1.02905
0.829687
0.991796
1.05669
0.946731
0.950178
1.02333
0.973964
0.959369
0.935654
0.765443
0.975342
1.24905
0.93397
0.949141
1.0037
1.03659
1.01112
1.02007
0.968042
1.06262
1.15833
0.853566
0.921154
1.17504
1.03885
1.06784
0.949263
0.980494
1.01353
0.917681
1.01641
1.08248
0.968155
1.03832
1.14073
1.07075
1.0874
1.02754
0.920704
0.970736
0.999172
0.924649
0.976905
1.08419
1.0804
0.950543
1.03624
0.943408
1.07598
0.933998
0.890002
1.04732
0.925887
0.90125
0.892005
1.00913
0.994372
0.955233
0.972648
1.0419
0.949904
1.05879
1.08142
1.04359
1.13214
1.09456
1.1174
0.907578
0.895295
1.03431
1.0477
0.944704
0.938871
0.918694
0.897978
1.01175
0.88069
0.9591
1.13556
1.027
1.00708
1.01681
0.917046
0.881742
1.0273
0.897093
0.92679
0.822192
0.850508
0.942117
0.971388
1.08407
0.95092
0.988652
0.859731
0.929614
0.960498
1.02261
0.951857
1.09808
0.91127
0.866395
0.838201
0.943139
0.885743
0.943162
0.998451
1.15535
1.0266
1.02661
1.00466
0.994362
1.0133
1.09675
1.00732
1.0953
0.984119
0.910518
0.948079
1.08772
1.08786
1.15681
0.922907
0.883896
1.05002
1.02507
1.08648
0.777469
1.01797
1.01583
1.01474
1.0167
1.10355
1.27026
0.937024
1.12971
0.960901
0.957911
0.898201
0.964638
0.948751
1.01327
1.01235
0.966513
0.952662
0.944812
0.888687
0.968014
1.04138
1.07796
1.0693
0.958576
1.12987
0.946596
0.887151
1.00337
0.895429
0.815945
1.06084
1.04156
0.929668
0.987055
0.96634
1.01774
1.06618
0.993374
1.12629
0.99196
1.00004
1.02802
1.04144
1.07617
0.81315
0.988021
1.00487
0.99116
1.08016
0.906138
1.14839
1.17101
1.0442
0.871964
1.1473
1.033
0.940965
0.877837
1.13488
0.738872
0.90397
1.00687
1.03608
1.0698
0.935128
0.96999
0.988833
1.23295
1.10276
0.860375
0.989834
0.992621
1.08276
1.00243
1.07725
1.11735
1.0199
1.21607
0.809875
1.1486
1.01077
1.00469
1.01562
1.09821
1.10227
0.966551
1.01226
0.833
0.866071
1.02325
0.956835
1.03102
1.02079
0.975829
1.02995
1.00271
1.11562
1.04092
1.07017
0.947272
1.11626
0.882217
1.0162
0.89539
0.868667
0.906209
0.986823
1.0314
0.963385
0.929817
1.10649
0.932383
0.914053
1.22063
1.07991
0.933876
1.18307
1.11059
0.929629
0.898049
0.908433
1.02736
1.3093
0.865765
1.10893
1.1411
1.05132
0.873219
0.997939
0.97421
0.974159
0.952699
0.850505
0.936611
0.928687
0.933414
1.1213
1.03047
1.00641
1.1248
0.865702
1.14999
0.947531
1.09369
0.945217
0.861487
0.934004
0.955556
0.96195
0.95613
1.11664
0.949256
1.13108
0.900489
0.858456
0.995538
0.80592
0.961747
1.04855
0.995342
0.862305
1.18867
0.99306
1.00436
0.97593
1.10847
1.08631
1.03235
0.921503
1.03261
0.851781
0.977869
1.13735
0.993632
1.09056
0.710859
0.991366
0.932336
0.982841
0.980273
1.08247
1.07133
0.991505
0.951777
0.837178
0.827114
0.838195
0.97624
1.0664
1.02736
0.907151
1.15231
0.950821
1.05757
0.8929
1.04419
1.11396
1.03923
1.00632
1.06965
1.02779
0.837774
0.814386
0.834234
0.982305
1.0472
0.886709
1.00352
1.17478
0.879025
1.10195
0.976175
0.967042
0.891101
0.869411
1.0194
1.03458
1.02785
1.06648
0.919851
0.822014
1.04306
1.17552
1.13998
1.13146
0.917988
0.986049
0.831414
1.06586
1.15907
1.15132
0.984695
0.976955
0.94618
0.95803
1.02704
1.07535
0.984762
1.14978
0.85523
1.06127
0.973593
0.954375
1.00315
0.8854
1.06297
1.0354
0.906031
1.02822
1.01688
0.963678
0.938176
0.891347
0.931582
0.963853
0.960633
0.990674
0.916331
0.924987
1.0681
0.791785
1.10036
1.09711
1.1286
1.07367
0.982856
0.90083
0.99064
0.958854
0.952632
1.0566
0.94111
0.873542
1.01263
1.02321
1.17589
0.971724
0.975316
1.00111
1.04796
1.08323
0.995268
1.08278
0.990866
0.902643
1.03089
1.02461
0.916497
0.929871
0.922955
0.9184
1.12564
1.13187
1.14592
0.93362
1.14477
0.926299
0.860738
0.888519
0.910357
0.757416
1.11179
0.904907
0.906044
1.03914
0.834211
0.907115
1.04171
0.940979
0.895883
1.03731
1.14408
1.14463
0.940784
0.978043
1.02478
0.893076
1.03585
1.12722
1.04096
1.07843
1.14683
1.01117
1.28569
1.02557
1.05984
1.19476
0.995248
1.06813
0.998202
0.90419
0.918821
1.11932
0.970535
0.990053
1.08357
0.792419
0.986798
0.936854
0.754659
0.778464
0.879631
0.885629
0.918351
1.03764
1.00193
0.857628
0.971299
0.875395
1.07363
1.06591
1.05938
0.890935
0.97688
0.861668
0.987926
1.09742
0.7475
0.92918
1.09038
0.934022
0.92027
1.11121
0.985318
0.934296
1.0707
0.93191
1.11254
0.959021
1.08614
0.950654
1.05879
0.943066
0.891001
1.19266
1.13184
1.06912
0.983528
1.11215
1.15462
1.11157
1.03928
0.997063
1.17674
0.885223
1.1042
0.957773
0.995746
0.904131
1.14592
0.990498
0.931789
1.14033
1.08397
1.10205
1.16446
1.01018
0.830899
0.875939
1.14227
0.965291
1.12514
0.75748
0.804147
1.11173
1.07877
0.865758
1.03193
1.09915
1.03169
1.17689
1.04264
1.07781
1.07034
1.00741
0.798832
1.09835
0.957325
0.894733
1.03686
0.990703
1.12021
1.06293
1.00691
0.980085
0.947728
1.03951
1.02827
0.888972
1.10667
0.984018
1.01368
1.00741
1.01663
0.934136
1.05208
0.891576
0.814516
0.858041
0.976084
0.8992
0.812957
0.838844
0.947077
0.968193
0.796598
0.863183
0.845555
1.1281
0.992973
0.978965
0.934027
1.11314
1.15029
0.938293
1.08179
0.945578
0.789395
0.999328
0.876128
0.93408
1.02071
1.08839
1.14181
0.945973
1.12326
0.999876
0.87898
0.99485
0.977214
1.1313
1.14973
0.978039
1.01376
1.00769
1.24975
0.994988
0.970039
0.983013
0.881968
1.08837
1.05426
1.01364
0.716892
0.886979
1.07836
0.985037
1.09588
1.04831
1.05109
1.03057
1.05967
0.90867
1.1078
1.00026
1.0266
0.913619
0.973648
0.876541
1.02321
1.15439
1.06845
0.896445
1.01358
0.799483
1.24915
0.872058
1.09683
0.982306
1.18519
0.948191
0.977761
0.889563
0.995703
1.06942
0.965661
0.707141
0.981302
1.03965
1.10169
0.973415
0.911325
1.08422
0.924971
0.964094
1.09118
1.03691
1.16821
1.06928
0.962346
1.03454
0.913475
1.09396
1.01129
1.00953
0.952436
0.890567
0.849615
1.13406
0.92972
0.986862
0.985753
0.855774
1.00961
0.893184
0.920602
0.908965
0.952714
1.14999
0.990258
0.856771
0.975341
1.11731
1.00506
0.827538
1.11288
0.958294
0.998953
0.952898
0.937944
1.12929
0.932048
1.06176
0.949705
1.0381
0.934738
0.931359
1.07578
1.05896
1.05798
1.01226
1.11554
1.17001
0.947113
1.12469
1.13574
0.87084
0.902957
1.11694
1.11465
0.938533
1.06887
0.969894
1.19937
0.95616
1.04817
0.949868
1.10763
0.952924
0.99783
0.993499
1.06155
1.17878
1.06015
1.02181
1.03951
0.964643
0.885544
0.957908
0.913852
0.859128
1.01177
0.924374
1.05764
0.98693
0.961284
1.00399
0.990553
1.02091
1.12492
1.00575
0.945146
1.06504
0.998574
0.884537
1.05243
0.948678
1.06182
1.081
0.902991
0.935548
0.947234
0.977462
1.11393
0.97791
1.06974
0.811134
1.02823
0.956816
0.886553
0.972415
0.969902
0.922426
0.895375
0.989095
1.04493
0.949983
1.11144
0.983338
1.09314
0.978337
0.98685
0.995339
1.22307
0.939712
0.858134
1.18944
1.03532
0.928027
0.963497
0.999314
1.03897
0.98913
0.963025
0.781342
0.970372
1.00525
1.03447
0.797117
1.16125
1.07472
0.867305
1.06148
1.1334
1.0319
1.09934
0.900209
0.858801
1.04782
0.994903
1.08763
0.92788
1.02202
0.972475
1.08014
0.99365
0.855549
1.05256
1.03123
0.966699
0.907208
0.813843
1.05397
1.18567
1.1942
1.07686
0.920595
1.06044
0.88627
1.04577
0.904365
1.00668
0.954404
1.00622
1.08512
0.91003
1.00288
1.01509
0.92169
1.1356
1.02008
1.15653
1.06793
0.950355
1.05013
0.928383
0.835607
1.09859
1.14836
1.05411
1.12448
1.12688
0.794304
0.886816
0.878202
1.05323
1.24039
1.04186
1.16201
0.941481
0.882782
0.886727
0.82878
1.02741
1.00334
0.952776
1.1294
0.949985
1.1419
1.08769
1.04056
0.928581
0.994996
0.979563
1.13564
1.05475
0.919609
0.871063
1.13294
0.89823
0.979328
0.925677
0.946513
0.997818
0.896672
0.900926
1.08037
0.89596
1.07441
0.980214
0.953984
1.00968
0.993498
0.906856
1.17728
0.984764
0.940087
1.10313
1.04322
1.06101
0.865287
0.922958
1.00129
0.92293
1.0892
0.901455
0.979651
0.946939
1.06041
1.26679
1.08088
0.947731
0.958477
0.883272
0.884529
0.890327
0.863406
0.998536
1.0528
0.937294
0.829893
0.998068
0.955907
1.01828
0.944837
1.11923
1.21429
0.915668
1.02333
1.11689
1.02402
1.13843
1.00986
0.989014
0.996816
0.832675
1.10568
1.112
0.903311
0.928543
0.991832
1.02808
1.03619
0.885598
0.814627
0.912929
1.06704
0.913775
0.888777
1.11277
1.10137
0.98453
1.04261
1.11098
1.08657
1.12126
0.956656
1.0052
1.10251
1.06441
1.06198
1.08155
0.936437
0.975426
1.00932
0.903677
1.15475
0.932818
0.955075
1.10534
0.963509
1.1984
1.06174
0.842534
1.01605
1.25019
1.05093
1.06039
1.03032
1.03151
1.28315
1.21924
1.13142
1.0018
1.06352
0.890895
0.875987
1.08004
0.911238
0.953513
0.96385
0.801582
1.01472
1.00875
0.862096
0.94065
0.761965
0.939184
0.974439
0.934774
1.17027
1.2043
1.09857
0.969705
0.956723
0.986307
1.27904
0.974351
1.0052
1.06983
1.07897
0.809463
0.990917
1.14969
0.970587
0.95084
0.930147
0.783421
0.958328
1.0345
1.1045
0.86272
1.04659
1.07522
1.00371
0.854784
0.860523
0.916803
1.10582
0.966825
1.10129
1.1137
0.963213
1.11885
1.00984
1.01848
1.17332
0.7391
1.08578
0.981816
0.899726
1.18766
0.915769
1.16599
0.977902
1.07323
1.07348
0.992347
0.953408
0.935527
1.15663
1.12149
1.00424
0.832544
1.05756
0.975345
1.06903
1.02165
1.22925
1.23152
1.02399
0.960633
0.946548
0.785606
1.11721
1.05405
0.896409
1.07464
1.14451
0.784406
0.975019
0.868708
0.938106
0.914334
0.924609
0.920848
1.07182
1.02687
0.903221
0.98747
1.07798
0.982618
0.87619
0.917674
0.842195
1.16288
0.7568
1.0864
0.93212
0.96715
1.04443
0.865917
0.985904
0.989346
1.0246
1.01164
1.15784
0.951365
0.962316
1.0256
1.09042
0.819061
0.907723
1.09133
1.0398
1.02641
0.869914
0.90269
1.09445
1.03167
0.938941
0.972707
1.00544
1.0103
1.06307
1.12506
0.918977
0.992024
1.11175
1.02836
0.97591
1.05184
0.957508
1.05187
1.04896
1.09802
1.00289
1.24184
1.05375
1.03772
1.10068
0.970538
1.02707
1.10317
0.975244
1.24382
0.906053
1.06689
0.936163
1.15598
1.09732
1.23872
0.977041
1.0849
0.953102
1.06784
0.982243
0.948779
0.957964
0.998217
0.98098
1.03338
1.21202
1.20251
0.928816
0.976602
0.89714
0.953119
1.05522
0.956961
1.03787
1.09653
1.19021
1.01334
1.04258
1.02255
1.02733
0.910186
1.03335
0.948052
1.08891
1.05901
1.08588
0.996773
0.996203
0.95956
1.10902
1.03859
1.03544
0.904753
0.976976
1.01235
0.922884
1.15019
1.03399
1.00421
1.04851
1.03564
1.10916
0.930682
0.985486
1.01386
0.962616
0.995804
0.906612
0.874634
0.951352
1.05487
1.04007
0.994102
0.987283
1.08811
1.00561
1.08597
0.938484
1.03966
1.01891
1.0501
1.0409
0.867356
1.03235
1.14026
1.16765
1.01513
0.956265
0.945775
1.3083
1.0093
0.862544
0.984265
0.902419
0.925295
0.973547
0.976172
0.999937
0.981094
0.943187
0.993235
1.09449
1.05675
0.837775
1.09593
1.11589
0.92239
1.08889
1.02106
0.982317
0.956981
0.982274
1.02487
1.00034
1.08296
1.1478
0.861808
0.986704
1.05372
1.34245
1.09368
0.93069
0.899509
0.992207
1.09325
0.989479
0.890788
0.995999
0.987678
1.00753
1.01736
1.04287
0.97187
1.06416
0.961641
1.09775
0.948671
1.02642
0.998693
1.02008
1.14515
1.00867
0.996624
1.07732
1.22806
0.902935
1.09837
0.840747
0.983995
0.898771
1.06205
0.906282
0.861625
1.13639
1.08064
1.10044
0.846405
0.926917
1.1992
1.03015
0.886557
0.831776
1.13267
0.98058
0.997799
0.962906
1.04404
1.05714
1.13067
0.954672
0.984181
1.01277
0.946183
0.988435
1.03657
0.954166
0.91627
1.23982
0.91265
0.99166
0.754034
1.06865
0.96596
1.02742
0.844253
0.886476
0.990349
1.0013
0.970068
0.901389
0.908168
0.899228
0.994927
1.12357
0.949765
1.10482
1.01204
0.914078
0.967007
0.996406
0.814141
0.905669
0.998542
0.932555
0.936331
0.798779
1.05951
0.984719
1.06262
1.11229
1.04267
1.0684
0.97469
0.942966
1.02813
1.05725
0.842351
0.851557
1.01688
1.09651
1.35512
1.02103
1.06163
0.83347
0.932156
0.879588
0.926192
0.880063
0.949326
0.875924
1.01938
1.0528
0.964108
0.852278
0.925997
0.956551
0.901063
0.940629
0.941712
1.17235
0.964431
1.10339
1.04335
0.91172
1.07643
0.789239
1.03539
0.933375
0.80864
1.05938
0.888936
1.02572
1.20503
1.00887
0.903325
0.937457
0.888375
1.07161
1.02285
0.834848
1.06578
1.16632
0.997751
0.881202
0.972421
0.914356
0.928519
1.13258
0.936256
0.972829
0.926617
0.901404
0.996078
0.943848
1.05545
1.00244
1.12035
0.783736
0.938548
1.08797
0.94129
1.04004
1.19987
1.03127
1.00783
1.11998
0.918116
1.34776
1.00633
1.02125
0.909472
0.920897
0.759152
0.993965
0.940223
0.928849
0.955033
0.962989
1.07907
1.07569
1.12065
1.13135
1.03494
0.870675
1.09078
1.05927
0.913593
0.826862
1.11772
0.93659
0.987536
0.939489
0.956702
1.02581
0.902932
1.12921
1.18151
0.965566
1.17113
1.02919
0.988157
1.0549
0.950076
1.03746
1.02247
0.978024
0.993744
0.839379
1.1179
1.03863
1.01033
0.959538
0.964041
0.978505
1.08386
0.845827
0.961047
0.923052
0.910378
0.99356
1.05115
0.960368
0.949468
1.05443
0.842479
1.11034
0.807841
0.990507
0.950327
1.02337
0.968089
0.803449
1.04565
1.01019
0.979386
1.06983
1.09675
1.02025
1.10339
0.891921
0.97401
0.875861
1.04885
0.983001
1.04851
0.874581
1.01965
0.990092
1.06234
0.974934
0.884652
0.951229
1.00053
0.899656
0.80562
0.918576
1.10197
0.899928
0.897498
0.971931
0.955275
0.946442
0.721921
0.952821
0.95127
0.979765
1.00696
1.04719
1.06384
1.2061
1.15563
1.06835
1.06021
1.06987
1.05065
0.918656
1.00943
1.00425
0.84807
0.981215
0.902264
1.03468
1.24178
1.26645
1.01092
0.895753
1.08469
1.28331
0.837706
0.98066
1.09264
1.04887
0.869413
1.08791
1.05601
1.03477
1.02272
0.9277
0.946809
1.12752
0.970257
0.829002
1.01511
0.880273
0.936102
1.19225
0.839291
1.07993
1.10924
1.11292
0.768706
1.05926
0.965697
0.927653
0.971405
0.966819
1.06682
0.886924
0.915846
1.173
1.01728
1.35547
1.09969
1.1898
1.02865
0.93937
1.10896
0.9617
0.923244
0.872414
0.909568
0.839385
1.03975
1.05148
1.00177
0.96265
0.920768
0.915754
0.944714
1.04385
0.985731
1.14277
1.19275
1.10111
1.10162
0.885107
1.15231
0.974035
0.891122
1.19429
1.06978
0.904236
1.0096
0.91526
1.11114
0.95612
0.921415
1.00899
1.1035
0.901108
1.14752
1.01046
1.16849
1.21871
1.1432
1.13039
1.0104
0.954601
1.01865
1.06768
0.965132
1.06345
1.00108
1.04045
1.02983
0.928779
1.00797
1.02739
1.07144
0.918427
0.964474
1.18787
0.972108
1.02325
1.13587
0.854743
1.0134
0.949085
1.00084
0.869726
1.10818
1.05309
1.02824
0.868789
1.02817
1.02962
1.02462
0.990435
0.996017
1.09276
0.964082
1.08604
0.963429
0.979626
0.973672
1.09107
1.04118
1.17994
1.12919
0.894357
0.872434
0.928604
0.918463
1.01481
0.935853
0.977859
0.850943
0.80867
1.02593
0.879853
0.92305
1.06215
0.849234
0.923863
1.00805
0.836325
1.1224
1.02851
1.05006
1.04984
0.837945
1.10056
0.902711
0.895585
1.17771
1.07808
0.985445
0.850249
1.13628
1.00438
0.852772
1.14429
0.927717
0.983307
0.774935
0.973018
0.886441
1.03512
0.894403
1.05889
1.04604
0.962281
0.945521
0.902957
0.999079
1.00104
1.07127
0.893371
1.07688
0.846151
0.939121
1.06483
1.03751
0.927538
0.97124
1.12398
0.911784
0.991262
0.964345
0.907338
0.926014
0.979422
1.02235
0.944806
1.23494
1.15378
0.993336
1.04382
1.44815
0.9661
1.03885
0.841575
0.884028
1.11601
0.798978
0.997378
1.03287
0.964356
0.929154
1.01778
1.24765
0.997422
1.06305
1.00582
1.05181
0.957214
1.00438
0.956057
0.89331
1.04287
1.15744
1.04339
1.07057
1.04962
1.00263
0.959562
1.07315
0.749773
0.86801
0.9925
0.91709
0.965337
1.05593
1.10336
1.00233
0.916852
1.05692
1.08271
1.02142
1.01759
0.709998
0.917748
1.16308
1.0063
0.975644
0.953717
1.06511
1.00451
0.952055
1.02446
1.06451
0.888192
1.08293
1.02411
1.05235
1.06214
1.17439
0.857972
0.99208
0.924873
1.09969
1.01005
1.11401
1.02244
0.900573
1.14208
1.06372
1.0454
1.10366
1.05163
1.10574
1.13601
0.949072
1.00821
0.954019
1.01993
0.984398
1.13818
0.952164
0.906733
0.960774
1.0779
0.976904
1.08823
1.17194
0.992747
0.905603
0.782697
1.06928
1.03244
0.970473
1.15527
0.852344
1.00171
0.958345
1.10609
1.06701
1.01787
0.947135
0.918548
0.98451
0.993143
1.10485
1.06399
0.980504
0.943514
1.0135
0.880588
1.03916
1.10809
0.908905
1.01462
1.03043
0.864673
1.00504
0.849568
1.09303
1.16145
1.00614
0.892623
1.03755
0.982063
1.10397
1.0873
1.08651
0.845423
0.985303
0.86914
1.14152
0.904305
0.859908
0.804732
0.935401
1.00366
1.00539
1.07594
1.10855
1.02716
1.25869
0.940178
1.00656
1.08234
1.02972
1.10163
1.02005
0.893743
1.05845
0.78072
0.971097
1.03918
1.01842
0.956791
0.878992
1.03364
1.08013
0.831397
0.950167
1.11481
1.03544
1.06697
0.970223
0.85583
0.788569
0.83145
0.939595
1.10179
1.12725
0.849049
1.02014
1.07939
1.10827
0.871635
1.18121
0.948288
0.986023
1.17252
0.947973
1.09537
1.01614
0.942323
0.855616
0.953068
1.01928
0.873479
0.80123
0.995127
1.06947
1.04505
0.756104
0.939217
1.00085
0.955921
0.960182
1.09948
1.03096
0.787821
1.07888
0.940803
1.05489
0.848626
0.955093
1.11524
1.00306
1.09349
1.06157
1.18398
1.04068
0.922599
0.933317
1.15747
1.07104
1.04956
0.976192
1.06705
1.09263
1.01388
0.88417
0.945087
0.916153
1.01798
0.988692
1.0028
0.956502
1.08851
0.901869
1.06647
1.12545
0.881046
0.806581
1.08695
1.11576
1.10059
1.22034
0.815724
1.0296
0.90836
1.01288
0.777307
1.11812
1.00802
1.0804
0.988887
0.902381
0.941455
1.10131
0.857146
0.944666
1.16188
0.961611
1.06615
0.760588
0.861183
0.935564
0.907351
1.01327
0.918709
1.00452
0.884866
1.21267
0.895221
1.00021
0.923643
0.876657
1.05717
1.02765
1.08001
0.855042
0.898112
1.06944
0.96753
1.09056
1.00179
1.06188
1.12022
0.974729
1.05243
0.875774
0.976466
0.88413
1.08916
1.11139
1.15725
0.813764
0.92536
1.04992
0.956469
0.991053
0.951253
0.989802
1.06749
0.975362
0.920801
0.887816
0.892285
1.04927
1.11697
0.98283
1.23307
0.978054
0.837152
1.02737
0.851539
1.09465
1.15864
0.825234
0.947461
1.10672
0.942684
1.07681
0.917955
0.812589
0.923731
0.955155
1.07435
0.831783
1.01395
0.964793
0.857713
1.01904
1.03477
1.05026
0.991406
0.985342
1.15643
0.831054
0.999484
1.09643
1.13405
0.920583
1.0688
0.944091
0.95144
0.906662
1.04246
0.927995
0.788471
1.00261
0.843919
1.03051
1.16439
1.01343
0.96669
1.19204
1.02021
0.909648
0.86019
0.937275
0.962056
0.942273
0.904746
0.711558
1.01927
0.977071
0.988215
1.03938
0.99722
0.852762
1.05496
1.10396
1.05851
1.04103
1.05512
0.939087
0.955627
0.944512
1.06473
0.953918
0.852593
0.994003
1.08773
0.846061
1.05651
1.03668
0.965546
1.11536
1.05472
1.01263
1.05852
1.25174
0.802743
0.906662
1.07044
0.890269
1.076
0.754614
0.934619
1.00422
1.15558
0.864029
0.980123
1.07911
0.867331
1.19754
1.04878
0.961184
0.914681
1.05942
0.959617
1.19184
1.07131
0.917506
1.0025
0.98176
1.07443
0.994099
0.999703
1.06838
1.11202
1.03902
1.01127
1.00784
1.01275
0.992464
1.11721
1.06071
1.0308
0.960203
0.932717
1.23335
0.86848
0.938547
0.858488
1.01445
0.990859
0.995577
0.809572
1.19676
0.877814
0.973056
0.884413
1.09967
1.01087
1.09781
0.934811
0.915309
0.883802
0.942093
0.997139
1.02593
0.854088
1.13033
1.0941
0.856162
0.956343
0.842455
0.89605
1.16922
1.05777
0.902861
0.808048
0.998115
0.937384
1.04166
0.92006
0.957461
0.947495
1.08275
0.945483
0.970659
0.97435
0.999446
0.932905
1.00324
0.893647
1.0227
1.09192
0.995006
1.02157
1.11004
0.8509
1.26461
1.19756
1.10692
0.998799
1.00571
1.05684
1.20716
0.83976
1.00039
0.850996
1.13739
1.03392
1.18626
1.1974
0.880284
0.892274
1.14488
0.840764
1.07361
1.00107
0.901427
0.914382
1.12588
1.07445
0.896509
0.965836
0.94145
0.89126
1.1677
0.95039
0.877194
0.891881
0.82908
1.17639
0.955664
1.10782
0.931236
0.94281
0.973795
1.08106
0.972008
0.955551
0.98229
0.850368
1.11142
0.886909
0.922757
1.01659
0.968599
1.04638
1.00254
0.992205
0.968003
0.949408
1.0189
1.02008
1.02551
1.06962
0.87869
1.05672
0.906863
1.31815
0.986244
1.09222
1.08449
1.0052
1.05878
1.12896
1.08434
1.09628
1.04877
0.928471
1.02412
0.882325
1.04444
0.943678
0.91208
0.993029
1.07942
0.987724
0.922865
1.07206
1.11577
0.902165
0.977393
1.01005
1.09686
0.835499
0.971916
1.02979
1.09639
1.03072
1.20739
1.19199
0.98456
0.878125
1.05193
1.03816
1.00815
1.01649
1.04519
0.976944
0.92031
0.931916
0.974663
0.967574
0.957817
1.00206
0.997589
1.13672
1.1197
1.10211
0.952064
1.00433
1.13282
0.939573
0.847782
1.16945
1.06624
1.07946
1.00713
0.976503
0.892444
1.24089
1.15327
0.939545
0.91196
0.916039
1.04884
0.87077
1.21856
0.971694
0.921979
0.944588
0.901114
1.07376
1.11384
1.02535
1.07077
0.924451
1.014
0.818693
0.971892
0.916202
1.24395
1.13761
1.2567
1.0305
1.19602
0.991432
0.910482
0.85536
0.927859
0.949764
0.993298
1.1138
0.896491
0.885255
0.97279
1.28413
1.07766
0.901439
1.13997
1.16805
1.0539
1.04082
0.961493
0.955849
0.882484
1.06125
1.02633
0.860304
0.979776
0.902835
0.935879
0.889444
1.01106
1.03093
0.988413
0.946945
1.05584
0.969677
0.973568
1.09809
1.08958
0.857212
0.971805
0.975633
1.24872
0.958632
1.00878
1.01085
1.1531
0.940389
1.06311
1.09993
1.03868
1.10219
1.01098
1.06023
1.14398
1.01269
0.972335
1.23079
1.02969
1.0713
1.02908
0.828675
0.906445
0.907916
0.978016
0.823469
0.996443
1.15008
1.10374
1.09904
0.917243
1.16358
0.899476
0.949602
1.01612
0.93225
0.936858
0.980393
1.24425
1.01642
0.916208
1.24097
1.27292
0.922419
1.18544
0.882099
1.05211
1.23076
0.977858
0.961003
1.17254
0.905623
1.1487
0.858605
1.04285
0.911672
0.961989
0.885802
1.03216
0.974349
0.901513
1.0438
1.10704
1.20124
0.949815
1.08671
0.894851
1.0036
1.02885
1.13944
1.02505
0.970758
0.983739
1.16187
1.01843
1.07437
0.893569
1.08963
1.0965
0.891825
1.18635
1.2394
1.11097
1.02162
1.16189
0.929362
1.18234
1.09362
0.992263
0.932593
0.833824
0.905011
0.899073
0.937271
1.04251
1.00764
0.908653
1.039
0.904847
1.1469
0.868274
0.853988
1.01696
1.01938
1.00559
0.93326
1.0101
1.0341
1.03934
1.0734
1.04327
1.03343
1.03559
1.14114
1.00515
0.882338
1.08472
1.03939
1.05335
0.952508
0.987564
1.04623
1.2643
1.0083
0.87781
0.90733
0.958162
1.03835
0.974844
0.823056
1.15319
0.987393
1.00549
1.09854
1.08123
0.904325
0.865731
1.14414
1.01341
1.069
1.00785
0.899264
0.971702
1.15327
1.13867
1.0031
1.11314
1.06576
0.975153
0.943157
1.23131
0.958004
0.987755
1.07345
0.773687
0.970024
0.978101
0.85817
0.860644
0.939099
0.971014
0.996506
1.01737
1.12401
1.07196
1.0369
1.03099
1.00288
0.950622
1.07925
1.05621
1.00347
1.07602
1.04013
1.07034
0.808637
1.01374
0.988741
0.943493
0.903889
1.02227
1.03291
0.988465
1.03271
0.917607
0.990492
0.923557
0.953636
1.07601
0.935295
1.00331
0.722707
0.914612
1.19019
1.14092
0.909324
1.17596
1.04281
1.04702
1.05798
0.959028
0.844182
0.864146
0.76499
0.931815
0.932125
0.864192
0.949279
0.998717
0.962076
1.08472
1.11277
1.02571
1.00299
0.885627
0.975075
1.10172
0.775136
1.1347
1.03672
0.958728
0.92829
1.07402
0.9488
0.961033
0.96244
0.948253
0.907343
1.00722
1.04359
1.01387
0.890513
0.802098
0.995044
0.838842
1.03982
0.983769
0.947073
1.17745
0.964441
0.973763
0.910588
1.06946
1.08903
0.8838
1.13525
1.13602
1.05483
0.798074
0.82882
1.00143
0.953943
1.07546
0.809536
0.967141
0.742849
1.00667
1.02832
0.884744
1.07989
1.04578
0.94185
0.963563
1.07025
0.830916
1.08378
0.885574
1.00267
0.90565
0.981902
1.08806
0.903999
0.886752
1.01687
0.912097
0.872404
1.03195
0.856063
1.03913
1.02987
0.96591
0.890922
0.955775
0.936534
1.08544
1.03752
1.00723
1.00511
0.8574
1.08529
0.923944
1.19788
1.12638
0.933983
1.10637
1.0911
1.04511
1.06867
0.948701
1.06875
0.983341
0.95996
1.12371
0.913694
1.02213
1.00499
0.903664
0.923583
1.14828
0.974851
1.0171
0.915779
1.19776
1.11127
0.859209
0.912165
1.04418
1.00332
0.971262
1.05028
1.04303
1.06698
1.03101
0.83187
1.14974
0.842211
0.951154
1.20267
1.20457
1.01606
1.06596
0.991479
0.941966
1.02193
0.904525
1.02212
1.09421
0.995463
1.00357
1.00251
1.01876
0.993685
0.928819
1.11661
0.87535
0.997639
0.976174
1.12635
1.06027
0.907315
0.867017
1.06818
0.955415
1.3033
0.871148
1.0733
1.00452
1.10764
0.942037
0.844251
0.979136
0.839747
1.08955
0.924658
0.898202
0.941969
1.06062
1.08826
0.928967
0.97476
1.06029
0.914603
1.01862
1.07852
1.03799
1.17545
0.971424
0.99384
1.10754
1.10042
0.941526
1.05977
1.08533
1.06969
0.841691
0.989955
0.928853
0.837234
1.0133
1.00306
1.18189
1.04925
1.00506
1.04232
0.989953
0.948175
1.09038
0.987711
1.05434
0.9068
1.05386
0.930411
0.994931
1.02809
1.05395
0.941425
1.00081
1.15959
1.0009
1.03072
1.01252
1.07684
0.897936
0.975369
1.0785
1.0464
0.944824
0.977829
0.867343
0.770016
1.06609
0.963338
0.929892
0.804563
0.960652
0.989258
0.962436
1.07572
1.05375
1.05223
0.940287
1.00848
1.07666
1.07483
0.939369
1.03576
1.1196
1.06886
0.997377
1.10642
0.992482
1.05578
0.927896
0.969557
1.09013
1.1845
1.05228
0.968674
0.846495
0.885197
0.918269
1.02135
0.967111
1.08348
0.849888
0.942969
1.05385
0.956328
0.862423
0.729162
1.11265
1.17989
1.03517
0.956704
0.951244
0.978982
0.904845
0.964583
0.830337
1.15054
0.89571
1.12099
1.09148
0.920309
0.864699
1.00485
1.07498
1.13258
0.974541
1.16028
0.96268
0.95413
0.845612
1.06009
1.01761
1.16321
0.950708
1.01796
0.801702
0.997127
1.0082
1.12105
0.975488
1.12029
0.954571
1.02954
0.974127
0.873027
0.894245
1.05826
1.01154
0.934078
1.25115
0.693497
0.949357
1.02375
0.872111
1.02579
1.09133
1.02555
0.955063
0.947912
0.861062
1.11671
1.08419
1.0904
1.04592
0.941063
1.0313
1.07098
1.18087
1.0479
0.874928
1.0394
1.09928
0.973444
0.999257
0.883849
1.02783
1.11796
1.0098
1.16102
1.05019
0.982303
1.19176
1.03261
0.97853
1.14344
0.954054
1.09389
0.902907
0.873832
1.03219
0.864959
0.982257
1.13318
1.12788
0.971996
0.813024
0.956505
1.02665
1.01361
0.928329
1.0123
0.985417
1.02597
0.869108
1.05286
0.883002
0.958214
1.02646
0.89411
1.01624
1.02932
1.09727
1.03536
1.00986
1.11611
1.02524
1.06535
1.11639
1.01876
0.808485
0.997532
0.799665
0.973371
1.08508
1.25961
0.987878
1.07981
0.862644
1.07771
1.10619
0.919279
0.947968
1.0008
0.947808
0.916598
1.03109
0.96751
1.09769
0.989966
0.980082
1.09227
0.957072
1.12122
0.764022
1.00889
0.743551
1.00343
0.971365
1.09214
0.990722
0.878165
0.944108
0.891254
1.13907
1.25248
1.10919
0.861663
0.866831
1.18028
0.809664
0.972954
1.07474
1.02122
0.99115
0.882991
1.0845
0.903983
0.743108
0.921812
1.11525
0.968949
0.948177
1.22439
0.878367
1.02392
1.06192
0.918091
1.24529
1.03651
1.04558
0.860917
1.00149
1.0734
1.0329
1.02615
0.962825
0.88361
1.03248
1.11182
0.944424
1.00938
0.976336
1.07227
0.746128
1.10789
0.937171
0.819498
0.992493
0.879195
1.12234
1.10344
0.956417
0.988776
1.13744
1.01404
0.883391
0.876069
0.841764
1.08535
1.01836
1.09676
0.884695
1.07722
0.881789
0.98091
1.0086
1.13786
0.88645
0.963015
1.04837
0.831488
0.903961
1.07682
1.08087
0.881141
0.759766
1.01978
0.936341
0.832763
0.942756
1.06836
1.02576
1.1047
1.04084
0.879227
0.997555
1.08306
1.04861
0.933737
0.958918
1.11891
0.914419
1.05738
0.970013
1.02248
1.09237
1.02105
1.08643
1.06424
0.994571
1.12723
0.885693
1.00829
0.952306
1.13777
0.910162
0.838171
1.04042
0.9125
0.955397
0.930703
0.931094
1.14969
0.825472
1.08542
1.16002
0.90253
1.24694
0.912073
1.14353
1.03004
1.19801
1.05719
0.952287
0.947672
0.944318
0.840241
0.971542
1.0797
0.863789
1.17847
1.01562
1.03608
0.987058
0.914387
0.926974
1.12852
1.06274
1.02324
1.18685
0.802717
0.805268
1.13
0.993928
0.908067
0.941829
0.810262
0.938558
1.00506
1.07032
0.969227
0.99997
1.00424
0.983352
1.03074
0.839745
1.07828
1.38454
0.869491
1.03299
0.907325
1.08806
0.778889
0.973565
1.01578
1.04335
1.03418
0.961638
0.988031
0.973681
0.875837
0.795696
1.04613
0.908238
0.913782
1.11632
1.08524
0.878722
1.05511
0.920402
1.00293
0.913197
0.967167
0.93363
0.988324
0.971977
1.06047
1.00547
0.903005
1.07505
0.853715
0.863261
1.12707
0.99081
1.06322
0.995849
1.10427
0.951866
1.24713
0.980903
0.976838
1.07982
1.0299
0.938333
1.09296
0.850981
1.05092
0.839087
1.02833
0.82074
1.05505
1.01704
0.875763
0.839293
1.10326
1.0274
0.886069
0.957912
0.905408
1.08399
1.16379
0.973621
1.00308
1.09884
0.908416
0.984912
0.877927
0.916697
0.898024
0.961863
0.997088
1.02786
1.09415
0.980513
0.821812
1.12864
1.10138
1.12203
0.856623
0.972168
1.01961
1.00603
0.961585
1.14577
1.01781
1.00828
1.0948
0.899547
0.910867
1.11126
1.1255
1.0269
1.16049
0.991877
0.81971
1.01131
1.10143
0.998354
0.852693
1.10046
1.11826
1.05763
1.01253
1.22708
0.972262
0.981919
1.06491
1.18881
0.894629
0.904719
0.976853
1.06533
1.02894
0.942346
0.973951
1.05784
1.08895
0.86377
1.05825
1.02038
1.08275
0.856069
1.03884
1.12451
0.817563
0.942678
0.865618
0.983473
0.997344
0.891832
0.878634
1.02693
1.12366
1.14897
1.22794
0.973313
0.902981
0.897158
0.965019
1.18452
1.01793
1.03748
1.08426
1.01922
1.03211
0.947537
0.890999
1.12497
1.03226
0.905819
0.937931
1.02142
1.05575
0.942993
1.08832
1.09074
0.950716
1.02554
1.06803
0.913877
0.904578
0.932255
0.956482
0.929423
1.02478
1.10628
1.03421
1.12473
0.859745
1.20146
0.99003
1.06194
1.08792
0.964899
1.14761
1.08081
1.01675
0.83808
0.903262
1.13377
0.927365
0.97037
1.10637
1.01104
1.0253
0.859252
0.954455
1.092
0.956791
1.03161
0.905553
1.08518
0.92588
0.971029
1.00015
0.949695
1.11166
1.06505
0.963164
1.07017
0.910749
0.938963
0.950111
1.14069
0.993598
1.04118
1.03067
0.949955
1.22856
0.906347
0.938979
0.873644
1.00193
0.911524
0.947337
0.938177
1.03403
1.145
0.88797
0.884179
1.11889
1.39944
0.998845
1.06967
0.886792
1.07214
1.14228
1.03291
1.1748
0.980286
1.02541
0.972547
0.997618
1.06761
0.892775
1.06606
1.04711
0.978097
0.98409
1.056
0.964828
0.975185
0.860516
0.909202
0.99859
0.991304
1.02488
1.04923
0.880897
1.11153
0.932892
0.984925
0.963652
1.03467
0.923423
1.00891
0.9756
0.974793
0.989849
1.24919
1.07072
0.735936
1.07706
0.943927
1.34211
1.12519
1.03392
0.952758
0.923302
1.03701
0.882191
1.09119
1.00873
1.26221
0.901403
0.915807
1.09244
0.826605
0.992482
1.01452
1.03793
0.981661
0.94927
0.912831
0.915325
0.990307
1.0128
1.09727
1.09467
0.920059
0.87521
0.902014
0.949612
1.10309
1.15236
1.00862
0.846358
0.901811
0.777758
1.00757
1.11872
1.04063
0.965252
1.01447
0.89906
1.20028
1.07459
1.10042
0.889308
1.02623
0.911823
0.839975
0.984938
0.905525
1.15235
1.00947
1.03773
0.99547
0.88691
1.10608
0.890091
0.931408
1.00302
0.848138
0.854004
0.867096
1.01897
0.937582
0.746855
0.937255
1.05917
0.930887
0.97357
0.866531
1.13197
0.895365
0.914051
1.13078
0.971919
0.998694
0.925962
1.00701
0.886421
1.27753
0.888296
0.94821
1.05327
1.00186
1.06774
1.07678
0.956181
0.997319
0.957187
1.23672
0.942048
0.941551
1.02649
1.09824
0.877569
1.12071
1.02719
1.11193
1.04448
0.907684
1.10561
0.994985
0.973441
1.11019
1.04226
1.00053
0.900032
0.979346
1.0996
1.08924
1.23339
1.07002
1.07402
0.894526
0.859789
0.958737
0.974097
1.00324
0.887442
0.940536
0.978767
1.03611
1.06626
1.22307
0.821625
1.05977
0.956787
1.06318
1.0627
0.877287
0.933509
1.08693
0.975764
1.08079
0.927999
0.957708
0.986025
1.01752
1.0913
0.94495
0.990601
0.93871
0.958542
1.08703
0.827604
0.877534
0.963085
0.967994
1.08156
0.838285
1.0168
1.0555
1.03356
1.15495
0.883924
1.01174
0.949635
1.28767
0.947982
1.00037
1.15132
0.858265
0.985686
1.05109
0.915114
0.898526
1.10289
0.983035
0.934074
1.00454
0.856152
1.05071
0.991094
0.994109
1.24483
1.03193
1.08607
0.896859
1.09326
0.974831
0.826876
0.881457
0.965239
0.981089
1.10843
1.02499
0.996473
1.12666
1.07996
0.949907
0.862833
1.05837
1.13602
1.15691
0.78919
1.22442
1.01574
1.18012
1.07189
0.969978
0.981668
1.0566
0.955519
0.867241
1.065
1.042
1.00616
1.08722
0.869113
1.00603
0.883373
0.893077
1.06092
0.991206
0.977263
1.11316
1.06407
0.942213
1.05067
1.04702
0.912678
1.04162
1.09883
1.08499
1.00449
1.15337
1.04178
0.943684
0.946792
0.901921
1.07145
0.868732
1.06253
0.898226
0.915892
0.908821
1.02117
0.990428
1.05556
0.973278
0.883658
0.98781
1.12982
1.08264
0.900487
0.856852
0.977509
0.933225
0.886888
1.03656
1.00385
0.786338
1.26136
1.13792
0.987481
0.970157
1.05222
1.2702
1.03203
0.960843
1.11343
1.0969
1.03214
0.95457
0.856511
0.990639
1.0829
1.02419
1.1201
1.00364
0.998833
0.962344
0.887585
1.02196
1.00241
0.969042
0.878833
1.05221
1.03102
1.08157
1.06434
0.976776
0.996914
1.00886
0.892905
0.951592
0.888927
1.18013
0.854902
1.19259
1.03454
0.884616
0.976812
0.952649
1.17189
1.14081
1.03499
0.887422
0.973486
1.00837
1.10583
1.03335
1.11366
1.14857
1.09643
1.12149
0.989633
1.15017
0.959859
0.924895
0.928796
0.991257
1.19236
0.958271
1.1317
0.950585
1.02634
1.08789
1.05035
0.970711
0.834587
1.02409
1.06906
1.07433
1.03402
0.99089
1.03227
0.940525
0.968226
0.993823
1.02351
0.957037
0.940765
0.917479
1.06635
0.998999
1.12239
1.12641
1.04116
0.954177
0.886035
0.996447
1.03089
1.03235
1.05166
1.13861
1.33202
0.966089
0.946254
0.997392
1.13122
1.03213
1.0715
1.10413
0.904195
1.04555
1.19059
1.01922
0.946527
1.09975
1.09983
0.997807
0.744154
1.04198
1.03187
1.07312
0.999081
0.862856
0.93578
1.06814
1.065
1.12742
0.836322
1.1789
1.02685
1.08803
1.01421
0.77839
0.915643
0.952587
1.08742
0.963818
1.00642
0.920749
1.08881
0.991187
0.970251
0.809894
0.93567
0.929692
1.10895
1.03424
1.12473
1.12976
1.17516
1.02295
0.836325
1.01027
1.02513
1.07989
1.0069
0.944564
0.887206
1.0755
1.05866
1.03704
1.133
0.868461
1.27795
1.03828
0.988702
1.02819
0.897138
0.900617
1.05333
1.0389
1.09546
1.00276
0.990234
0.951322
0.961804
1.12521
1.08787
0.999529
1.02479
1.06285
0.953954
1.01849
1.09203
0.991965
0.815626
1.09386
1.0459
0.825368
1.13359
0.966523
1.09755
1.01158
0.956698
0.98243
1.07417
1.03822
1.05167
1.08458
1.0506
0.952777
0.977252
0.782098
1.11193
0.850272
1.0738
1.04015
1.04015
0.873739
0.852279
1.17353
0.886399
0.95542
1.06655
1.08486
0.987736
0.905123
0.845461
1.0586
1.04556
1.0636
1.02909
0.882009
0.981906
0.939236
0.853775
0.971093
1.0476
1.05098
1.14362
0.970382
1.01544
1.05405
1.21407
1.0956
1.16263
0.883999
1.04128
1.00214
1.03463
0.862718
1.14455
1.03588
1.03328
1.28586
0.893198
1.08107
1.01808
1.21143
0.991405
0.90603
1.21031
0.844412
1.15852
0.894048
0.972546
1.00277
0.930964
0.955213
0.905728
0.927595
0.955942
0.984505
1.06927
1.13292
1.11579
1.04901
0.906601
0.894123
0.824237
0.883325
1.05971
0.957864
1.04822
0.931868
1.18108
1.00319
0.902021
0.994458
1.03015
1.02186
1.039
1.06286
1.02511
0.983872
0.898637
1.30885
1.02134
0.969818
0.93157
0.923717
0.940555
0.904731
1.03564
1.02277
1.04147
1.07175
1.10326
0.94225
1.04772
1.11801
0.922693
1.06187
0.986148
0.862265
1.05296
0.923764
0.929127
0.967817
1.02372
0.942174
0.86776
1.01511
1.09416
0.951107
1.00585
0.982034
1.08723
0.932255
0.867514
1.04764
1.16841
0.992233
0.98886
0.930374
1.04685
0.865164
0.888877
0.92236
1.06695
0.998449
1.00153
1.00665
0.966544
1.10514
0.841717
1.13827
0.938942
0.991308
0.784142
1.16779
0.96374
1.00972
1.0258
0.954402
1.05993
0.910864
1.1614
1.10571
0.989942
0.946752
0.973739
1.07341
0.937842
0.934462
1.00377
0.878818
1.0657
0.991036
1.06008
1.15665
0.953326
1.13062
0.831178
0.904871
1.00741
0.938725
1.02678
0.901472
1.02528
0.897659
0.913097
0.977396
1.14336
1.0484
1.02901
0.971976
0.86091
0.922053
0.956757
0.973427
0.939393
0.890115
0.95074
1.04657
0.941492
0.700785
1.04989
0.990748
0.895796
0.94987
1.31912
0.897821
0.919275
1.03274
1.06943
0.936685
0.87686
1.16018
1.07842
0.882939
1.0913
1.09038
1.00966
1.09115
1.03075
0.815528
1.08713
1.01492
0.990897
1.16057
1.03716
0.975075
1.00103
1.18366
1.15265
1.01798
0.835652
0.870119
0.90636
0.986489
1.14966
0.762361
1.18496
1.02817
0.948847
0.960046
1.03243
0.733393
1.01713
0.946911
0.979455
1.04805
0.932942
1.1325
1.16466
1.13721
0.78443
0.931507
0.809025
1.20598
1.02741
1.03519
0.892403
0.996531
1.05035
1.07918
1.18947
1.08806
1.02258
1.13379
1.00385
0.890423
1.16188
0.885395
1.07799
0.935666
0.910273
0.971655
0.998001
0.824415
0.841013
0.958868
0.945624
0.99888
1.04211
0.810314
1.02562
1.01029
1.04128
0.824011
0.992735
1.19218
1.06005
1.20311
0.836831
0.773046
0.931391
1.08977
0.961406
0.97502
1.00453
0.856494
0.952475
1.15147
0.982178
0.902714
1.19124
0.966399
0.874561
0.944702
0.899001
0.99708
0.980011
0.901463
0.923193
1.28179
0.881467
1.10252
0.991443
1.13504
1.0932
0.854029
0.823257
0.95128
1.08831
0.927554
0.90857
1.06735
1.15345
0.952752
0.901214
1.11358
0.947183
1.10219
0.943386
1.01837
0.995557
0.982153
1.00561
1.20006
1.09952
0.804732
0.837043
1.09789
1.00852
1.02021
0.943388
0.983938
1.10488
0.813449
1.04694
0.855438
0.960979
1.12981
1.05843
1.07447
1.00972
0.842196
1.07028
1.26374
0.97709
1.16234
0.994402
0.995552
0.911914
0.914229
0.987829
1.26162
0.860229
0.991487
1.13624
0.978038
1.03266
1.02951
1.06605
0.813457
0.983519
1.04744
1.02597
0.964527
1.01974
0.901781
0.944969
1.05662
1.30278
0.794904
1.01306
0.850862
0.800885
0.965226
0.959418
0.99104
0.910075
0.978515
1.08808
0.969816
0.774293
0.892451
1.07524
1.14205
1.04813
0.980796
1.04239
1.07835
0.990537
1.07638
0.964672
0.853768
1.05183
0.930183
1.21965
1.16634
0.91884
0.98268
1.11864
0.880629
1.23162
0.999705
0.918575
0.894856
1.00034
0.865963
1.06335
1.06492
1.00095
1.08264
1.03718
0.968858
0.921331
0.852929
1.00382
1.10742
1.0535
1.10864
1.08683
1.00766
0.958177
1.02874
1.18739
1.07297
0.857317
1.02294
0.969141
0.858107
1.00772
0.898907
0.796769
0.924219
0.992766
0.956754
0.987693
1.11998
1.05765
0.89969
1.00461
0.985854
0.875896
1.02092
0.963388
0.982848
1.08907
0.905444
0.77668
1.11853
1.04254
1.15109
1.12264
1.03947
0.821401
1.12243
0.997656
1.09775
0.944238
0.871343
1.10293
0.735574
0.971124
0.958749
1.01124
0.915829
0.960323
0.997307
0.972557
0.985888
0.92846
0.797723
0.995119
1.10909
0.877795
1.0374
0.954426
1.00285
0.976853
0.869809
1.00756
0.957797
1.19474
1.13489
0.95066
0.999073
0.982156
1.16506
0.989715
0.954736
0.950675
0.977944
0.921182
0.872388
0.94284
1.14624
1.08907
0.974693
1.05727
1.12275
0.830954
0.9693
0.926911
0.949128
0.907451
0.85586
0.967103
1.22349
0.934988
0.973265
0.902757
0.896634
0.882959
1.17174
1.05142
0.905608
0.877034
0.958037
0.962854
0.905585
1.11079
1.03934
1.07743
1.00123
1.01574
0.893136
0.866328
1.14123
1.12567
1.12401
1.06672
0.982506
1.07005
0.939745
1.0254
0.860758
0.956862
1.0469
0.959434
0.916823
1.07131
1.13838
0.998226
1.21254
1.01347
1.09236
1.00471
0.902921
1.02992
1.05261
1.13292
0.953973
0.882408
1.17645
0.989462
1.00974
1.09458
1.08114
1.0847
0.970824
0.749091
1.02439
1.10229
1.30139
1.00484
1.0689
0.930969
0.990396
0.854974
0.975824
1.09222
0.979751
0.949036
0.931186
1.03406
0.919121
1.02131
1.06342
0.968691
1.00283
0.955274
1.03573
1.07747
0.974776
1.01778
1.06023
0.963442
0.912783
1.05414
1.01004
1.15817
1.01211
0.930165
0.910384
1.07813
0.738198
1.15138
1.12216
0.878609
1.09874
1.01507
1.01353
0.714569
1.02881
0.965231
1.30533
0.980679
0.846722
0.911415
1.0549
1.12863
0.896465
0.893939
1.06133
1.03639
0.829159
0.811554
1.03134
0.989005
0.868471
0.955762
0.914335
1.26001
1.0113
0.994499
1.03642
1.12045
0.927736
0.985517
1.10458
1.12581
1.09839
1.00057
1.09437
1.04119
0.993495
0.999468
1.06322
1.17099
0.909896
1.08149
0.995802
1.17679
0.908542
1.0012
0.84806
0.942841
0.950619
0.998409
1.03173
0.911595
0.947839
0.976647
1.04268
0.95553
1.1344
0.852278
1.08723
0.996693
0.915616
1.06703
0.968733
0.957384
0.936633
1.02295
0.972945
0.908872
0.964425
1.13824
1.12518
0.904386
1.08956
0.856246
1.0228
1.25644
1.04004
1.02266
0.926728
0.986816
0.976335
1.22493
1.14058
1.16591
1.06704
0.972351
1.24367
0.964953
0.903809
1.01456
0.992002
1.09057
0.85848
1.03657
1.13735
1.1198
1.0463
1.08094
1.1794
0.851034
0.809692
1.09498
1.0014
0.993559
1.0795
0.995798
1.24825
1.08034
0.97326
1.05937
1.15828
1.17748
0.956297
0.96554
0.898378
1.15632
1.09475
1.09889
0.913174
1.03695
1.00349
0.994234
1.07215
1.09729
1.03066
0.934939
1.01448
1.07512
1.01803
1.00696
1.00373
1.20513
1.15385
1.00458
0.938324
1.05859
0.938198
1.04011
1.05016
0.811666
0.918424
1.11708
0.946259
1.08817
1.00187
0.958315
0.930316
0.946938
0.883022
0.762728
1.00925
0.898845
0.925085
1.08241
0.855154
1.00766
0.997415
1.00981
0.954982
1.01525
0.985849
1.00913
0.854532
0.947694
0.955185
0.907109
0.932574
1.24818
0.903008
1.052
1.01196
0.982064
1.15569
0.867334
0.999128
0.899128
0.921753
1.13335
0.992987
0.847039
0.866026
1.05461
0.933414
1.14485
1.25876
0.990579
1.02723
1.07209
1.11812
0.977902
1.1196
0.882227
0.928681
0.992347
1.11609
1.00361
1.09444
1.09784
0.951875
1.07087
1.03342
0.925029
1.13639
0.992306
0.888824
1.06682
0.838551
0.958623
1.19811
1.04209
0.956149
1.09015
0.979027
1.15475
0.890462
1.06625
0.829089
1.03875
0.790593
0.90497
1.02013
1.03839
1.25942
0.918182
1.01075
0.921159
1.00113
0.962365
0.924699
0.934428
0.863096
1.19232
1.11895
0.940338
0.852755
1.07793
1.21057
1.04145
1.14031
1.00074
1.10622
0.970338
1.0075
0.865975
0.903277
1.07448
0.970268
0.856082
1.02108
1.03441
0.980594
1.07795
0.894384
0.939228
0.969585
1.12845
0.938273
1.09297
0.876793
1.04471
1.0602
0.917869
0.985109
0.995324
1.15016
1.09965
1.14
0.852829
0.894383
1.02802
1.06418
1.14603
0.906909
0.997374
0.997382
1.18154
0.949652
0.856014
0.968207
1.1028
0.924243
1.12184
1.01217
0.992258
1.10792
0.983246
1.10215
0.97888
1.07067
1.15796
1.15461
1.02069
1.00372
0.961578
1.03689
0.884804
0.928318
0.992926
0.895137
0.96691
1.26455
1.01291
0.973532
1.1523
0.899875
0.966147
0.918344
0.895544
0.961879
0.905821
1.03457
1.14669
0.985313
0.837383
1.20255
1.14311
0.963729
0.998187
0.973098
1.07211
1.02201
1.01457
0.903324
1.05472
1.02545
0.990802
1.05636
0.955874
0.975677
1.00587
1.0741
1.00047
0.988043
1.01203
0.841163
0.863689
0.950244
0.764506
0.845409
0.967265
0.957561
0.859675
1.14071
1.06891
1.00627
0.945851
1.037
0.989344
0.954513
1.00706
1.08656
1.01178
0.927576
0.984088
0.935454
1.10469
1.05579
1.08697
1.01943
1.00135
1.05079
1.0791
0.908501
0.740224
0.800676
0.987144
1.09188
0.912848
0.981467
1.15255
1.16396
1.01734
1.02455
0.875583
0.85328
0.75176
0.949342
1.02927
0.978068
0.974648
0.91188
0.902733
0.972943
1.05748
0.851989
0.831601
0.997458
0.990297
1.03982
1.17484
1.07275
1.08495
0.941018
1.1041
1.10328
1.05775
1.03587
0.989205
0.926064
0.892128
0.988225
1.10969
0.997026
0.99297
1.08197
0.962334
0.925583
0.844489
0.969771
1.09471
0.923733
1.20183
1.08242
0.93206
1.16834
1.06512
1.02285
0.819366
0.952699
1.07224
1.04264
0.705866
0.971321
1.03423
0.991682
0.936736
0.987719
0.952205
0.867058
1.07268
1.0379
0.91484
1.0225
1.02118
1.11508
0.888698
0.919183
1.02418
1.19851
0.931924
1.04133
1.03577
1.11258
1.16686
1.00795
0.944394
1.04169
0.898404
1.05794
1.03961
1.05939
0.840116
0.863648
0.975676
1.01476
1.25043
0.873732
0.937729
1.07172
0.906735
0.879089
1.02198
0.957505
1.07156
0.775911
0.892741
0.96427
0.981613
0.969678
1.16799
1.00785
0.995649
1.13347
0.872285
0.855102
1.05491
0.956407
0.871887
0.83524
1.12203
1.07732
1.10602
1.06861
0.933023
1.12629
0.82254
0.937084
1.00819
1.00218
0.964729
1.11536
1.07307
1.04045
0.780905
1.10281
1.11369
1.29297
1.04333
0.929914
0.899626
0.983099
0.841051
1.07385
0.943462
0.85713
0.876915
0.987939
1.02141
0.904771
1.08462
0.866058
0.957559
1.04277
0.837427
1.02033
0.845961
0.952156
1.10527
0.965968
1.07716
0.90912
0.983801
0.893181
1.03986
1.04302
1.12283
0.865837
1.0399
0.911632
0.818297
0.97503
1.1233
0.949562
1.25649
0.9732
1.0071
0.915893
1.0988
1.02132
1.1216
1.00605
1.10792
0.838366
1.00084
0.920647
0.929694
1.05497
0.979899
0.85479
1.10831
0.921554
0.872524
0.97098
1.08362
0.944708
1.07113
1.08898
0.874019
0.984833
0.899182
1.01954
1.11528
1.07542
0.890043
0.820731
1.05851
0.944139
1.00477
0.983261
0.92051
0.894573
1.0528
1.01879
1.04411
1.10988
1.04568
1.01286
0.929211
1.0266
1.14592
0.934054
0.942394
0.93858
0.990356
1.03997
1.0349
1.19263
0.991323
0.963036
1.07681
0.9033
0.993885
1.04613
1.05584
1.2039
1.07274
1.06342
0.873589
0.965849
1.12484
1.02626
0.92429
1.09007
0.900821
0.909864
0.996791
1.27444
1.04643
0.988754
1.17624
1.13465
0.841126
1.04388
1.03858
0.919845
0.928009
1.14013
0.992291
0.96584
0.97782
0.955325
0.996148
0.934512
1.0982
1.13843
0.81645
0.979969
1.11223
1.00843
1.15649
1.058
1.04316
1.06225
1.05826
0.97549
0.973747
0.988664
1.04679
1.00658
1.14151
0.935262
1.00132
0.920886
1.0353
0.94861
1.03696
0.954863
0.897497
1.06944
0.923566
1.20881
0.935271
1.10506
1.16081
1.00624
1.06016
0.994198
1.05005
0.809559
0.993287
0.955573
0.974263
0.962225
1.04784
1.00304
0.85642
1.28742
0.939213
1.15834
0.898248
1.08832
1.0322
1.12906
1.0133
0.986606
1.15897
0.971356
0.998796
1.01386
1.15164
0.886855
0.924378
1.04697
1.08585
1.02073
0.909395
1.07883
0.972175
0.927313
0.963411
1.01157
0.934269
0.908115
1.0731
0.948005
1.11144
0.941574
0.99273
1.06693
1.10985
1.0197
1.34921
0.772713
1.19022
1.07326
0.866688
0.884734
0.964698
1.14127
0.895758
0.885091
0.983836
0.943866
1.04356
0.935064
1.11772
1.0148
1.01165
1.00638
1.11652
1.05013
0.877719
1.02341
1.04234
1.15567
0.872921
1.05659
0.990486
1.10148
1.10846
0.836412
0.923235
1.06854
0.878123
0.891066
0.900715
0.988229
0.906028
1.04253
1.00663
1.02142
0.864213
0.785828
1.0693
0.962978
1.0113
0.986212
0.908127
1.13034
0.874451
0.932368
0.980872
1.03727
0.9965
0.956698
1.08984
1.08807
1.25143
0.947033
1.02177
0.992658
1.00567
0.99652
0.916644
0.919982
1.02163
1.04103
0.889278
0.863499
1.19288
0.822669
0.899347
1.20356
1.12037
1.06872
1.01924
0.904832
0.983278
0.907972
1.07222
1.00492
0.911733
0.978166
0.948931
1.07078
0.973126
1.07397
1.13841
1.15559
1.07235
0.942291
0.985156
1.06254
0.865258
1.08164
0.976928
0.987081
1.00083
1.19622
1.1613
1.05042
0.940088
1.02879
1.00035
0.981556
0.998821
0.912409
1.03458
0.892031
0.959872
0.962947
1.15661
1.09704
0.870607
1.00115
0.988125
0.985533
1.14616
0.917835
1.14638
0.942035
0.92362
1.01305
1.02863
0.859147
1.21328
0.915105
1.10281
0.960722
1.03392
1.0259
0.951755
1.08597
1.11525
0.903164
1.08406
0.867024
1.02998
0.972208
0.837324
0.838154
1.00857
1.08345
1.16432
1.12154
0.898419
1.0174
1.04028
0.934261
1.08083
1.11135
0.976829
0.879584
1.07054
1.0951
1.01273
0.935588
0.865561
0.9375
1.02173
1.0698
1.09057
0.938099
0.990967
0.992484
1.04356
1.2533
1.01448
1.05579
0.923677
0.921487
0.977332
1.1837
1.01467
1.04908
1.03196
1.13369
1.09665
1.11779
0.942047
1.1527
1.18443
0.894506
0.868507
1.08805
1.05821
1.15535
0.96454
1.05236
1.01
1.07873
0.77522
0.86661
0.957814
0.990736
1.0834
1.12244
1.05446
0.978798
0.956735
1.05484
0.98236
0.935572
0.955804
0.869664
0.963765
0.991106
1.02545
0.967032
1.31767
1.00629
1.01159
1.04335
0.915488
1.02555
0.906459
1.02528
0.879465
0.933491
0.935671
1.02001
0.983361
1.15613
0.957801
1.10554
0.941516
0.932575
1.15887
1.0712
0.948054
0.892048
1.17557
0.995375
1.05682
0.960774
0.8724
0.919005
0.885027
1.15002
0.972248
0.894228
1.19417
0.803158
0.997556
1.1084
0.942512
0.919124
0.987755
0.909347
1.05068
0.908412
0.846283
1.02849
0.884287
0.958484
0.855645
0.962874
1.02364
1.02897
0.948028
0.919728
0.921837
1.0373
1.24394
0.905162
1.12979
1.03113
1.00018
1.12774
1.12318
0.923358
0.999427
1.15519
0.864036
1.02461
1.17427
0.914076
0.982661
1.11812
0.923413
0.825359
1.0478
0.905267
0.898539
1.07517
0.959866
1.03849
0.905305
1.00937
1.12528
0.969658
1.00881
0.975073
1.04137
1.10731
1.02947
1.06116
0.96664
0.91628
1.09973
0.941763
0.867754
1.08187
0.979607
0.874104
0.918455
0.994269
0.943457
1.05899
0.8976
1.1498
1.02586
0.946359
1.05668
1.00114
1.02141
0.94323
0.951943
1.22688
1.0294
1.03302
1.06413
0.947593
0.850833
0.951447
1.05475
1.04943
0.899543
0.854725
0.859781
1.07757
1.13369
0.939171
0.788361
1.07066
1.04009
0.930902
1.02485
1.00083
1.10331
0.910855
0.989674
0.954991
0.9552
1.04602
1.01334
1.06163
1.0678
0.922398
1.09937
1.01963
0.963403
1.00093
0.887874
1.05827
1.03157
1.03442
1.06854
0.983878
1.17021
0.810041
0.950654
0.970864
0.933184
1.02893
0.952431
0.906873
0.921926
1.05337
0.923384
0.956292
1.03426
0.860646
1.1082
1.0988
1.12701
0.942636
0.983117
1.01825
1.02085
1.01113
1.0277
0.823551
1.0113
1.01975
0.913892
0.819318
0.94239
0.951823
1.15192
1.03375
1.13704
1.19105
1.11771
0.839126
1.10259
0.827125
0.825889
0.905501
1.06701
0.950429
1.01644
1.02379
1.05172
0.973858
0.930627
0.961562
1.03673
1.00112
0.862465
0.908647
1.00774
0.967663
0.939732
0.980672
0.840403
1.13905
1.018
1.24901
1.02724
0.938664
0.963415
0.982721
1.05265
1.04524
0.974622
0.854728
1.08714
0.891758
1.07166
1.04299
1.09518
0.976653
1.14246
1.0761
0.89153
0.907781
1.0603
0.950918
1.2111
1.10331
1.09887
0.894433
0.841487
0.900004
1.08725
0.869001
0.972452
1.02356
0.883107
0.986427
1.04003
1.05803
0.865275
0.93374
0.946654
0.985857
0.829349
1.23716
1.02143
0.901727
1.06457
0.908552
0.884531
0.816007
1.02023
1.03684
1.05172
0.912831
0.899423
1.14095
1.00314
1.0513
0.950693
1.06666
1.1241
1.04853
1.07411
0.937933
0.900236
1.03463
0.951258
0.830358
0.91684
1.00437
0.889217
1.14565
0.948449
1.00748
0.98268
1.04375
1.11851
0.970365
1.03898
0.942658
1.14791
0.986575
0.946201
0.941784
0.976344
0.843327
1.15058
0.957828
1.01982
0.768786
0.957297
0.843427
0.99694
1.02093
1.11527
0.964626
1.05221
0.932958
0.864643
1.11294
1.09624
0.921299
1.01807
0.976146
1.07322
0.994217
0.77109
0.933039
1.06805
0.977877
1.01141
0.868464
1.04609
0.990876
0.944918
0.998304
0.807234
1.14576
0.924518
0.921295
0.905166
1.08216
1.15598
1.22987
1.15661
1.01662
1.01803
1.03645
0.952061
1.07418
1.02967
1.09524
0.855993
0.930614
0.912141
0.966139
0.934302
0.899838
0.949547
0.92562
1.04917
1.18333
1.00313
0.968374
1.23808
1.06153
1.14093
0.990956
1.01234
1.03274
1.04003
0.858523
1.05033
1.01906
1.17973
1.0179
1.07678
1.12284
1.03499
0.966757
1.13002
1.03118
0.937211
1.00371
0.823765
1.02218
1.09487
0.951554
0.896957
1.07952
0.875584
1.31124
0.934683
1.02928
0.839596
1.10738
1.04221
0.909958
1.14402
0.958149
1.1777
1.05366
0.86927
1.07206
1.09257
1.16163
1.05845
0.981108
0.921051
0.968428
0.97562
1.05644
0.960907
1.05181
0.976477
1.02576
1.04339
1.03348
1.06337
0.95164
1.02923
0.975687
1.20918
0.94419
0.965522
0.914551
1.02712
0.974236
1.03577
0.78254
0.799025
0.768178
1.05389
0.98439
0.997969
0.956162
1.00426
0.934233
0.954302
0.933736
0.793052
0.951546
0.977926
0.956005
0.881029
0.969402
1.02828
0.974148
0.769891
1.02521
1.165
0.995747
0.937353
1.09224
0.980719
0.946451
1.02934
1.17596
1.03363
1.01258
1.03837
0.797322
1.09344
1.02155
1.19682
0.888906
1.03101
0.845867
0.955335
0.939784
1.06782
1.00754
0.976124
1.0569
1.11058
1.07336
0.974214
0.762767
0.883647
1.09603
0.896705
0.976348
0.884754
0.939188
1.04305
0.953798
1.13035
0.8783
1.00986
0.999264
0.881442
0.868137
0.920628
0.815847
1.15767
0.9933
0.998597
1.05873
1.13665
0.923202
1.08617
1.16776
0.96626
0.842895
1.07024
1.03521
0.954112
0.980228
0.910415
1.02522
0.930247
1.07301
0.779117
1.09699
1.03425
1.00002
0.908716
1.0401
1.05317
0.890885
1.08059
1.12781
1.02132
0.904766
1.06168
0.991423
1.10968
0.91728
1.09324
1.02357
0.674205
1.15483
1.03084
0.986119
0.955343
1.13196
1.13973
0.957378
1.00479
1.05947
0.940877
0.941997
0.916782
0.93398
1.07589
0.974698
1.17227
0.98927
1.16857
0.858665
0.891368
1.02737
0.946447
1.22509
1.00046
0.916185
0.749119
0.917915
0.906022
0.866168
1.01937
0.978472
1.08181
1.10269
0.976858
0.974967
1.00935
1.12374
0.815481
1.00057
0.912355
0.968597
1.1137
0.883164
0.902397
1.0793
1.05021
0.898023
0.960394
1.16178
0.991512
0.937
1.06247
1.09013
0.990148
0.995434
1.10075
1.03153
0.747749
1.0844
0.8621
1.01132
1.12444
0.949034
0.852423
0.843925
0.999162
1.13321
0.96786
0.995865
0.97855
1.07761
0.903247
1.06503
1.32915
0.881763
0.869487
0.935478
0.954359
1.24161
0.957227
1.09636
0.961951
0.940115
1.02752
0.993993
1.05697
1.00044
0.882514
1.01481
0.916915
1.0858
1.06051
0.994122
1.17462
0.902956
1.02043
1.04308
1.10605
1.012
0.889887
0.951062
0.989444
1.02779
1.13024
0.917977
1.03294
1.15595
1.0526
1.00891
0.885508
1.00184
0.932555
1.01543
0.966504
0.965492
1.08779
1.12731
0.999443
1.15079
0.934471
0.953101
0.923188
1.04842
0.924893
0.998907
1.02582
0.998612
1.03743
0.998483
0.980339
1.08293
1.0547
1.04301
0.913785
0.904303
1.03904
0.990826
0.909315
0.930444
1.15263
0.7452
0.982498
1.08689
0.924827
1.21061
0.871729
1.12767
1.07052
1.04411
1.22223
1.30242
0.974264
0.84982
1.11291
0.941665
1.05994
1.09164
1.11588
1.19492
1.03691
0.902957
0.948487
1.21218
0.887808
0.887604
1.15875
1.0407
0.833198
0.859294
0.97545
0.951717
1.06606
1.29312
0.952511
0.86142
1.01841
1.06706
0.998661
1.06695
1.15682
0.761484
0.807387
0.93717
1.15131
1.05104
0.908437
0.829831
0.964398
0.970438
0.8636
0.943672
0.958289
0.980697
0.974845
1.00457
1.13436
0.85351
1.0444
0.818044
1.00476
1.09786
1.074
1.03988
0.928334
1.15744
0.883095
0.91558
0.989311
1.04355
0.955666
0.963306
0.88237
0.89922
0.939228
0.838508
0.893856
0.95709
1.3058
0.932398
0.8644
0.943446
0.976727
0.804758
0.89792
1.00556
0.904059
0.854796
0.845708
1.03387
1.15485
0.817868
0.927293
1.13485
0.962635
1.03414
1.03282
0.9729
0.945968
1.01334
1.03257
1.06183
1.14401
1.05087
0.905356
0.991386
1.03739
0.998858
0.945305
1.00258
1.01932
0.812967
1.14857
0.963847
1.11568
0.908957
0.921616
1.0486
0.930466
0.805759
0.916112
0.968736
