0.159925
1.41575
0.980106
2.00576
1.04747
0.136948
0.889266
1.29532
0.443071
0.729594
1.41967
2.15798
0.984883
0.679219
0.295657
0.66698
0.465792
0.3852
5.01285
0.42187
0.242094
0.132399
0.592158
1.26183
1.20674
0.81929
0.349258
1.10477
0.706202
0.677235
0.785553
0.505488
0.0540305
2.33376
1.199
2.18076
2.09854
0.583415
1.40595
1.32447
0.877425
0.939635
1.25489
0.718826
2.18666
2.42821
0.104704
0.580216
1.22338
0.421945
0.474313
1.88251
1.3332
0.951671
0.564097
0.810717
1.1607
0.422787
1.31851
0.903535
1.98717
2.11909
3.86112
0.737086
0.573552
0.889289
1.04467
0.355999
0.972812
0.869558
0.583333
0.431409
0.327518
1.20098
0.635892
1.52805
0.241545
0.584822
1.50007
1.41861
0.665492
1.00755
2.22149
0.824788
1.30308
1.23613
1.30483
0.0265023
1.45475
1.99575
1.5564
0.454828
0.720517
2.27507
1.17775
1.76047
1.30209
0.262422
1.98592
1.05169
0.411747
0.383572
0.347298
0.84806
1.93272
0.545886
0.189471
0.766218
0.532661
2.59286
2.42424
1.42498
1.29413
0.884382
2.76858
2.43775
0.877321
0.979067
0.796299
1.53457
0.274245
0.394306
1.44359
1.04466
0.362464
0.65121
1.11268
3.49084
0.642849
0.687231
0.510083
1.05218
1.0075
0.456347
1.51001
0.633567
0.330931
1.00218
0.379429
1.98397
1.14774
0.624278
0.692439
2.28923
0.927165
1.39642
0.311634
1.60685
0.625648
2.03211
0.815993
1.21138
0.2939
1.82137
1.57526
2.19416
1.11339
0.895495
1.30738
2.61235
0.698579
1.7699
2.37967
0.889618
2.58973
0.813004
0.274821
0.842258
0.934447
2.00233
1.63699
0.944667
1.39776
1.59872
0.656917
0.711288
1.59844
0.763873
0.320077
0.00684638
0.0715418
1.6828
0.622001
0.175386
0.202972
0.383736
1.00579
1.74646
1.0606
0.999554
0.302624
0.401038
0.637117
1.59461
0.985939
1.54782
1.0485
0.41833
0.196812
0.512236
0.561658
0.679708
0.78441
1.45865
0.824163
1.15976
0.526405
1.34208
0.603196
0.563902
0.998327
0.424709
0.253078
0.685999
0.69209
0.978347
1.99629
0.686923
1.65101
1.24839
0.682306
0.233117
0.402619
0.418634
0.596551
0.844567
0.266829
1.78384
0.787877
1.05807
0.617617
0.681854
1.22965
0.235455
0.310323
1.39881
0.949216
0.794863
0.931776
0.251137
1.36578
0.92687
0.59723
1.24037
0.647106
1.53684
0.362933
0.67173
1.17237
2.80684
0.76151
0.818788
1.57198
1.27047
2.86606
0.525865
1.45981
0.799133
2.37942
0.17972
1.45501
0.575347
0.296836
1.07997
0.554581
1.59435
0.565854
0.662337
0.348834
0.267338
0.800459
0.689214
0.19533
0.498905
0.39219
1.21039
1.91302
0.235562
0.871604
0.99688
0.935115
0.656049
1.61733
1.02993
1.85658
0.512325
4.5913
0.448582
0.635332
0.220958
0.768388
0.586061
0.374236
1.74831
0.179492
0.82638
0.100977
0.455951
1.83818
1.03004
2.45431
0.924944
0.164077
0.225362
0.419473
0.90628
0.985889
0.0912244
1.55273
0.527794
0.171742
2.18661
0.803915
0.267188
0.674827
0.992306
1.3688
1.38034
1.79042
2.88295
0.36831
1.68328
1.41386
1.25737
0.439541
0.623751
1.90185
1.40521
0.980923
0.410939
1.64461
0.822938
0.437704
1.1938
2.70677
0.709089
0.771653
2.14985
2.53119
0.720614
3.0832
1.41289
1.00426
0.0409684
0.382946
1.52862
0.37808
0.3356
0.378714
2.66266
0.686322
0.801388
2.18218
2.06134
0.698374
2.21141
2.14266
0.870569
1.29288
1.1995
0.067663
0.862813
0.626371
1.51995
0.0674037
0.935041
0.71045
0.979955
0.923611
1.18581
0.145714
2.02727
1.37034
3.80084
1.53206
1.12268
0.709758
0.627063
1.26078
0.253799
0.230638
0.577007
0.592852
1.38597
1.35688
0.153769
0.437513
2.01188
0.499317
1.56467
2.30637
0.844045
0.868442
1.11872
1.20867
0.696649
0.574655
0.558928
0.951613
0.982453
0.965706
0.746841
0.198244
0.285794
0.999827
0.643439
0.450709
2.70112
2.41267
0.842835
1.31005
4.11038
0.282449
1.70332
0.986724
0.794792
0.187181
0.986214
0.593528
0.76241
1.04258
0.138575
0.547593
0.671859
1.49373
1.44424
0.624778
0.361568
0.499435
0.86182
0.520916
0.845282
1.34434
2.97207
2.14905
0.646439
0.911193
0.150496
0.906034
2.33924
1.23382
1.10964
1.34725
0.733937
0.5511
1.65044
0.236049
1.86007
0.803429
1.09797
3.29318
1.6453
0.430189
1.26756
1.00765
0.528246
1.38345
0.627547
1.15844
2.0794
0.981193
0.949552
0.27555
0.857232
0.493721
0.790037
0.862498
0.884656
0.233042
0.367046
0.71595
0.987523
1.1356
1.00546
0.603951
1.95859
0.493693
0.851182
1.46418
0.705156
0.156802
0.934431
1.44419
1.38643
0.362514
1.32061
0.862344
0.393287
0.5395
0.795225
1.32305
0.662407
0.268244
1.39987
0.466196
2.11946
0.68235
0.647718
0.451004
0.6357
0.318004
0.532455
1.37869
3.51324
0.783405
0.690463
0.502241
0.393037
0.995778
0.54209
0.529955
1.39873
1.08347
1.00263
2.3042
0.582996
1.61925
0.17484
1.13055
0.688773
2.04064
0.944833
0.201031
0.210025
0.626494
0.171657
1.03049
0.16699
0.637613
1.6976
1.58737
1.56804
1.31789
0.526527
0.998653
0.291722
1.73454
2.27876
0.495269
0.973012
1.47786
0.859036
1.47614
1.48268
1.55373
1.39126
0.0752847
2.48759
1.13979
0.138646
0.286737
0.636129
1.45765
0.180875
0.430224
1.17234
0.648871
1.41405
0.346923
1.55333
0.945497
0.458178
1.46302
0.405858
0.658287
0.493489
0.356901
1.07322
0.366083
0.219849
0.897045
1.62418
1.20797
0.697237
2.14804
0.70022
0.640131
1.30648
1.75246
1.43458
0.26871
0.867035
1.05728
0.417285
2.0549
1.16862
0.623492
1.66591
0.558011
0.651373
0.395852
0.714936
0.732465
1.02959
0.430189
0.278187
1.75761
0.841436
1.87178
2.87361
0.726269
0.85338
0.950035
1.6561
0.138194
0.695008
0.309257
0.121514
0.280537
1.58231
0.865015
1.18097
0.645785
2.49726
0.884786
0.781952
0.652221
0.569032
0.766944
0.186309
1.1058
1.37066
0.138294
0.41482
0.653231
0.489078
0.888347
0.883723
0.5138
0.107856
0.966258
0.177822
0.54696
0.653134
1.35875
0.32299
1.43461
3.15345
1.68526
2.07332
0.238034
2.01387
0.11079
0.540634
0.808737
2.74929
2.25092
0.440032
1.25876
0.44816
1.21455
0.74064
1.40466
0.176129
0.29679
1.29994
0.3093
0.703299
0.474664
0.899806
1.71246
2.02038
1.69312
1.24463
2.35821
3.12246
0.978112
0.420156
1.70256
0.864072
1.28259
0.257372
0.362439
1.14485
2.8165
1.39347
0.965857
0.351744
1.18139
0.835367
0.521585
1.57048
1.44678
1.94739
0.822014
0.707907
0.211624
1.54235
0.465379
1.21772
1.00107
0.0597064
2.66882
0.169554
2.04921
0.850434
1.95132
1.06827
0.641369
1.03035
0.984004
0.92715
3.17244
3.30887
1.71322
2.73947
0.77856
0.644445
0.213883
0.58131
1.18115
0.745995
0.564532
0.00935553
1.09646
1.15643
0.457044
1.18469
0.8356
0.882726
0.782795
3.83891
0.434571
0.425903
1.01205
0.105279
0.755082
3.23462
0.488316
1.74106
0.768539
0.764565
0.516409
0.839655
1.29062
0.411256
0.555966
1.96752
2.15268
3.20955
0.462898
0.967429
0.927775
2.31371
0.777056
0.440621
1.11407
0.746174
0.621942
1.1918
0.339645
0.414621
1.52685
2.50759
0.946279
1.45361
2.40697
1.54792
0.922349
2.3883
0.33907
0.983936
0.785248
0.728582
1.00762
1.4079
1.29062
2.64809
1.97817
0.415899
1.98598
0.340151
0.386493
0.651762
1.1513
1.21478
2.16951
0.289464
0.700594
1.78655
1.68924
1.00704
1.58883
0.209028
0.290453
0.840569
1.02933
2.25108
0.792401
0.990996
0.387219
1.35254
0.540307
2.5428
0.480703
1.91813
1.34613
0.211001
0.564588
0.368124
0.385795
0.353269
2.75181
1.09068
0.466469
0.269652
0.764463
2.63456
0.468358
0.36252
1.60887
2.11342
0.464132
1.03141
1.98457
0.326073
0.424137
2.01281
0.493158
0.221831
0.855187
0.804081
0.914719
1.60317
0.605169
2.22535
2.46749
0.200965
1.04374
2.3837
1.63977
1.43482
0.348715
1.31297
0.917103
0.298905
0.697019
0.969375
1.12404
0.717829
1.5275
1.13896
1.53946
1.23945
3.21177
0.778854
0.734231
1.07766
1.02172
0.897254
1.12923
0.680226
0.888809
1.24523
2.20175
0.266379
1.33834
0.333411
0.492047
2.33755
0.353399
1.29362
0.781294
0.70443
1.56082
0.268306
1.91596
0.389766
0.757245
0.503625
0.79263
0.453541
0.206517
1.03764
0.640488
1.20547
0.560418
3.2601
0.33065
1.47664
0.336266
0.328659
0.290169
3.77865
1.69503
0.725302
0.607498
0.364662
2.43684
0.778764
2.7419
0.903426
0.666638
1.60455
2.72934
0.177635
0.709666
0.806352
1.46423
1.0825
3.08505
0.195052
0.360434
1.11083
0.135611
0.750745
1.86832
0.261016
0.50635
0.385976
0.0883076
3.11927
4.3841
0.444996
1.17194
1.95707
0.925431
0.823501
1.11927
0.0508367
0.148362
2.17486
1.6621
0.579009
1.32183
0.320123
0.942778
0.114986
2.71428
1.10646
0.483602
0.800637
1.41883
0.737542
1.55613
1.10905
0.754368
0.505938
0.854501
1.81635
0.506153
1.42495
2.1542
0.789033
1.43777
0.612585
1.1135
0.649023
0.520993
0.447415
0.151777
0.135841
0.193435
1.31461
0.48636
0.692947
0.410696
1.09943
1.73663
1.86007
0.281826
0.537259
2.79689
0.451687
1.36261
0.879597
1.73093
0.546483
0.899246
0.456347
1.07408
2.61702
1.03436
0.163855
0.90717
0.873171
1.08224
0.804377
1.23559
0.141739
1.68173
1.02964
1.41476
1.00411
0.625206
0.174635
2.54619
0.536308
1.45338
2.21746
0.533678
0.662707
0.537822
2.37755
0.92651
0.692778
0.380649
1.36609
1.56644
0.798432
1.45836
0.278428
1.80574
1.64597
0.43537
1.5104
0.736862
1.69165
0.945567
1.25482
0.724284
1.63841
1.25723
0.813563
0.830757
0.449095
0.59847
1.37589
2.56763
1.57788
1.37441
1.5168
0.903025
2.04111
1.19311
0.305996
0.74025
1.15938
0.700158
0.275315
1.4481
0.269023
0.912046
2.59846
0.023467
0.464564
0.696713
0.514983
0.198355
0.128542
1.1199
0.80267
1.89518
0.811296
0.361694
3.89766
2.41441
2.09183
0.353744
0.21151
0.580871
1.38364
1.02096
1.45023
0.50316
0.583664
1.6759
0.750038
0.321048
0.485279
1.32704
0.327365
0.768798
1.60738
0.698194
0.42933
1.34375
0.518801
0.601035
0.333816
1.1908
1.07463
0.343214
2.10977
1.68178
1.27979
0.414138
2.01459
1.0345
1.42696
0.677446
1.22156
1.12556
1.54556
2.1837
3.58365
2.69995
1.92696
0.970956
0.193706
0.36937
0.334938
0.45931
0.170581
0.788766
0.402615
2.49791
1.74025
0.55745
0.607435
0.848117
1.16317
1.74676
0.673319
2.01095
0.567775
4.15366
1.82718
0.102663
0.301807
0.563764
0.489907
2.92733
0.484311
0.623799
1.1354
0.737657
1.74622
3.73077
0.687021
2.54961
1.27244
0.830658
1.06513
0.183251
0.382279
0.871508
1.82569
2.40239
1.97148
1.72915
1.05518
1.43417
1.02611
3.07806
0.75237
0.681728
2.14842
0.905836
0.99125
0.612049
1.14964
1.21427
0.393433
0.77529
2.20254
1.54375
0.199848
0.743671
0.513647
0.930887
0.916938
1.05879
0.0973479
0.876059
1.41936
0.733445
1.59928
0.84235
1.72936
0.68889
2.9178
1.2996
0.735082
0.689244
1.39838
0.965945
1.40658
0.533748
0.641786
2.81235
1.12877
0.539885
0.490753
0.845608
1.08263
0.171636
0.118943
1.15591
0.745009
0.793466
1.22055
0.181541
0.452257
0.780867
0.624623
0.897014
0.814801
1.54436
2.87681
0.535447
1.1263
1.54415
0.445773
0.739064
0.420753
0.262038
0.32746
0.588683
2.75121
1.20377
0.916315
0.783791
1.76018
1.81609
0.0899536
1.42334
1.86692
1.51703
1.53138
1.10361
0.674669
1.7183
2.66403
0.435633
0.418551
0.892433
1.58857
0.494098
1.29775
1.04454
0.672763
0.533079
0.874051
0.311963
3.70828
0.538051
0.324951
0.577919
1.55882
0.283106
1.1476
1.01895
0.241553
1.06258
0.437615
0.293513
0.723854
2.19122
0.295083
1.69647
0.781993
2.12455
1.35287
0.749419
0.53838
1.38962
3.6004
1.18526
0.893831
1.69669
1.0497
0.947687
0.859054
0.296579
1.04035
1.14264
3.31773
1.03288
0.977281
0.217283
1.38332
0.714109
0.970693
0.354158
0.692964
4.04452
0.465329
0.385501
0.942812
1.16715
0.840817
0.773467
1.19067
0.618964
1.21637
0.516396
0.338696
1.1558
0.291202
2.84547
1.05178
1.7351
0.982027
0.495559
2.10479
0.198014
0.0979814
0.265507
0.501444
0.749461
0.760346
1.32752
0.772166
1.35081
0.459486
1.9521
0.321041
0.273795
1.66616
0.480717
0.821098
0.44525
1.26531
0.560216
0.722739
0.861382
0.156977
1.30937
0.0818945
3.70629
0.688205
1.55578
0.521564
0.560619
1.10825
0.539676
0.453174
0.0842626
1.21939
0.352083
1.54926
0.585265
1.53835
1.67378
0.721827
0.751711
1.22764
0.838228
1.20951
1.45609
0.3445
2.13374
0.0945686
1.85773
0.196867
1.31406
2.00833
0.234525
2.4025
0.184163
1.10303
2.01489
0.30226
0.728334
0.667058
1.20322
0.943034
1.073
1.91295
1.56407
0.816118
1.32464
0.354369
2.39937
0.415398
0.889007
1.73261
0.148465
0.645028
0.600473
0.244637
2.43662
0.802907
1.87965
1.58091
0.244939
0.578853
0.389553
0.475428
2.56483
0.96867
1.79601
0.43044
0.337276
1.3799
0.527034
1.97833
0.692893
0.428965
1.01513
0.543328
0.45491
2.18343
1.34764
0.303945
1.60852
0.450709
0.755497
0.828922
1.63988
0.778018
0.48357
0.183154
1.43053
0.80717
0.488754
0.916082
2.053
0.575819
1.53556
0.5395
0.743307
1.12019
0.749151
0.395091
0.745015
1.40933
0.861329
1.59216
1.25647
0.928762
3.36619
1.47961
1.63694
0.371143
0.775572
1.37191
0.223686
1.14316
0.535437
0.131541
0.182224
0.435663
0.288912
0.296309
0.387908
0.140344
0.767941
1.37291
3.12055
1.13254
1.51152
0.705742
2.19495
0.170867
0.522289
1.85275
1.6943
0.56639
1.26697
1.19508
0.141527
3.06682
0.226546
0.730798
0.855885
1.05467
0.386256
1.72434
0.781973
0.394711
0.556486
0.90639
1.2441
0.304175
0.357676
0.368846
0.27013
0.127647
0.934636
1.29278
2.29056
1.68009
0.198047
1.07678
0.756686
1.37205
0.842402
1.24195
0.561018
0.561955
0.691186
0.584666
1.43351
0.279258
1.43333
0.82031
0.717197
0.281261
0.156404
0.331359
0.172735
2.20804
0.967815
0.301407
0.351875
0.470044
1.05463
1.86236
0.274658
0.18228
0.854946
1.17888
0.91726
1.3657
0.975594
0.231206
0.511532
1.56451
0.140703
0.812915
1.45111
0.312289
0.128396
0.274272
1.28433
1.11271
0.804901
0.0646678
0.218156
1.32988
0.67844
0.141648
0.615516
0.768593
0.557967
1.06806
3.45903
2.00401
0.984025
1.01981
1.10673
1.48296
0.528568
0.331749
0.464909
0.845225
0.966762
1.34206
0.952548
1.43967
1.05291
2.75338
0.741162
0.149918
1.36617
0.417215
0.736437
0.961645
1.71202
0.680724
0.29728
0.175201
0.774386
0.26831
0.284357
0.580091
0.838644
1.87752
2.45859
2.61019
0.467804
0.159167
0.657901
0.789339
0.323778
0.139631
1.08874
0.758228
1.42066
0.907822
0.97415
0.592585
0.479515
0.414899
1.50889
1.10832
1.38949
0.268355
1.90381
0.408796
0.389255
0.294946
1.8183
0.814482
2.18849
0.590165
0.0498995
0.791376
0.804187
1.43146
0.197638
0.713478
0.823101
0.31316
0.708851
1.9189
0.349472
0.0693827
1.95336
0.351967
1.6541
0.824036
0.783488
1.3502
0.894973
1.0318
0.678866
1.2947
0.304754
1.71792
1.17107
0.186531
0.56618
0.76281
3.41522
0.352263
0.904915
1.75146
0.813186
1.65881
0.203092
1.10561
2.12872
1.19943
0.584877
1.06584
0.521917
0.458141
0.196056
1.84002
0.923587
0.548268
2.09423
1.41245
0.236817
0.899598
2.32199
0.43936
2.70578
1.16741
0.790495
0.160633
0.326855
0.956039
1.01037
1.02241
1.81737
0.123981
0.638176
0.415741
0.922653
0.358854
1.57957
0.721771
0.166975
0.384809
1.20744
0.655781
0.288021
1.41012
0.959826
0.461015
1.67333
0.986717
0.870303
0.276754
0.607376
3.72321
0.53172
0.314492
1.0176
0.568719
0.774427
1.10616
3.2913
0.98239
0.31026
0.771953
1.16853
1.42048
1.06729
1.18811
1.39893
0.173432
2.41472
1.00254
0.635633
2.0281
0.524587
0.854276
0.469459
1.08148
1.70827
0.608125
1.27588
1.91963
0.87705
1.24209
4.25797
0.311315
1.31037
0.75026
0.399909
3.97189
0.85184
1.28211
1.25834
0.574458
0.677721
0.579912
1.99853
1.77596
0.805563
1.38093
1.16261
0.227541
0.6033
0.245943
0.150545
0.621718
2.77259
0.545354
0.868882
2.18541
0.0983597
0.450995
2.36708
0.761216
1.20679
0.978266
1.01054
1.5943
1.3714
1.68465
2.4828
1.13683
1.40194
0.192668
0.755514
1.50589
1.66395
0.516727
0.11901
0.358151
0.675264
0.428464
1.02533
1.55405
0.303737
0.182603
0.446434
1.13803
1.04085
0.229388
0.508453
0.0838815
0.615089
1.28086
0.140533
0.669769
0.582988
0.168473
0.226613
2.07603
0.310838
2.27271
0.607795
2.68573
0.224335
0.531898
0.0807
1.45149
0.426613
1.07445
1.09766
0.264387
0.163659
1.15618
0.825425
1.08251
3.21773
1.11867
0.84404
0.281776
0.753951
2.44436
1.04638
0.547424
1.36887
1.17666
0.423958
0.56551
0.732918
0.687875
2.49648
0.868919
1.54688
0.471708
0.717576
0.910337
0.963847
0.418601
1.88586
0.330648
1.43045
1.25888
0.551235
0.256176
0.422728
1.26524
0.999249
0.723688
0.374285
1.52042
0.253725
2.09452
0.243585
0.941744
0.920481
0.0651832
1.00327
0.394224
1.24825
0.658778
0.751618
0.33875
0.411591
1.10321
1.75297
0.557865
0.690474
0.122338
1.56233
1.05375
1.42909
0.778825
1.23452
0.125665
0.308297
0.22273
0.1453
0.222421
0.725915
0.654244
0.182133
0.498179
0.653767
0.53043
0.667152
1.1475
0.647728
3.15244
1.02509
2.51333
1.49616
0.250112
2.16994
1.17522
1.72391
1.13041
1.1112
0.379324
0.371741
0.6509
0.395814
1.30786
1.48134
1.94782
2.1144
2.38661
0.174582
1.64862
0.767292
2.08483
0.525232
0.970118
0.759223
0.590039
0.608717
0.612834
1.39671
2.49387
1.263
0.192235
0.300523
4.0363
1.30077
1.94665
0.728941
0.253777
0.38558
1.25375
1.59757
1.59794
0.583408
1.52824
1.73216
0.198431
0.488388
1.8662
0.70551
1.04989
0.850205
1.27675
1.92816
0.181559
0.373464
0.542161
0.51908
2.95232
0.334197
0.554191
0.329293
0.978345
1.53661
1.74314
0.307268
0.760376
2.62182
0.637583
0.49776
0.204389
1.7803
0.349461
0.590254
0.215224
1.10492
1.05731
0.968445
2.56504
0.767128
0.306392
1.35463
0.768276
0.985667
0.115316
1.49497
0.526157
2.23084
0.854892
2.70311
1.95683
0.018654
1.76533
1.16097
0.925137
2.25702
0.95013
0.37012
0.596827
0.589409
0.508033
1.5282
1.2337
2.40318
5.23794
0.600485
0.784507
2.84026
1.68827
1.93826
1.25167
0.368323
1.25022
0.738365
1.82876
0.511894
0.450185
0.29914
0.34759
0.492833
0.261098
1.3671
0.688713
0.356335
1.88054
0.124427
2.02748
0.601736
1.1383
1.04683
1.24529
0.369154
0.303729
1.04764
1.76135
0.45118
1.05307
1.96424
2.1878
0.945324
0.62714
1.09288
1.22671
1.41012
1.04541
0.282375
0.296958
1.96609
0.574998
0.852841
1.55173
3.46243
0.592935
0.686356
0.86149
0.371819
0.309001
0.815653
1.07332
0.378723
0.493887
0.603409
2.29358
0.32348
1.02338
0.718272
0.293659
0.809047
0.525517
0.675747
0.386072
0.338722
1.2439
1.21672
0.368866
0.827877
0.941009
0.236314
0.423444
1.308
0.352337
1.17224
0.456472
1.67581
0.272406
1.70846
0.489042
0.691581
1.12016
2.98754
0.7976
0.845518
0.519055
1.29895
0.850169
0.349439
0.225671
0.097667
0.469699
0.760939
0.35557
0.608172
1.44995
0.797415
0.534122
0.477116
1.39581
2.74697
0.420644
0.441301
1.65224
3.36025
0.60361
0.776269
0.791389
0.336806
0.929013
0.183127
0.148243
0.66284
0.721642
2.61827
0.386547
1.92406
0.740594
0.822107
0.0700835
0.188188
0.30069
0.843274
0.348754
0.479485
0.884312
0.536105
0.961752
2.07275
1.85934
0.255999
0.129175
0.290418
3.44162
1.04373
0.537854
0.118865
0.329233
0.143504
0.260493
2.09149
0.637531
1.5409
0.564129
1.01411
0.950113
0.426377
0.5059
1.04823
0.434585
0.647345
1.98434
1.36863
1.62185
0.977645
0.934967
0.0812819
2.5017
0.730793
0.0341206
1.04896
0.567381
0.205743
0.302483
0.460869
1.45905
1.34162
2.60962
0.735405
0.779596
2.49855
2.6595
1.34321
0.254867
2.24521
0.664731
1.11762
1.69358
3.51827
0.141059
1.56374
1.41153
0.880824
0.693085
0.87199
1.81349
0.420966
0.380803
3.38761
1.1831
1.09884
1.65944
0.735148
0.72842
0.522848
0.475276
1.05368
0.617892
0.944618
0.883604
0.652219
0.998173
0.448153
0.0855924
0.59668
1.10401
1.23877
0.226699
1.43262
1.88221
0.66724
0.841715
0.310481
0.228607
0.721724
3.06813
2.04421
0.122532
0.856757
0.821527
0.468066
0.7717
1.01135
0.752794
0.712582
0.333302
0.446475
0.110021
2.48765
0.650985
0.671672
1.36013
1.11068
0.150903
1.47176
0.353906
3.40316
1.20521
0.916318
1.06543
0.434785
0.754794
0.173487
1.01752
0.841163
0.365823
1.98054
0.856531
2.59397
1.42896
1.0658
0.409437
0.499053
2.25983
0.845138
0.614324
0.455097
1.08299
0.894176
1.63225
1.03498
0.735122
1.21085
0.754196
0.362817
1.92924
2.39043
0.555711
0.226103
0.831368
0.502483
0.986332
0.144658
0.494946
0.586811
1.4906
2.23361
0.825569
1.13027
1.47124
0.0665152
0.854972
0.254191
0.506023
1.17508
0.455897
1.27484
0.761736
0.721003
1.22381
1.56573
0.695652
1.78276
1.25971
0.928406
0.989346
0.651305
0.92736
0.866697
0.363866
0.618154
0.125443
0.575371
0.275789
0.394486
0.0841605
1.05992
1.24555
1.26825
1.46296
2.7842
0.701557
1.09328
0.892024
0.947939
0.178384
0.979184
0.49761
1.01008
2.10448
0.112574
1.29148
1.74763
0.2966
1.35902
1.41473
0.245794
0.0717874
2.20069
0.631963
0.151369
1.30111
1.71749
1.53887
0.713574
0.880328
0.792095
0.691799
1.54608
1.70903
2.05287
0.47637
1.31938
1.4746
2.26746
1.34634
1.08438
2.3607
0.584447
0.426007
1.03683
0.668471
0.260791
1.0951
2.80841
0.444756
1.00321
3.32997
0.517779
0.74046
0.706648
0.223539
0.391143
2.69716
0.805477
0.798175
0.138933
2.20857
1.21668
0.616753
0.507137
0.784474
1.41993
0.40523
0.295672
0.955036
0.341449
0.422854
0.723577
1.59443
0.519861
0.565137
0.868847
2.6583
1.21998
0.488727
0.701382
0.525665
0.600183
2.42094
0.718238
2.96902
0.708955
1.00301
1.24379
0.252423
0.460039
0.890249
0.74009
1.2232
0.381015
1.34337
0.727472
0.458715
0.350009
1.59074
0.600313
1.12991
0.194386
1.09237
0.706541
0.531145
1.08759
1.65038
0.504801
0.532959
0.146948
0.187772
1.13036
0.417601
0.953119
0.218495
0.274826
0.486509
1.08446
1.39827
1.02448
1.01982
1.39042
1.98384
0.531223
0.749393
0.195783
0.281238
0.670379
0.442108
1.12885
2.2342
1.43199
0.298862
1.55317
0.417675
2.56764
1.11028
1.05858
0.551096
0.0883926
0.276866
0.00399902
2.06941
2.83415
3.2762
1.37691
0.757774
0.424941
0.694233
0.245948
1.55777
2.59353
1.80859
0.552094
0.287154
2.82964
2.12638
0.965173
0.755784
0.126444
1.10228
0.510646
0.632168
1.91166
0.0748286
0.176824
1.13066
1.1394
0.563872
0.350707
2.02176
0.361234
0.589956
1.37571
1.91669
0.81965
1.80525
0.247058
0.825704
0.750378
0.737762
3.71833
0.575982
0.269103
0.471254
1.93694
0.760511
1.24488
0.219239
0.824645
1.01004
0.263168
0.804084
0.465838
0.378507
0.293479
1.12628
1.10568
2.01344
0.344516
0.35347
0.169055
1.57173
1.68081
0.698249
1.94283
1.25821
0.469955
0.651471
2.80732
0.0652741
1.36706
0.418498
0.115542
0.778353
2.57838
0.406224
0.163572
2.86077
0.850254
0.85875
2.3189
1.44486
0.51042
0.576167
1.19154
1.04051
0.962139
1.94486
0.60689
1.29662
3.55889
1.20284
0.721848
0.991181
1.38876
0.734563
1.67369
0.508819
0.302309
0.637748
0.64255
1.97497
1.50665
1.21174
0.476939
0.553507
0.87147
1.04244
0.790983
0.479707
1.6635
1.20615
0.657517
2.21522
0.541255
1.65841
0.808935
0.963291
0.911012
1.68474
0.126999
0.615364
0.652131
1.99174
0.828969
0.450091
1.22857
0.588855
0.185703
0.721959
1.67799
0.195423
1.50453
0.24742
1.92826
0.386433
0.891324
0.890032
1.63955
1.16008
1.41171
1.23289
0.735042
1.35783
0.170868
0.820365
0.935599
0.584251
0.28887
0.320292
0.947096
2.02742
0.749885
0.173526
0.579469
1.0309
1.99828
1.43202
0.691567
0.72831
1.36127
0.522795
1.03687
0.165216
1.15163
0.0453639
0.556011
0.660732
2.58468
0.309446
1.06561
0.380984
1.06266
0.739891
0.750684
0.654659
0.173064
0.604019
0.601601
1.32008
0.515973
1.70158
0.926334
0.752222
1.77949
1.53405
3.24827
1.5162
0.771357
1.82658
0.212156
1.51033
2.1976
3.08985
0.785139
0.821816
2.22773
0.973333
2.02773
1.30522
1.41353
0.466564
0.626789
0.818911
1.55351
0.183899
0.800992
1.44335
2.85857
0.169976
0.995066
1.1862
0.622245
1.477
0.977501
0.809744
0.843661
1.98373
1.25082
0.310837
1.48086
0.584774
3.11056
0.46354
0.219352
0.861545
0.987269
0.435381
1.44659
0.988831
0.812984
0.703736
0.434219
1.33335
0.343098
0.655526
1.09842
0.879016
0.244734
1.69112
0.0341687
0.765789
0.138692
0.331225
2.36491
0.513639
1.27213
1.14317
0.335357
0.755535
0.333951
0.609584
0.538363
1.37778
0.282385
0.682627
1.51683
1.38264
1.39324
1.29541
0.737166
1.34788
0.422438
0.437897
0.350993
1.94595
0.406528
0.531019
1.06409
0.483407
0.768281
0.696364
0.146629
0.975071
0.938363
1.33363
1.68781
1.26488
0.712292
2.09673
1.08879
0.396732
0.707716
1.90511
0.438758
1.01746
1.04048
0.809714
1.10377
1.25343
0.304494
0.0901648
1.16841
0.535816
0.624417
0.913517
0.470383
2.51141
1.73761
0.844157
1.46342
2.6224
0.485556
0.0810187
1.16875
1.76193
0.923355
1.91743
0.963415
0.826373
0.598154
1.39304
1.85325
0.649037
0.424289
4.68859
0.109607
0.390217
0.687307
0.86554
0.954251
1.37529
0.381228
2.31281
0.633997
0.716489
0.955626
0.343505
0.327324
2.44794
0.373632
1.85853
0.764034
1.69679
0.392363
1.36946
0.642207
0.669455
1.21799
1.11252
1.60235
1.39531
0.300554
0.907432
1.42556
1.60133
1.25398
0.962302
0.544414
0.518775
1.43724
0.332922
0.303481
0.715974
1.70929
1.43399
1.12107
0.479978
1.25261
2.98993
0.635151
0.632583
0.923743
1.96865
0.488545
0.897991
0.439595
0.758247
0.110725
0.475193
0.393696
1.47562
1.15734
0.524989
0.640957
0.244207
1.06166
0.816661
1.9342
1.88373
1.40944
0.434317
0.549517
0.860693
0.950518
0.775486
0.376227
0.585387
1.67217
1.45334
0.61583
0.390044
0.790591
1.36411
1.47789
0.275141
1.81393
0.578349
1.11105
1.58702
2.33427
1.0364
0.617194
1.31024
0.25209
1.07657
1.5104
0.71525
0.582136
1.12583
2.51031
0.344163
0.514276
0.479515
0.886789
0.0958384
1.11903
0.447747
0.346332
0.151935
0.857602
0.455718
0.472831
1.80122
0.84507
0.163137
0.957854
1.45603
1.95798
1.02843
0.674199
0.19253
0.0552721
0.508534
0.233292
0.956359
0.642276
0.675531
0.852763
1.13855
1.57547
1.0909
1.28575
1.19237
1.54545
0.866634
0.622263
0.803471
0.708905
0.371988
1.55244
1.5605
0.557296
1.3249
1.27903
0.930488
1.16533
0.899887
0.10769
0.786203
0.878922
0.941549
0.468585
0.182203
0.364052
0.948006
1.40044
0.54521
1.13385
0.846234
1.17958
1.35345
2.33944
0.432925
0.60106
1.7459
1.93823
1.15913
1.28039
0.827429
1.44272
0.914402
2.2711
2.62749
1.64494
0.620455
0.31918
0.89822
2.17478
1.3797
2.37646
0.246061
2.13471
0.675446
1.23419
0.190089
0.673274
1.10398
1.7711
1.18946
0.594208
0.377628
2.98795
0.17808
0.169441
0.620632
2.61249
0.592524
1.53679
1.73331
0.690315
0.442088
1.39075
1.57128
0.915809
2.47117
0.540365
1.02817
0.264653
0.798048
3.18157
0.28549
0.814936
1.22226
0.786936
0.226625
0.616173
1.86314
1.48498
0.459601
0.761364
1.5903
2.44357
0.123599
0.919562
0.431975
0.680319
1.04289
0.296719
1.56956
1.52629
0.281445
1.42065
0.608381
1.1929
0.650446
0.491364
0.830883
0.32813
0.178143
0.435107
1.27934
0.45481
0.289338
1.05853
1.23196
0.769814
1.15312
1.07476
1.9983
0.319246
0.901443
1.35516
0.722706
0.452165
0.375409
0.669149
0.24602
0.931815
0.961093
0.714613
2.51533
0.715244
0.881232
0.0684373
0.0930595
1.06593
1.35863
0.508354
0.504964
0.658026
2.77788
0.273247
1.192
0.34469
0.624723
1.17031
2.03427
0.539315
0.874795
1.2677
2.72446
1.36355
0.204602
0.26243
0.473197
1.01999
0.474133
0.415076
1.09138
0.485217
1.85262
1.45906
0.328171
0.473223
1.49445
0.847657
0.0760035
0.564001
0.658892
0.169569
0.915802
0.695322
0.646583
0.124447
1.36187
0.351372
1.80057
0.68151
1.55438
0.508555
1.37404
0.794745
0.759793
0.448395
0.641837
0.154478
1.20358
1.57
0.83905
0.323671
0.497803
0.674523
0.972884
0.503111
0.73092
0.689131
0.98963
1.60465
0.971389
1.32988
1.61805
2.02037
0.569307
1.43663
1.40991
1.10826
0.250173
0.112474
2.93994
0.714773
3.08815
1.99298
1.04422
0.895555
0.523021
0.592267
0.829493
0.557996
0.587872
1.89817
1.15141
0.965224
2.17006
1.03956
0.478545
0.10342
1.07175
0.939951
0.816067
2.52448
0.865215
0.351582
0.107318
0.438376
0.22164
0.307703
0.452652
2.79786
0.655443
0.238249
1.529
0.267099
0.741131
0.215695
0.830549
1.39533
0.596658
0.396569
1.3534
1.1395
0.421195
0.501231
1.04469
0.620938
2.07068
0.178595
0.889068
0.895146
1.0523
0.9803
0.497875
1.57465
0.445609
0.769195
0.794539
0.18329
0.481187
2.05983
1.05636
0.216703
0.560289
0.207461
0.29398
3.34614
4.08488
1.67382
0.273455
0.717583
0.734353
3.36959
1.51325
0.435395
0.519708
1.46169
0.810328
0.34589
2.21728
0.243008
0.739288
0.850021
0.656388
1.12839
0.478081
0.617675
0.939662
0.888448
0.249731
0.559562
0.798479
0.481251
0.181045
1.73458
0.473664
2.28422
1.77355
2.11239
0.0948702
1.9475
0.559856
1.69658
0.45331
1.02317
0.233298
1.53767
1.48715
1.17569
0.262981
0.56394
0.862044
1.79447
0.961908
1.67137
0.833787
1.9918
1.57386
0.549509
0.491648
2.20024
0.28368
1.31735
0.464299
0.646167
0.985903
1.70445
1.65785
0.84607
2.58033
0.512151
1.54461
0.274911
1.14406
0.760024
0.609927
0.701697
2.12157
1.67371
1.73373
1.93342
1.56567
0.597007
0.913515
0.13082
0.604718
1.84544
0.653069
1.86079
1.31807
2.03919
2.2916
2.55019
3.13299
0.26199
1.57322
1.98412
0.573646
0.27993
0.809182
1.24147
0.619156
0.232233
1.00578
0.687719
1.49023
0.908515
1.69421
1.17805
2.15656
0.793
0.88049
1.48035
1.07405
1.03045
0.731314
0.296817
1.18182
0.352865
2.44449
0.299588
0.690143
0.33598
1.54428
0.587921
0.435244
0.242486
0.123247
0.956359
0.129039
0.300071
0.29014
1.37816
1.19248
1.12712
2.82315
1.17107
0.71055
0.910877
0.786589
0.344676
2.6599
1.04294
1.61957
0.94751
0.69408
1.55548
2.00358
0.58367
1.26691
0.870804
0.57341
2.14235
0.95636
1.94439
0.933739
0.72676
1.16776
0.445276
0.566075
0.730481
1.83822
0.631538
0.372956
0.514616
0.57307
1.62819
0.326226
1.22077
1.98934
1.0967
0.881842
1.07839
0.51494
0.592112
0.490201
1.27563
0.413466
3.10733
0.221643
1.80604
0.391584
0.115952
0.691718
0.356558
0.400933
1.19018
1.03072
1.09822
0.699126
1.09841
0.428328
0.0266412
0.43539
0.0625832
0.682625
0.304152
2.63941
0.117102
0.597874
0.329898
0.973557
1.75207
1.60405
0.884058
1.30173
1.97679
0.193967
2.20866
0.484116
0.837161
0.963295
0.894979
1.4765
0.714769
0.609035
0.87505
0.765832
0.891295
1.2201
0.402575
0.768969
1.45846
1.32558
0.93577
0.71418
1.30856
2.20199
0.68126
0.376516
1.24855
1.75869
0.636179
0.320965
0.339802
0.869292
2.01687
0.500471
0.386228
1.23558
0.551132
1.01569
0.692367
1.1964
0.40063
1.33211
0.915151
0.5244
0.184189
0.422581
0.91345
0.298301
0.416693
0.232519
1.12212
0.587884
0.780745
1.2459
0.39574
0.962427
1.54376
0.339457
1.46429
2.84736
0.0844659
0.599994
0.724217
0.505758
1.67816
1.47313
0.465152
1.74801
0.565528
0.0884668
0.719351
3.00547
1.67082
3.18583
1.09384
0.627415
2.18379
0.805325
0.488382
1.61721
0.46094
1.12515
0.551562
0.807567
1.12119
0.749539
0.341451
1.33452
0.614575
0.845031
0.61689
0.345976
0.205725
0.81131
0.385946
0.666758
0.719562
1.69293
0.548359
1.69768
0.654621
1.05672
1.68776
0.820576
0.487899
0.711488
1.83788
0.390717
1.75511
0.267635
1.05059
1.03505
0.510484
1.79907
2.80642
0.304616
0.652006
1.29545
1.8539
1.52963
0.0276797
0.955291
0.469127
1.59289
5.16825
3.67762
1.35396
0.71754
3.43653
0.836575
0.500074
0.738663
1.05467
0.112888
0.754773
1.45177
3.1291
1.38818
1.01767
1.37696
0.0693444
0.855805
1.172
2.37071
0.179015
0.227278
0.621513
0.385559
2.66186
2.67528
0.925645
1.37831
1.43343
0.546484
1.34179
0.122252
0.413849
0.75805
1.83367
2.53576
0.329999
0.558101
1.06356
1.28359
0.797995
1.05124
0.613955
0.94849
0.118327
0.9049
2.24613
1.81839
0.475994
0.471723
0.468997
1.11059
0.557749
0.427191
0.622946
1.23033
1.54135
0.553108
1.63103
0.37087
0.0996876
3.33214
0.801151
0.627841
0.953334
0.584403
0.62959
0.585831
1.89529
1.40106
0.568184
2.40503
0.61126
1.72875
1.88997
1.51619
2.2804
0.280629
0.518612
0.623642
0.506689
0.792884
0.188264
1.96417
3.48915
0.429945
1.89016
0.576642
0.449783
1.87048
0.177398
0.803563
0.694048
0.308894
1.7001
1.52895
1.96455
1.04012
1.49237
1.02783
0.345363
1.56091
0.460742
0.716383
0.353522
2.41764
1.30825
2.02816
1.52352
1.00661
0.524436
0.322109
1.48902
1.75493
2.09335
0.515341
0.773884
0.397212
0.592453
1.69539
0.154966
0.944599
0.378054
0.561519
1.23433
2.30101
0.266416
1.90057
0.0980341
1.08856
0.860553
1.64396
0.542385
1.69812
0.977072
0.374325
0.732092
0.110719
2.92179
1.49266
0.590937
0.355242
1.46103
0.662727
0.611862
1.11438
0.714541
1.22722
1.34916
2.23123
1.34719
0.257171
0.324083
0.982854
0.215767
1.38847
0.660124
1.32928
1.0506
1.04776
1.25549
0.279931
0.880246
0.93006
0.708536
0.615859
0.805734
0.380637
3.40423
0.515271
0.389398
0.756287
1.15564
0.379678
0.527699
1.07295
0.668749
1.32701
0.414432
2.6333
1.29872
1.84958
2.17998
1.218
0.117387
0.92152
0.639862
1.38964
0.405942
0.88786
2.20137
0.741744
0.782667
0.425943
1.79732
1.7495
1.23534
0.736089
0.63448
0.773886
0.526463
0.876203
0.41498
1.73481
0.349304
1.04236
2.48069
0.927456
0.482624
1.10605
0.366578
0.589486
2.0697
0.461673
0.717981
0.479686
0.461418
1.38949
0.589375
0.702393
0.705197
0.871103
0.779069
1.25311
0.331671
1.22577
0.391401
0.848405
1.44339
0.317116
0.195048
0.939273
1.35395
0.655587
3.29745
0.212821
1.00232
0.373489
0.607052
1.49945
1.41866
0.49971
0.250746
2.35369
0.799533
0.258996
0.797859
0.613433
0.357065
1.4895
0.53941
0.473883
0.345753
1.08283
0.26399
0.831247
0.553282
0.407948
0.607723
1.18055
1.70603
0.172893
1.64803
0.708101
0.873574
0.579685
1.08651
1.10315
0.248912
1.22468
0.970815
0.972018
2.47845
0.581467
2.41801
0.491287
2.1818
1.16997
0.187062
0.416835
0.872951
0.579512
1.12001
1.4671
2.59115
0.337781
1.18535
0.10719
0.395236
1.15123
2.2468
0.979502
0.189522
0.725105
0.460791
0.225382
0.332861
0.335475
1.20168
0.601402
2.18772
0.833052
1.12997
0.0709787
0.535873
1.09552
1.57623
1.47159
2.97144
0.397072
1.33904
1.4462
1.64468
1.77903
0.680169
0.974687
0.178398
0.205044
0.0804792
0.875608
0.262597
0.331075
1.16093
2.21853
1.19493
0.702716
2.36901
1.8094
0.431523
1.68529
1.06623
0.317087
0.854363
1.82322
0.153476
0.129297
0.667222
0.884565
2.01229
1.84066
1.33887
1.04754
0.456381
1.57217
0.699256
1.14809
0.348636
1.14472
0.731763
0.602714
1.50013
0.780692
0.297073
2.13286
1.91175
0.544363
0.507016
1.2417
0.31737
0.896104
0.272462
0.232426
0.981415
1.09066
4.12815
1.75476
0.178469
2.35041
0.770996
1.04944
0.257821
0.795703
1.95161
0.369023
1.1955
1.2022
1.85967
1.49704
0.442089
0.551662
0.184363
0.554553
1.79232
0.450437
0.280157
0.805322
0.7951
1.4106
1.01332
1.62929
1.37343
0.0272191
0.782923
0.796385
2.13233
0.0504185
1.35023
0.640989
1.7261
2.15703
0.946885
0.721937
1.16812
0.394904
2.43151
0.904464
0.138012
1.465
0.612426
1.00573
0.750736
2.90056
1.37279
3.4122
0.608847
1.10209
0.730936
1.81622
0.633327
0.208363
0.888909
1.85859
0.445708
0.262891
0.197507
0.346642
0.546106
0.679064
0.338703
0.254392
1.67569
0.496078
1.08661
1.25417
0.96108
0.287397
0.672692
0.256884
0.530315
2.40423
0.828833
0.641233
0.505764
0.303058
0.86352
1.19074
1.95576
1.16377
1.03201
0.144605
0.308282
1.35752
1.86999
0.702021
5.63609
0.489724
0.297232
1.36432
0.938979
0.278261
0.996013
0.549532
3.71078
0.446695
0.159304
0.245108
0.270237
0.555845
1.90232
1.9974
1.2088
0.901464
0.802267
0.379446
0.593115
0.963469
1.37669
0.232921
0.192378
1.14313
0.628293
2.66341
2.60523
1.01058
0.845939
0.456162
1.5942
1.54977
1.38398
0.262889
1.06368
0.811736
1.08519
0.523702
1.27997
0.961174
1.29339
1.99339
1.43058
1.50838
1.80105
0.740855
0.289865
1.21135
0.58419
2.05231
0.114672
1.6381
1.19595
0.581827
0.799926
0.102216
2.46296
1.12869
0.50002
0.383108
0.183357
1.10072
0.598247
0.427672
0.489889
1.70645
1.53972
0.0306197
1.11498
1.74057
0.46634
1.49849
0.756264
0.522186
0.296348
1.26087
2.23719
2.63535
1.302
1.86715
1.86858
0.918652
0.868016
1.22232
0.679991
2.64367
1.8851
1.80073
0.903931
1.7438
0.0870365
0.527277
0.392513
1.32243
1.11327
1.02635
0.972732
0.777457
0.391212
1.78102
1.51321
0.950799
0.817038
0.746635
0.614344
1.75538
1.89974
2.03621
1.3176
0.626841
0.968437
0.583313
0.743446
1.66267
0.180822
0.829704
2.83944
0.73973
1.275
0.838057
2.71514
0.36024
0.110121
1.25353
0.29501
0.259727
0.883063
1.37207
3.43219
0.994967
1.19587
0.106165
0.698061
0.977347
1.63412
1.26184
0.68721
0.771093
1.05893
0.28076
2.39753
2.78804
2.81217
0.990612
1.01019
0.962092
0.914489
0.196229
0.266608
0.258204
1.09084
1.32681
0.474915
0.252164
1.24202
1.84126
0.309286
1.58804
0.837691
0.41771
2.01721
1.23693
2.24902
1.74555
0.476457
0.398968
1.76561
0.908481
0.825329
0.129114
1.44805
0.784403
1.89105
0.760826
0.19811
0.892306
1.35457
1.30631
0.875477
1.15952
0.368589
0.802594
0.52494
1.15969
0.904694
0.985015
2.01915
1.59134
0.59269
0.604174
0.0700147
2.32465
1.77003
1.85093
0.614956
0.46541
1.25519
0.821261
1.29997
1.36899
0.475945
1.22015
0.831254
0.346288
0.547001
0.59738
0.831085
1.58355
1.93197
0.552139
0.361373
0.106151
0.396709
0.427387
0.525777
1.0055
0.537108
2.20839
0.910973
1.73049
0.925479
0.67289
0.250936
0.872297
0.180214
0.530411
0.657759
0.369207
0.689106
1.30309
0.241052
5.2043
0.283603
1.23154
0.34169
0.672092
0.418405
1.78752
0.835075
1.55506
1.61178
1.63603
0.932024
0.409197
1.18062
0.879961
0.76763
2.47193
0.814535
1.8864
1.27035
1.41577
1.2785
1.3135
0.948211
2.53207
0.618523
0.951178
1.46381
3.31483
1.11232
0.882187
2.384
1.51288
1.45855
0.68884
0.599575
0.765045
0.327914
0.807692
0.872691
0.530325
0.309719
0.583798
0.75976
1.42836
0.542018
0.371877
0.581772
1.85486
0.781067
0.173111
1.98659
0.585269
0.30954
0.276194
1.25627
1.16805
1.04158
1.1567
1.31675
0.513576
0.813753
1.90265
1.03035
0.357703
1.15943
0.511299
0.69725
3.49122
0.209236
1.16343
1.40033
1.64541
1.85139
1.12045
0.591214
0.657555
0.657201
0.0808212
2.00409
1.19004
0.536553
0.391591
0.620943
0.690869
0.820479
1.06961
1.08212
0.619766
0.651331
0.0154888
0.463555
0.682019
0.564895
1.85624
0.428246
0.908621
0.750573
1.75128
1.74868
0.282454
1.06262
0.476321
1.06601
0.576632
4.33234
0.305417
0.585258
0.859231
0.588595
0.254836
0.246126
0.89898
0.695079
0.629248
0.695964
1.05735
0.557186
0.392038
0.954015
1.33172
0.311602
0.430965
2.43225
0.412695
1.05807
0.562165
0.761859
1.02805
0.243457
1.05436
1.80065
0.55237
1.21159
0.715021
1.05718
1.63068
1.36353
0.831453
0.304558
0.608318
0.563503
0.59066
0.799511
0.429173
0.92358
0.85664
0.417979
0.838742
0.238072
1.13904
0.855535
0.310856
0.650655
0.893466
1.73662
0.676484
0.788508
0.743225
2.58781
2.13854
2.35856
0.115041
0.108304
0.5795
0.777669
0.724384
2.90552
1.18224
1.76085
0.187935
0.948256
1.30263
4.1221
1.23599
0.756463
0.321127
2.08536
0.570335
0.906889
0.75497
0.200216
0.870423
0.687872
1.46398
1.094
1.46235
1.32123
0.117576
0.947017
1.42285
0.852004
1.67651
0.925097
0.765681
1.09185
1.10879
0.791764
0.715147
0.35826
1.95207
0.244059
0.461121
1.95216
0.439366
0.932958
1.32312
0.0544715
0.436959
0.896876
1.37397
1.20491
0.290197
1.75414
0.602094
1.0286
1.01783
0.16449
1.11609
0.810001
0.490649
0.599936
1.37733
2.68799
0.748814
0.802725
0.284186
0.245468
2.54753
0.99682
1.14103
0.702821
0.72949
0.844115
2.1626
0.719387
0.583008
0.816598
0.88851
1.74363
0.835713
0.227741
0.659162
1.42098
1.27014
1.0511
0.420716
1.1775
0.472521
1.29994
1.02537
0.0930826
1.0587
0.9366
0.355162
1.98131
1.07014
0.317824
0.668766
1.50449
1.34938
0.862824
1.34493
0.610691
0.647577
0.348633
0.543186
1.3992
1.77462
0.115665
1.48464
1.27327
0.165882
0.724056
0.742238
0.162096
0.491522
0.697868
0.945572
0.126914
1.19059
2.38096
0.0638782
0.643547
0.944065
1.40281
2.35736
1.73015
0.323505
0.698157
1.50105
0.153786
0.601403
1.71089
0.6332
0.488169
1.48213
0.451477
0.851464
1.10046
0.622586
0.859417
1.23226
0.0805732
0.913899
0.65372
0.778643
1.2882
0.411514
1.01898
0.356929
1.24982
0.838035
0.52359
1.61824
0.632023
1.26137
1.05368
0.929038
1.25664
0.858901
0.983585
0.681882
1.25688
1.92455
1.50401
0.355101
1.17191
1.01038
3.43627
1.0491
0.508596
0.513275
1.2797
0.298329
1.1806
1.06712
1.12304
0.672787
2.39429
0.336833
0.406136
0.83707
0.264709
0.263454
1.29908
0.645764
0.447292
0.485107
0.851454
0.668646
0.510146
1.41421
0.316572
0.449829
0.299779
0.110009
3.08646
0.539809
0.62713
2.81716
0.256336
1.40042
1.39468
0.821419
0.746693
1.28891
0.877422
0.980231
0.347387
0.0632304
0.506691
0.305214
0.994435
0.529159
2.42192
0.830103
0.232833
1.03635
1.84615
2.81988
0.726223
1.75879
0.916917
1.09614
2.76674
0.497617
0.547453
1.39422
1.82735
1.32933
1.44629
0.597822
1.18451
0.456552
0.84621
0.913191
2.01706
1.70543
1.84298
0.800119
0.851289
0.895267
1.04996
0.681495
0.803715
0.731924
0.842941
0.5297
0.402364
1.29812
0.248188
1.25323
1.34187
1.87474
3.09828
1.19863
1.19867
0.327905
4.10115
1.86212
1.67752
0.458863
0.744688
0.0768324
0.200076
0.424842
1.44457
0.931597
1.42439
2.21972
0.879397
0.328644
0.858431
1.0223
0.716722
0.62988
2.19047
0.0533746
2.44339
0.710217
1.38696
0.478253
0.397125
2.14594
1.05701
1.20956
0.806341
0.786882
1.02131
0.524406
0.816201
0.1291
0.776789
1.34841
0.96869
0.793329
1.67286
0.76197
0.820022
3.91822
0.786304
0.693907
0.604473
0.271846
0.358164
0.987335
2.18944
1.02182
0.250796
1.29374
0.105291
1.24685
0.730651
0.641298
0.392557
0.826517
0.564225
0.117506
0.169346
0.461922
0.434552
0.445268
0.493434
0.12416
0.322334
0.269658
0.597931
0.486722
0.762646
0.588524
0.195675
0.976765
2.08479
1.166
1.47223
0.911383
0.708853
0.469312
1.75161
1.00376
1.58087
0.717921
0.676438
1.50239
0.297261
3.28053
0.228093
1.26562
1.70181
0.888946
0.459357
0.465844
1.1821
0.398579
0.281865
1.68504
0.491234
1.8195
0.498986
0.26591
0.472085
0.286074
2.62593
0.360778
0.723766
2.59233
0.75448
0.585482
0.988948
1.93225
1.01907
1.41585
0.712935
2.26697
0.238457
2.88574
0.856173
1.25808
0.495034
0.901464
0.762016
1.78485
1.05006
2.03512
1.55743
1.94562
1.72573
0.654213
0.84582
0.940928
1.04369
0.0559659
1.01006
0.988939
0.765143
0.628971
0.797318
0.407198
1.29405
1.93837
0.540933
2.1081
1.90189
0.804498
0.61138
0.371538
1.36787
0.959133
0.234478
0.454467
1.51082
0.458713
0.191872
1.44152
1.03092
0.428306
0.303312
0.542596
3.05374
1.21769
0.919075
2.81042
2.35706
0.286701
1.5816
0.918286
0.682252
1.04171
1.16448
0.41916
0.957564
1.32269
0.875749
0.545922
0.500141
0.187038
0.51845
0.411036
1.92923
3.31487
1.73645
0.222329
0.454577
0.470053
1.41566
2.19368
1.23244
0.876859
0.616037
0.914293
2.0915
1.73452
1.1088
0.0257232
1.12306
0.932214
0.628136
2.13016
1.46374
0.561332
0.498644
1.74535
1.84535
0.744387
1.51717
1.23325
1.08863
0.915752
1.55099
0.294933
0.630374
0.264142
0.29194
1.46346
0.774937
0.802852
1.04537
1.05007
3.45974
0.0804655
0.383836
0.0213811
0.0589634
0.639985
0.602678
2.37921
0.631752
0.706266
0.562752
0.344789
3.24045
0.546906
1.17504
2.40567
0.991856
1.92094
0.518275
0.81396
0.738653
0.309461
1.04193
0.281997
0.704983
0.898808
0.928507
1.40364
1.26412
1.31589
1.99855
2.56345
1.6404
2.47222
0.786637
2.32237
0.724396
0.273634
0.383263
0.585243
2.29429
2.12387
1.09613
0.848073
0.749621
0.22332
1.09106
1.5964
1.0622
0.906325
0.631796
0.985051
0.281061
2.40727
1.10413
0.0579656
1.35983
2.22126
1.28971
3.35566
1.28972
1.53954
1.86709
0.199797
0.495469
0.816845
0.825375
1.67273
0.795698
0.400067
0.97863
0.412853
0.962377
3.08099
1.40823
0.973783
1.53202
1.04482
0.476502
1.29873
2.2635
0.717955
0.499178
1.99364
2.01514
0.147106
0.818586
1.19523
0.913759
0.631307
1.16507
0.476019
1.70685
1.55157
0.649018
1.29342
0.8767
2.37972
0.512519
0.78397
0.694511
0.879384
0.651191
2.33015
0.963943
0.345781
0.753194
0.581298
1.31509
1.90304
0.351322
0.460358
1.02217
0.840455
1.29601
0.612651
1.55656
2.11894
0.788827
0.58469
0.427651
0.745004
1.0442
1.45194
0.877209
0.802422
0.258686
1.04015
0.773406
0.234188
1.07834
0.970241
0.823268
1.86106
0.516214
1.38776
2.57088
0.852175
0.919684
0.419132
0.0472473
1.12906
0.395536
1.5562
1.24376
0.975979
0.349653
1.28033
0.155758
1.32661
0.255124
1.67463
1.09038
1.42303
0.97839
1.41802
0.909608
1.32415
3.55125
2.07804
0.0862766
1.87044
1.18399
0.172876
0.0456749
2.02363
0.134743
0.250322
1.61719
0.687144
1.19663
0.840688
0.65552
1.1615
0.511115
1.69996
1.26917
1.87275
0.0968965
0.974102
0.773001
3.22638
0.777479
1.99223
0.503135
3.1161
1.80687
0.62142
0.600576
2.18569
0.225934
1.02739
1.31893
0.350852
0.0513582
0.467643
1.10752
2.97408
0.221462
0.992495
1.10897
2.66523
2.37025
0.288646
1.79877
0.275488
0.797169
1.27668
0.163935
0.435778
1.10792
0.784491
0.502119
0.957686
0.651887
0.60173
2.88152
0.265991
0.806184
3.98834
1.60551
0.591297
0.0786934
1.95058
0.737421
0.838454
1.0248
0.493307
1.92076
1.2668
1.34751
1.36291
0.470634
2.20573
0.601142
0.264514
0.572137
0.797111
1.84318
1.29659
0.712519
0.167309
0.324272
0.454558
0.962152
2.34907
0.883527
0.731005
0.19786
1.12176
1.02503
0.490758
0.706591
0.808156
2.33972
1.05496
1.35254
0.516474
1.24191
1.51908
1.79386
0.448154
1.15071
1.10417
0.880749
0.940541
0.546107
3.12979
0.998658
0.202896
1.14561
0.471003
1.42074
0.310539
0.329078
0.485615
0.373416
0.826324
0.104227
0.957726
0.484542
0.561477
0.301448
1.09468
0.86979
0.691977
0.829656
0.394117
0.501793
1.60032
2.25954
3.49047
0.767476
0.328228
1.03538
0.492112
3.25145
0.589902
0.525864
2.0968
1.39309
1.17831
1.23611
2.77391
2.37587
2.03988
0.210337
0.714659
1.31476
1.28174
3.89323
0.4566
0.561237
0.60797
0.239947
0.741057
0.8078
1.32375
0.503166
0.652891
0.764551
1.0007
0.876691
0.59041
0.657224
0.690746
0.231268
2.16749
1.55468
0.542833
1.54229
1.3695
1.59342
1.60779
0.980685
0.560011
0.955769
1.10622
0.610878
1.08661
0.757959
1.17945
0.865911
0.412221
0.55452
0.273784
0.546542
2.48027
0.634525
0.34629
0.694064
0.776803
1.35911
0.193434
1.52205
1.64188
0.0772132
1.7002
1.3858
1.18514
0.248361
0.285414
1.85474
1.68297
0.323845
0.813211
1.22753
0.651795
0.92646
0.396293
1.07
1.18881
0.682583
1.00419
0.449171
2.72551
0.565347
1.18354
1.91079
1.12772
0.995163
1.11618
0.787834
1.26164
0.166635
1.21455
1.05222
1.34909
0.428092
2.0983
0.550827
1.61244
0.258726
0.56728
0.319869
2.06825
4.21624
0.338029
1.74746
0.702723
1.54699
0.417352
0.644002
1.54406
0.531318
2.01852
1.73601
1.75273
0.279567
1.0418
0.451669
0.0357114
0.511529
1.66245
0.281774
0.61599
0.226308
0.675462
1.80798
0.379958
1.25378
0.362536
2.29506
0.738658
0.748692
0.673265
1.35117
2.5074
1.5117
0.616108
0.48335
0.806741
2.07834
0.364094
0.568718
0.703974
1.29424
0.494429
0.75351
0.937833
2.14283
0.0659745
1.24118
0.524885
0.549873
0.850213
0.108462
0.505848
0.705305
0.942416
0.898825
0.207686
2.49902
0.738553
0.299671
0.30203
0.746755
1.48895
1.2098
1.60925
0.562221
0.602027
0.440798
0.602049
2.77471
0.310358
0.764977
1.12572
1.06116
0.69275
1.06349
0.760132
0.713327
0.622018
0.730431
1.21342
1.16711
2.47386
2.60696
0.294596
1.07161
1.73769
1.03119
3.78164
2.24197
1.69848
0.059133
2.70707
0.483861
1.1387
1.28948
0.994306
0.357312
1.64215
0.338407
0.87755
1.21611
1.57165
0.630232
0.81967
1.51773
0.596815
0.809884
2.08643
0.807974
0.378336
0.530271
0.914573
0.309761
2.33571
0.534634
0.845755
2.60174
0.2434
1.196
0.984126
0.795444
2.22535
1.4289
0.455755
1.36301
1.74586
1.10562
0.80824
0.222444
1.10699
2.93118
1.16095
0.653107
0.713671
0.103101
0.887075
1.8524
0.998139
1.08059
1.32184
1.6355
0.581058
1.58154
2.00307
0.318735
0.366675
0.301456
0.558945
0.0343779
0.520564
0.957531
0.869055
1.39255
0.503188
1.6764
0.463122
1.65035
0.163609
0.372914
0.414646
0.929512
1.3218
1.5482
1.28599
0.958693
1.56502
0.922358
0.609301
0.604728
1.16651
0.697126
0.369774
0.818192
0.508978
2.11162
1.21602
2.01575
0.888341
2.40777
0.609198
0.544291
0.428517
1.38188
0.722404
0.645815
0.786684
0.0731611
1.08475
1.43073
0.956997
0.548918
0.571737
1.08032
0.221368
2.25715
1.80218
1.38349
1.59818
0.429576
0.437341
1.5583
1.36358
0.369618
2.04313
1.90263
0.562442
0.386569
1.21993
1.9005
2.13714
0.581629
0.253968
0.413381
2.87112
1.07713
0.132263
2.0731
0.0965363
0.30152
0.702172
0.509296
0.493928
0.611774
1.76891
0.675335
1.4731
0.721901
1.06874
0.768474
0.932402
0.479226
0.584822
1.05138
1.77649
2.0682
0.765467
0.874267
0.868697
0.304654
1.46851
0.796484
0.324494
0.274813
0.134244
1.32277
0.703929
1.42852
1.55087
1.71436
0.0612804
3.46253
1.21517
1.04752
0.573809
0.317198
2.87436
0.338587
0.196025
0.897914
1.7314
0.739992
0.433536
0.803671
0.950583
0.272027
1.10546
0.815017
0.858203
0.770105
1.5508
1.87499
1.08951
0.449223
0.474163
1.10391
0.642807
0.415549
0.641015
0.770511
0.431213
2.01637
0.754376
0.903595
0.751595
1.84325
0.401777
0.561659
0.652328
0.206965
1.25915
0.206566
1.08244
0.93127
2.16966
1.72631
0.824227
1.63688
0.0939393
0.651356
0.372458
1.48028
0.863446
0.0759608
0.415336
0.0564427
0.669994
1.08178
1.03253
1.01028
1.5608
0.977658
1.23716
0.50348
1.4197
1.84288
0.503969
0.340368
0.356812
0.491249
0.707745
1.37071
0.480098
0.570022
0.644662
0.841204
0.544484
0.126056
0.341512
0.784554
1.57311
0.0994286
2.21008
0.433523
0.400968
0.118577
0.612418
1.15925
0.538372
0.8421
1.74178
1.66825
1.54937
0.353052
0.192693
1.50213
1.35955
1.43734
0.353815
2.05931
2.97195
1.78491
0.369881
0.449912
0.206629
0.664151
0.622852
0.228696
0.297086
1.33638
0.0394527
1.21084
0.20305
0.751615
0.891063
2.04809
1.59645
0.115111
1.29739
0.728192
0.918554
3.73047
0.622012
1.49612
0.542113
2.13685
0.394542
0.740629
1.05697
1.61426
1.62086
1.12054
2.34655
0.945103
1.74152
0.501654
0.810801
1.23779
0.962316
0.0576871
0.555989
0.0771645
1.19376
2.41401
0.589741
1.31574
0.910019
0.407154
1.8612
1.00058
1.29832
0.182824
0.695674
0.934922
0.647148
0.679925
1.07018
1.18919
0.38826
0.166591
1.46037
0.549594
1.33203
0.240165
0.35509
0.764286
1.61033
1.30843
0.298019
0.434893
1.00941
0.18637
2.34796
0.906458
1.58977
3.55435
0.386033
1.00269
0.602299
0.775626
0.131094
0.110029
2.54142
0.555794
0.689357
1.84687
1.328
1.0344
0.470999
2.26822
0.599891
0.955381
1.75531
1.22511
1.5826
2.22661
2.67581
0.394887
1.08483
0.036221
0.790772
0.457276
0.533211
0.605442
2.0375
0.275877
0.531039
0.975915
1.36889
0.846359
1.29663
1.24683
0.1369
0.630587
0.313259
0.360184
0.937784
3.08782
4.42031
0.0981818
0.857187
1.06319
2.60795
0.960366
1.04029
4.24762
0.756557
5.02103
0.31611
0.328318
1.76851
0.96543
1.66427
0.276777
0.592482
0.848615
0.615552
0.326459
3.5509
1.52615
0.0788955
1.90255
0.789517
0.122824
2.45629
0.446956
1.05175
1.45885
0.751715
1.7042
0.88715
0.686348
1.06481
2.05948
0.498281
0.0925869
0.983505
0.228153
0.347483
0.946457
0.555386
1.8903
1.05374
0.399733
2.0843
0.550809
2.21578
0.478992
0.630807
0.866832
0.620337
1.37621
0.450437
0.328797
0.188787
0.712979
0.531574
0.173247
2.01725
0.360089
0.255597
1.78483
1.04712
1.238
0.526757
0.414299
1.4229
1.97877
1.375
0.970137
0.484924
1.81089
1.35839
0.555243
1.89332
0.309896
0.231079
0.587578
0.877041
0.511581
0.52309
0.184395
0.684043
0.960737
0.625152
0.506322
1.08964
0.444699
1.70559
0.927188
1.85999
1.61792
0.507891
1.22455
0.512508
1.12275
0.334961
1.92003
0.64728
1.37705
1.63047
0.463277
0.343966
2.71061
0.611288
1.48688
1.93833
1.88788
0.620637
0.234219
0.847721
0.597051
1.42439
0.387831
2.88451
0.0954998
0.196568
1.02067
0.944198
1.4137
0.628311
1.98397
1.16808
1.16041
0.3441
0.564954
0.701646
1.77269
0.904071
0.68319
0.96357
1.90376
0.452336
0.107617
1.69049
1.33266
0.298672
0.982326
0.43471
2.52691
0.439597
0.73308
0.0921734
0.399484
2.47578
2.63465
1.78159
0.412641
1.91827
0.731101
3.10534
0.879104
0.817792
1.65875
0.679625
1.7921
1.02358
0.551336
0.946582
2.80751
2.30729
0.966241
2.05422
0.702584
1.77431
1.26577
0.745098
1.84835
0.723802
1.70387
2.22381
2.18948
2.3385
0.7729
1.30006
0.746134
0.466684
1.36202
0.322432
0.36199
0.577696
2.34094
1.32803
1.13142
0.440119
0.725375
1.68409
0.738483
2.40879
0.263466
0.482525
0.295366
0.771599
0.692097
0.349255
0.421203
1.97322
1.57354
1.01412
2.24899
1.09344
0.649944
0.635333
1.19907
1.31564
2.25784
0.697655
0.381331
1.03822
2.49899
0.170527
0.263267
1.86022
0.203269
0.228031
0.5291
0.850619
0.232745
1.31953
1.50541
0.87849
0.436506
0.324054
0.475464
0.294279
2.7754
0.287737
0.755843
1.43919
0.704255
0.51632
0.51348
0.974866
0.219878
1.15387
0.406022
1.07859
0.620219
1.56416
0.765094
0.785886
1.02167
1.09918
1.66226
2.40494
0.542058
1.34534
0.553795
0.262736
0.618078
1.00316
0.145383
0.685376
1.24446
0.639653
0.177966
0.28129
0.229242
2.55213
1.31516
1.05551
0.886506
0.419957
0.383636
1.18609
1.92917
1.24424
2.00045
1.08581
1.52462
0.946138
2.87648
4.39938
0.112194
1.57881
2.10107
0.277301
1.062
0.935407
0.173398
4.00039
0.84185
1.15703
1.69248
1.1062
0.0703086
0.0846647
0.17746
0.338518
1.08522
1.0685
0.74959
1.21811
0.39873
1.5219
0.486578
0.481482
0.115217
0.513339
0.556957
0.528264
1.72576
0.369867
0.233877
1.9819
0.320743
0.930596
0.4512
0.141689
2.39175
1.86482
0.278284
0.242754
0.956493
0.188912
1.60256
1.62361
1.49018
1.03699
0.288928
0.0782219
0.875143
1.19849
0.350747
0.627997
0.648098
0.452103
0.520783
0.441526
0.668725
0.481627
0.440114
0.503916
1.84383
0.195682
0.449564
0.815913
1.70818
2.4023
1.16946
1.21893
0.925607
1.50445
1.42889
0.153905
1.06702
0.199438
0.268816
0.425035
1.36222
0.963925
0.301728
1.71244
0.185923
1.75315
0.637706
0.393982
0.96639
0.273327
0.311504
2.30653
0.479392
0.78978
0.525634
1.22482
1.32034
0.161445
0.109918
1.40897
0.569672
1.03959
0.814238
0.549567
0.207861
1.24633
2.07701
0.905331
1.41387
0.629024
1.42189
1.98581
0.404027
0.684851
0.993415
1.26159
1.55316
0.2578
0.391314
1.06943
0.612161
1.0734
0.426657
0.163371
0.667517
0.252746
0.284913
0.313873
1.50788
0.94433
0.446848
0.838167
0.332855
0.554145
0.811796
0.698447
1.32887
0.982908
0.468105
0.729423
0.276067
0.139729
0.852466
0.284214
0.361211
1.57179
1.29201
1.30888
1.29835
1.03026
0.914492
1.17755
0.264168
1.38715
0.421696
1.38372
0.209965
0.609115
3.04401
0.282595
0.12494
1.26704
1.23775
0.0211487
0.646949
0.918264
2.94415
0.724884
0.823728
0.539818
0.914323
0.57475
0.513709
0.063573
0.923396
1.20083
0.541366
0.203397
1.51228
0.486818
1.16034
0.967502
1.86603
1.04112
1.10039
1.08269
0.782895
0.65888
2.45492
3.3143
0.58636
0.703971
0.0802064
0.514126
0.965276
2.08492
0.0771399
1.00539
1.72548
0.401753
0.722339
1.35521
1.32639
0.637266
0.232053
0.692666
0.375161
0.422585
2.19852
0.276352
0.195508
0.328423
0.750912
1.18205
0.733378
0.121881
2.08721
2.89211
0.532843
1.39774
1.28851
0.573885
3.56295
0.172698
0.610385
2.44759
0.966134
0.507678
1.45455
1.00176
0.528949
1.38157
1.56942
0.595526
0.967293
1.35603
0.595675
0.979335
0.902822
0.706565
1.34973
0.799462
1.2005
1.48957
0.319001
1.81772
0.691831
0.405271
1.01451
0.25609
0.372382
0.323464
0.417247
1.80196
0.729938
1.85095
0.561128
1.40003
0.532411
3.26567
2.45706
0.795253
5.12787
0.976877
0.447767
1.58484
1.53171
1.35711
0.216346
0.37255
2.89998
2.45383
0.505045
0.612342
0.187734
1.3513
1.34463
0.77807
0.984281
0.662975
0.452272
0.293198
1.53251
1.37974
0.659089
0.926996
1.24433
2.38708
0.47808
1.03356
1.14995
0.32555
0.291003
0.918305
2.69578
1.14564
0.561319
0.608866
0.443604
1.12198
1.27512
1.78257
0.620954
0.345729
0.40279
0.639898
0.325862
1.78256
1.15581
0.886369
3.95641
0.578627
0.413451
1.19236
1.03949
1.12617
0.0883822
0.548968
0.812321
1.46065
0.458235
1.51348
0.59429
0.479945
1.80895
0.732719
1.33233
0.571161
0.791202
1.11405
0.492093
2.47964
0.443684
0.2778
0.515558
1.49619
0.698703
0.771621
1.74337
1.10994
0.382782
1.4081
0.572389
2.36245
0.605105
0.355876
0.326865
1.65261
0.812653
1.2986
1.20259
0.689934
1.95648
0.214577
0.427589
0.609005
1.33055
1.33097
0.934782
1.15652
0.776401
0.793292
2.19661
0.503457
0.132226
1.4321
3.0316
0.177523
0.673052
0.386617
0.928011
1.23419
1.27387
0.469993
0.205213
1.59337
1.21108
0.100143
0.656024
0.898603
0.311555
0.8522
0.70653
0.0591084
2.32895
1.50694
0.931718
2.28737
1.34404
2.52996
1.51475
0.735173
0.752632
0.764925
0.362271
0.808846
1.15562
3.87043
0.159765
0.818737
2.21412
2.19217
1.13855
1.37035
1.27056
0.480577
1.40692
0.134493
0.525138
0.390572
0.522504
3.77001
0.659144
1.1514
0.302752
0.693701
0.846656
2.01235
0.537366
0.533693
0.445243
0.257117
0.660792
2.22852
0.787686
2.28955
0.646161
0.977998
0.391055
1.18085
0.95021
0.195543
0.454578
1.56291
0.284069
1.10305
0.490154
0.530019
0.0171281
0.603641
0.733092
0.798952
1.60953
5.77256
0.152959
0.724624
0.287487
1.57383
0.776629
2.24905
0.912874
0.684764
0.870023
0.676162
1.24254
0.765216
0.417486
1.94678
1.24771
2.34508
0.330599
0.229936
1.76463
2.29792
1.45176
0.447287
0.738099
1.5769
0.473937
0.733336
0.367306
0.534957
0.806192
1.00286
0.488194
0.664856
0.770092
1.32649
0.420954
1.07102
3.01808
0.199653
0.720527
0.33719
1.7987
0.0864744
0.324506
0.37462
0.663366
0.698033
1.1951
2.23104
1.41897
0.898676
0.527293
1.2255
0.303223
0.386568
0.578079
1.38502
0.293182
0.211412
1.20717
1.14137
0.897855
2.54987
1.27318
0.952042
0.101306
0.414512
0.0890502
0.390115
2.51408
0.413045
0.915136
2.35561
1.19698
2.0113
1.00959
0.508676
0.368393
0.321408
0.692303
0.184838
0.386781
3.48479
1.09166
2.61883
1.64648
0.428011
1.59062
0.96755
0.957782
2.31906
0.732169
0.753826
2.22281
0.545768
0.12484
0.712377
0.59789
0.465533
1.70219
0.309159
1.98248
1.1338
1.04707
0.655188
2.87838
0.867013
1.47508
0.615027
0.227354
0.374571
0.225998
0.830401
1.03945
1.71221
1.2194
2.56643
0.925927
2.2843
0.815856
0.165343
0.330942
1.97128
0.598721
1.46134
0.046844
0.236873
1.45726
0.858052
1.89373
0.150129
2.37894
1.30927
0.488167
0.316031
0.703433
1.06791
2.88236
1.37657
0.0993474
1.64152
0.0482865
0.659405
0.287947
1.35175
0.567966
0.737009
0.654873
1.48435
0.554799
1.60685
0.463621
0.455535
0.232664
0.87506
0.604299
0.222701
0.546701
0.45055
0.100959
1.316
0.604593
0.102545
0.688413
0.431458
0.14239
0.445772
1.39619
0.269833
0.690846
0.779254
1.08956
1.3775
1.50047
2.82462
0.421109
0.414318
4.59444
1.64292
0.534051
0.832496
1.52708
0.64308
0.640926
0.688333
1.67106
0.161725
0.857996
0.81406
0.313265
1.09981
2.78057
1.41795
0.0611063
0.552785
1.61019
0.939839
0.670503
0.435143
0.164879
0.531248
0.281398
0.224336
1.18713
0.329787
0.43879
0.965692
0.881613
1.45072
1.47098
1.96105
0.544805
0.170909
0.537325
1.75866
1.81105
0.280972
1.20573
2.59769
0.554715
0.645795
1.69272
0.856111
0.945722
4.25649
0.337352
0.417015
0.526119
0.638887
0.353374
0.705209
0.954503
1.09919
2.29203
0.0955946
3.18851
0.573822
0.993211
1.34119
0.678169
1.12937
1.3816
0.989249
2.32999
0.490118
0.0353047
0.508451
1.35082
1.03468
0.49636
0.111257
0.336357
0.84377
1.18336
0.35006
1.92586
2.06921
0.557383
1.36028
0.795247
1.12204
0.591256
1.18004
0.412378
0.951726
0.994746
0.301519
0.59907
1.05435
0.0968985
1.01029
0.640078
2.81213
0.327265
0.313507
0.554948
1.3433
1.02577
1.53594
1.61447
2.1438
2.79285
0.360799
0.687124
0.287612
0.605409
0.545163
1.94882
0.684266
1.06157
0.93693
1.18496
1.00453
1.68668
0.40366
0.971893
0.773535
0.165046
0.106463
0.175789
1.42038
3.11569
0.173564
0.668506
1.33819
0.373266
0.667617
0.927759
1.58167
1.98101
1.77307
0.288131
0.96609
2.06985
0.349588
1.72769
1.96197
1.41876
1.32989
0.0809851
1.86714
1.31973
0.900108
1.90693
1.03266
1.60655
1.45558
3.17623
1.66699
0.84895
2.18664
0.570935
1.59834
0.385659
1.00004
0.845238
0.128627
0.345963
0.489677
2.37575
0.307368
1.31515
1.26866
1.38148
0.397764
1.34678
0.7388
0.609417
1.46001
0.430526
0.513691
0.238512
0.498114
0.304307
1.28087
0.177629
1.16709
0.0856872
1.18453
0.513004
1.09095
0.23373
0.76048
0.818422
0.59314
0.340917
3.49024
2.05884
0.654599
1.18542
0.977989
0.62148
0.76794
1.77412
0.050917
0.133995
2.4373
1.35434
1.32039
1.2439
0.658011
2.38413
0.378252
1.7611
0.590063
0.311044
0.359077
0.225271
0.280203
0.499283
0.714231
1.50142
0.835571
0.412463
1.25089
0.514667
1.14742
1.86824
2.38313
1.42254
1.61295
0.966622
0.575093
0.173024
0.271844
1.20294
0.15192
0.967616
1.4457
0.396819
0.798874
0.658584
1.21536
1.39972
0.964235
1.37727
2.08626
1.33044
0.673085
0.269762
0.875808
0.515275
2.0066
0.358157
1.28248
0.379211
1.30974
2.27978
2.23113
1.3509
1.07231
0.112364
0.332726
2.04263
0.766038
0.715714
1.93361
0.278932
1.0804
1.23634
0.634754
0.261539
1.12969
1.37233
0.486479
1.56478
0.359948
0.957019
0.731401
0.6982
0.777522
0.0635836
0.891139
1.83218
1.83467
2.75266
0.488006
0.665532
0.187014
0.54624
1.54891
0.511127
0.425786
0.832854
0.484635
1.46347
1.01472
0.7248
0.949026
0.452151
0.640172
1.75448
0.51117
0.452836
0.377143
0.70026
1.02944
1.51509
0.710604
1.6169
1.26507
1.69026
0.842447
0.41534
0.522027
0.192495
0.164027
0.834606
0.592937
2.44399
3.36611
0.64212
0.917337
0.697248
0.891944
1.13525
2.3789
0.911569
1.96963
1.59684
0.949523
0.269521
1.10436
0.767937
1.07895
1.89464
0.768728
2.33931
0.956413
1.87417
0.887127
0.715787
1.73034
1.01462
1.1244
1.42108
0.514069
0.543169
2.39608
2.38505
0.455151
0.720148
0.265997
0.188648
2.4192
1.41741
0.784816
0.547975
2.41067
1.54968
0.494457
0.705442
3.29387
1.26914
0.466859
0.746401
2.20361
1.27004
2.17849
1.6131
0.509674
0.819697
1.99754
1.13582
0.367131
0.43974
0.828799
2.24929
0.765084
1.76334
0.261075
0.792317
0.476776
0.847947
0.893537
1.19531
0.339048
2.43944
1.04341
1.85441
1.96158
2.48982
0.326984
2.75683
0.739284
3.44154
2.40742
0.178157
1.25771
0.308923
0.336778
0.533011
1.5146
0.617787
1.77408
0.572488
0.58403
2.27278
1.62677
0.463552
1.61783
0.551733
0.900081
1.43197
0.269743
0.860577
0.571499
1.77453
1.2762
1.1731
1.17175
0.0752862
0.329678
2.12444
1.01176
0.39307
0.322252
0.785539
1.55426
0.669571
0.322782
0.563863
0.942528
1.03141
0.150101
0.689411
0.0821789
0.649135
0.626701
1.61745
0.366504
1.13973
0.0699961
0.344723
0.747268
5.38515
1.45436
0.272761
0.30577
1.28006
4.2796
0.341954
3.46006
0.471324
1.23337
0.640449
2.30648
0.768097
0.753508
0.669834
0.395423
1.11695
1.11612
0.565184
1.35657
0.735602
0.868273
1.72491
1.53293
1.54455
0.643485
1.62781
0.710651
1.45584
0.257066
1.33992
1.17447
1.09104
0.887523
0.327105
0.816979
0.218275
2.62845
0.0711435
0.46439
0.211266
0.545032
1.07704
1.09464
1.83688
0.871943
0.741934
1.25256
0.463312
1.2078
0.680061
0.470148
0.941624
1.81405
0.999639
1.08134
2.87095
0.147083
0.608243
0.10155
1.15302
0.230026
1.23561
0.228942
0.434305
1.54299
0.237161
0.439955
0.257764
1.87667
1.49214
1.02218
0.837183
0.326456
1.62356
0.140428
0.393565
1.12884
0.638598
2.92444
1.60614
1.48008
0.187184
1.14284
0.419752
0.960221
1.2549
1.50278
0.773184
0.463437
1.32501
1.69404
0.191763
0.612114
0.846196
1.07301
1.65105
0.643522
0.330691
1.14128
0.966378
2.95062
0.541972
0.863427
0.720283
1.04759
1.36334
0.85254
1.0477
0.294879
0.440988
0.426104
0.245971
1.48328
0.264218
1.24886
0.698234
0.216333
1.48236
1.84601
0.378326
1.21219
0.591016
0.454202
0.917082
0.293819
1.71198
1.71005
0.490949
1.58677
0.69708
0.302416
0.407107
0.600195
2.93033
1.41035
1.06025
0.157286
0.812222
1.34721
0.304682
1.78309
2.38461
0.608246
0.968144
0.481958
1.22139
1.226
0.856801
2.10213
0.556321
0.775086
1.38457
0.583863
2.06156
0.771045
0.984512
0.461256
0.213363
1.89514
0.973693
0.84303
1.19383
0.926501
0.892756
1.68381
0.459487
0.86545
1.30147
0.452097
2.08436
0.882807
0.881563
0.0941585
0.0884598
0.597961
2.38009
0.204319
0.359129
0.402307
2.3344
0.335745
0.563053
0.413776
0.622187
0.332285
0.415536
0.23987
1.34046
1.10958
1.56544
0.831813
2.26904
0.31091
1.53409
2.43733
0.317257
0.492341
1.19957
0.958652
0.818561
0.159195
1.61525
0.282735
1.02851
2.13586
0.564641
2.32328
0.809934
0.334038
0.401706
2.21617
0.504632
0.832609
0.329528
0.664673
1.08591
0.929675
1.04663
0.846616
2.09282
0.538584
0.926192
0.190884
1.12164
0.575663
0.775725
0.518567
0.379219
2.0258
0.981216
0.107417
0.733515
1.86399
1.39824
0.495566
0.37693
1.10758
2.20955
1.13066
1.14234
0.829899
0.254357
2.0169
2.48949
0.810421
0.0974424
0.720811
0.802832
0.364041
1.43716
0.66163
1.50191
1.06071
2.93453
0.869498
1.70089
2.18744
0.0409537
0.725268
0.961769
2.51491
0.463793
0.425302
0.691329
0.357968
1.00765
0.491722
0.902745
0.624152
0.539533
0.903275
2.18496
0.640968
2.85714
1.08372
1.52221
1.75512
1.33517
0.407509
0.412082
0.106687
1.20722
1.4287
1.96317
0.469419
0.222434
0.0896176
0.438175
0.668779
0.421139
1.1988
0.483068
1.88284
2.86695
0.372142
0.221321
1.17585
0.420467
1.49983
1.09508
0.661856
1.59279
0.416139
0.571302
0.11314
2.41612
0.474693
0.861433
0.163671
0.684623
1.65012
0.270736
0.764154
0.752734
0.685847
0.486855
2.85384
1.55704
1.90923
0.341236
0.762474
1.34392
0.759198
0.510133
0.260628
0.364222
0.824146
4.34655
1.9942
1.3479
0.391008
0.274693
1.22621
0.460053
0.501323
1.13682
1.15097
0.208235
0.517495
0.664985
0.469713
0.219158
1.41618
1.04507
0.761975
1.54072
0.36288
2.55417
0.141517
1.62939
0.352092
2.02216
1.3441
0.354178
0.164546
0.253837
1.40822
0.487385
0.825151
1.44217
0.324874
1.22094
0.158804
0.614593
1.44029
0.50974
1.13318
1.61098
1.34331
2.28044
1.02918
0.326129
0.0858464
0.39814
1.46243
1.36647
1.40472
0.987046
0.783165
1.02116
1.40534
1.58744
0.534719
0.740437
0.325448
0.781173
2.72647
0.965986
0.552299
4.90093
0.949486
1.35449
2.0169
0.54276
1.12814
1.11667
0.716777
0.845337
0.651866
0.280859
0.880584
0.301933
1.22623
0.0762836
0.698741
2.45365
1.65952
2.7284
2.49659
1.71629
2.20769
0.179951
2.47347
0.192375
2.37609
0.0335285
1.18924
0.624663
0.359485
0.711799
0.386818
1.83448
1.57887
1.17022
0.612232
0.470096
1.3243
2.08079
1.13611
0.993513
0.852219
1.06266
0.343986
0.291737
0.448337
0.614903
1.73505
0.445661
1.15465
0.792467
0.258184
1.1868
0.182568
3.51586
0.307039
0.699903
0.19551
0.515913
0.759421
1.00853
1.72522
0.641531
0.172446
0.892389
0.545532
1.01431
0.192882
0.365348
1.78881
0.944848
0.254756
4.28738
2.41667
0.67215
1.91743
1.68727
0.685699
1.1562
1.46245
1.73246
2.28589
0.852807
1.52406
0.621744
0.272429
1.36126
0.813118
0.880309
0.86418
2.88852
0.763144
0.455155
1.64711
0.474265
1.9687
3.62025
2.86524
0.92907
1.54737
1.08982
1.33622
1.32308
0.589164
0.545072
1.24113
0.645165
1.82246
1.4102
0.533536
1.02189
0.172373
0.388031
0.940781
1.49944
0.901875
0.525076
1.2018
0.461167
2.0953
2.28559
0.26306
0.989591
0.160247
0.580201
0.266703
0.514503
0.561269
0.497999
0.503849
0.256549
0.125062
0.69938
0.55677
0.587019
2.31454
1.08915
0.0639916
2.49395
1.18133
1.17947
1.03111
1.12353
0.805742
0.598742
0.508188
0.40538
1.02387
3.0041
1.42594
0.485425
0.256455
0.364055
0.241633
0.331824
0.378824
1.05007
0.860007
1.07795
0.353677
0.418351
2.59971
0.272347
0.522446
1.08633
0.691022
0.154239
1.78829
0.657117
0.32954
0.130959
0.72147
1.34034
0.353634
0.355326
0.918741
2.57138
0.108337
0.707169
0.675258
0.458705
0.791948
0.740299
1.8221
1.3123
0.417894
0.194628
1.58716
0.661713
0.806123
0.523895
0.0999589
1.51298
1.04116
0.437015
1.57119
1.83448
1.56098
0.696683
1.33613
0.270139
0.875283
0.987815
1.09027
0.532115
0.385066
0.719178
1.30938
0.678504
2.00926
0.887663
1.32461
0.174548
0.205253
2.01476
0.233338
1.82958
2.24167
0.594452
1.13895
0.843836
0.477236
0.915978
1.57489
0.83976
0.19208
1.24267
1.19884
0.417152
1.20282
0.692503
1.26714
1.10567
1.42295
0.201688
2.11298
0.625732
0.841494
0.764967
0.228559
0.8523
0.38736
0.126971
0.743673
1.16036
1.91192
1.47334
0.408248
1.4945
0.257795
0.670813
0.633732
1.10392
1.01644
1.79933
0.317913
0.859658
1.71344
0.720678
1.11673
0.564835
1.50379
0.148222
1.64542
1.30131
1.79576
0.74531
0.640393
0.822191
0.449352
0.600904
0.197004
0.549438
0.94073
1.28402
0.319574
1.95532
0.552758
2.16129
2.1115
0.777687
1.30814
1.23448
1.40165
4.8954
1.63263
0.400126
1.91462
2.109
0.747987
1.88815
0.354616
0.781951
1.34208
0.355204
0.231985
1.10682
1.60874
0.513572
0.246776
0.470509
1.11687
1.60224
0.765242
0.602528
0.281127
2.92758
2.31008
2.94345
0.621975
0.137322
0.689386
1.89745
1.37906
0.0579339
0.341459
1.85937
0.856276
1.15031
0.863631
2.81534
2.70674
1.97254
0.900969
2.11556
0.744139
1.12067
0.624336
0.411024
0.657607
0.599037
0.567651
0.31715
0.855497
1.55047
0.553019
0.054419
1.31601
1.81592
0.0685007
1.72219
0.711644
2.2203
2.03127
0.446394
1.0531
0.690141
0.524285
0.483019
1.97299
0.837499
0.734796
0.228455
1.35234
0.504422
0.57655
2.06524
1.43229
0.083649
0.509534
0.326087
0.138504
0.481453
0.439906
0.799637
0.351319
0.318828
0.870343
1.16671
0.492722
2.22632
3.09011
0.780973
0.74654
1.87711
0.822325
2.21846
1.10831
1.07975
1.51557
0.799773
0.371948
2.48207
2.0238
0.878736
1.1775
1.30068
2.35831
1.03342
0.739758
2.53776
1.1601
0.783933
0.80925
0.239369
0.735261
1.04562
0.468266
1.56171
1.73357
2.39052
0.222624
1.56281
1.09615
1.20731
0.462686
0.0953062
1.11617
0.0761266
0.44483
1.79369
0.21159
0.61796
0.75508
0.675324
1.31417
0.694869
0.161682
1.26603
0.270287
1.03044
1.19219
1.82173
0.138458
0.617164
0.799068
0.692918
0.266685
1.16197
0.253587
3.00286
0.221792
1.0123
0.350284
2.15689
0.706347
0.839723
1.92082
0.511253
0.486842
1.34596
0.76282
1.08317
0.0333412
1.46322
0.746612
0.0646615
1.25571
0.178
1.50086
0.280079
0.854733
1.36483
1.71263
0.202299
0.680173
1.87385
1.1945
2.85174
1.14436
1.50485
0.543103
1.37839
0.851182
0.59394
2.41041
0.716262
1.71244
0.300269
1.3971
0.235005
0.994629
1.33093
0.222121
0.356066
0.327814
0.727313
0.763733
1.37026
0.851387
0.271215
0.453464
0.129889
0.758193
1.27923
0.540004
1.30079
0.220233
1.31315
1.2486
2.17907
0.787811
2.94527
1.77
0.345621
0.367594
0.377923
1.93619
0.786741
0.520892
1.89178
1.21423
1.18299
3.01987
0.631861
1.39467
2.30636
0.340854
0.0689699
1.41591
0.244887
0.742807
0.290903
0.909867
1.11168
1.14773
1.00631
0.643632
0.789988
0.305385
1.45363
0.770183
0.790149
0.541336
0.964424
1.99736
1.41355
2.12483
0.277563
1.02367
0.0987322
1.1817
0.610647
0.3458
1.12335
0.244531
0.440812
1.11236
0.474741
1.66248
0.279468
0.795607
2.64105
1.39427
1.11185
0.209858
0.111586
0.330841
0.80473
0.71885
1.75384
3.03019
0.530486
0.194744
0.991888
0.806395
1.82775
1.61256
1.444
0.217315
0.655682
0.120496
0.872744
0.473669
1.99961
1.59764
0.596048
0.543989
0.332951
0.563095
1.0482
0.558228
0.794807
1.26599
0.68657
2.8245
0.974125
0.862121
1.37854
0.926037
0.852248
1.20542
1.41451
1.53437
0.750744
0.428903
1.2421
0.436271
0.634539
0.189281
1.20101
1.62792
0.455967
0.675147
1.48572
2.54298
1.01937
1.85832
0.234135
0.808255
0.107856
2.33625
0.539362
0.375029
0.358579
0.597839
1.29267
0.511616
1.49922
0.858265
1.09893
0.624896
0.933892
0.100177
0.670618
1.24945
2.7633
0.779291
1.12868
2.34512
0.418367
0.66551
0.807552
1.96285
0.228965
1.49781
0.296664
0.757745
1.5533
1.2148
1.35375
1.7581
3.49874
0.528585
0.697041
2.09852
0.450743
0.428122
0.0442523
1.6629
0.407797
0.661429
1.29153
0.459514
2.25204
1.08017
0.616157
1.22817
0.474536
0.470144
0.532124
1.39341
1.13895
1.28271
1.59106
0.236451
0.166397
1.13451
2.06152
0.110116
0.810641
0.740893
2.42171
0.471625
1.07357
0.186229
0.875871
0.429927
0.828883
3.21673
0.303555
0.473665
0.860301
0.405059
0.144918
0.37757
1.04356
3.28481
1.00505
1.33935
1.33203
3.4397
1.83046
1.59163
0.608148
0.828627
1.938
0.951313
0.580356
1.79391
0.601765
1.07941
0.997532
0.564334
0.42361
0.323553
0.911406
0.462779
1.38851
1.75453
0.168797
0.803738
1.03407
1.64318
0.133442
0.353935
0.697021
2.4709
0.559459
0.225885
0.520441
0.859391
0.986216
1.47217
0.184989
1.49184
1.06315
1.56892
0.19883
1.71711
1.10894
0.355661
1.20564
1.61721
0.877375
1.04282
2.7252
0.180595
1.23239
1.14383
1.45771
0.307366
0.45535
1.16666
0.924587
0.397779
0.340938
1.64345
0.443733
0.675363
0.924745
1.02737
0.274006
0.653421
1.00782
0.614736
1.22117
0.134344
1.7584
0.245889
0.587298
1.18388
0.247083
0.612165
1.90483
1.33121
1.04274
2.63232
1.34931
1.52257
2.44181
0.978507
1.3394
0.39772
0.735773
0.125169
2.45752
1.02685
1.62737
1.08392
1.19785
0.365369
0.916601
1.10573
0.559901
2.13261
0.993573
0.512265
0.277458
2.96909
2.12021
1.30287
0.434483
1.06616
0.0166895
0.664997
0.623443
0.0816449
0.283981
0.744398
1.06791
0.329757
2.22341
0.435174
0.725296
1.55
2.03899
1.43512
1.65814
1.17046
2.04191
0.982543
1.40097
0.157037
0.266507
1.62596
0.826068
1.58288
0.554692
0.571769
2.77096
0.90368
2.18928
3.28573
0.300657
0.924526
0.786436
0.209556
2.47318
0.709612
3.19568
0.831535
1.61492
0.741454
0.566668
1.16836
0.229244
1.42091
2.50607
1.65466
0.677541
0.925567
1.19439
1.54739
0.63686
0.2093
2.73428
0.94596
1.58177
2.38383
1.31619
1.83864
0.716866
0.293461
1.33969
0.703088
0.273233
2.43704
0.213615
1.27419
1.64007
1.66534
0.737963
1.81665
1.18019
0.772103
0.805276
0.224618
0.463449
1.52636
2.10134
0.889577
2.15365
0.195152
0.491698
2.63571
0.230623
1.17057
2.19578
1.45447
0.833713
1.10523
1.1021
1.92882
0.83696
0.478732
0.714632
1.33098
0.777642
0.689282
0.34323
0.802802
2.23227
0.528236
1.26683
0.425933
2.1312
1.10895
0.24352
0.956523
1.21673
0.698346
0.723909
1.49404
1.4832
0.603543
1.31654
1.06558
2.83105
1.50326
0.721964
1.74115
0.0351369
0.270333
0.939893
0.283814
0.377036
0.593198
0.402422
0.3383
2.26946
0.631654
1.32001
0.477864
0.538967
1.19737
1.29486
1.26763
1.10697
2.4875
0.267615
2.95833
0.640145
2.35329
0.289685
1.6682
0.669346
1.27474
0.61728
1.1842
0.822805
0.645185
3.76562
0.250387
0.877018
1.32168
0.140866
2.03823
0.79968
2.17414
0.4833
0.564159
0.308858
2.26475
1.12757
1.57497
0.476252
1.23309
2.13459
1.03138
0.22736
1.19799
0.725272
1.98465
1.51187
0.455867
1.13725
0.901165
1.27898
0.787999
3.38797
2.43048
0.588185
1.08564
0.959459
1.72745
1.98858
0.846875
1.42195
0.985527
0.489364
0.67848
0.317515
0.979516
0.889155
0.567108
0.328634
0.667799
1.60671
1.63345
1.41314
0.985272
1.3497
2.04635
2.08432
0.376928
0.77749
1.07933
0.590583
1.80941
0.740778
1.66601
2.87665
1.26793
0.717166
1.30893
0.83073
0.484227
1.35394
2.18164
1.07089
0.979686
0.937247
0.259633
0.400201
0.702195
0.488416
1.79744
3.27557
0.796815
1.15911
0.107083
2.30027
1.85995
1.25447
0.562064
2.82498
1.71238
0.219724
0.10412
1.18173
0.616326
0.624119
0.867189
0.443271
0.251398
0.677499
1.63541
0.258006
2.32168
0.893273
0.888741
0.968232
0.844943
0.361374
0.719135
0.972555
0.0816632
0.609418
1.13803
0.345467
0.542467
0.394953
1.87697
1.61102
1.02735
0.954164
2.37672
2.75952
0.493034
0.803783
1.63844
1.7071
1.58125
1.06355
1.03571
1.1674
1.56973
0.211362
0.537187
0.314424
1.11043
1.62048
0.690862
2.05012
0.75088
0.830518
0.501843
0.53668
1.35385
0.791535
0.390471
1.00713
1.37373
1.39312
1.37819
0.306926
1.59135
1.50922
1.99077
2.20599
0.328357
1.46891
0.195717
0.378856
1.48738
1.27263
0.451041
1.16046
1.00586
1.40396
0.198716
0.217446
0.526944
0.779229
1.11189
2.03293
1.17128
0.85294
0.858408
0.356622
0.102653
1.82939
0.520067
0.126972
1.38135
1.28088
2.72172
0.675213
1.89847
1.51918
2.35828
0.328002
0.231076
0.825029
0.605824
0.126419
0.457397
1.00536
0.0875757
0.871819
2.39748
0.753996
0.112152
0.709014
0.26393
0.809872
1.1109
0.213594
0.712856
1.58616
1.66093
0.273362
0.428544
1.8811
0.331455
1.05902
1.45733
3.02149
2.94053
0.186657
0.145634
0.670223
0.448655
4.94102
0.683107
1.11625
0.769484
1.40362
0.510348
1.07186
0.453929
0.743256
0.984708
0.33783
1.96335
1.53735
0.726633
1.84595
1.52585
0.819118
0.401214
0.68391
1.40969
0.0772397
1.62377
0.252098
1.67643
0.276163
0.448058
1.0582
0.506112
0.7049
0.233949
0.395168
2.29796
0.676952
2.64127
0.662564
3.5168
0.681536
0.807303
0.4729
1.09109
2.6487
1.51468
0.190413
2.26243
1.25079
1.0425
0.921084
0.756869
1.05782
0.284755
0.766828
0.760604
1.64662
1.89637
1.00285
0.174706
2.55955
0.654074
0.471119
0.699981
0.187773
0.570253
1.2365
0.820463
0.756165
0.842574
0.496715
0.86202
1.13154
0.900321
1.02315
0.577703
1.49473
1.5544
1.28361
1.4817
0.676388
0.726494
1.32055
0.302691
0.877273
1.83447
0.217597
0.751835
2.27497
1.33552
0.438857
0.65612
1.1856
0.485696
1.63293
2.61736
0.88443
1.59896
1.53894
1.0581
1.84023
0.210131
0.718306
0.730544
1.95227
1.91083
2.01307
0.673873
1.39602
0.543192
2.15138
1.52294
1.09144
4.6746
1.22994
0.486018
0.641243
1.69839
2.21064
0.252632
0.65171
0.833661
0.389045
0.219079
1.87044
1.93256
0.963833
0.520623
3.84982
2.37131
1.36011
1.50788
0.56641
0.33719
0.953145
0.64838
0.871902
0.698821
0.249405
0.893021
0.917588
0.391286
0.153532
0.113132
1.06414
0.942905
0.944075
1.16549
1.66848
0.798243
1.80471
1.03075
0.906229
0.56218
1.69894
1.55171
0.378907
1.03596
0.830374
1.37981
0.621246
0.90801
0.407008
0.647461
1.30896
0.810803
1.81292
1.86098
0.188777
0.758539
0.217113
0.452717
0.907702
1.77785
1.47208
0.475777
0.918273
1.12376
0.684829
0.584362
0.840684
0.675021
0.325746
1.1323
0.601204
0.876569
0.842305
0.592229
0.739566
1.22385
1.54637
0.548437
0.751313
1.30266
0.920513
1.18303
1.41156
1.33524
1.68704
0.245411
0.66204
1.21104
0.418446
0.167969
0.612343
0.300873
1.21897
1.34026
1.91918
0.16671
0.639363
3.15253
0.361222
0.559096
0.29693
1.04659
0.111142
0.338018
0.730041
0.966665
2.10859
2.06256
1.2001
0.746288
1.36136
1.55624
0.189906
0.654014
0.284329
1.36571
1.51575
1.68043
0.815433
0.178413
0.477873
0.262202
0.775161
1.29641
1.38229
1.68837
1.40636
0.243881
0.107689
0.226809
0.638096
0.119957
1.09212
0.252915
0.79886
1.39902
1.24949
0.812625
1.02759
0.982469
0.830942
2.06384
0.32532
0.192206
0.861608
1.55604
0.845956
2.07025
0.158273
0.512229
1.0915
1.11246
2.17906
1.58927
1.24997
0.883382
0.208943
0.38106
0.405754
1.45148
0.478099
1.03193
1.8047
1.76436
1.49011
1.55362
1.09705
1.99375
2.6875
0.62163
0.179084
0.550462
0.75326
1.10164
1.29107
0.711939
1.11341
0.752305
0.674534
1.16998
0.961725
1.2884
0.33702
2.2009
1.34041
0.652536
1.4938
0.101962
0.36444
1.05476
2.06137
1.20147
1.10178
0.695415
1.42159
2.10407
1.4317
1.06299
0.885372
0.812605
0.231596
1.35477
0.729249
0.19703
0.442478
0.26361
0.123064
0.444723
0.304595
0.448238
0.489013
0.350302
0.89519
2.14683
0.813191
0.159755
1.28311
0.884449
0.526459
0.608848
1.65381
1.99439
1.04525
1.82641
1.91179
0.72415
1.93602
0.715794
1.49549
0.865519
1.01092
1.58223
0.480309
0.501951
0.213842
0.682071
0.605723
0.617442
1.72862
0.935224
2.64174
0.190658
1.03167
0.901178
0.887079
1.14957
1.11635
0.72963
0.385487
0.618644
1.3285
0.854956
1.43801
0.587684
1.11461
0.0607959
0.680936
1.67848
0.83518
0.422346
0.54815
0.307963
0.863021
1.14372
0.524126
0.610914
0.820645
0.519388
0.452893
0.406564
0.652738
1.68278
1.2159
1.52702
1.04169
1.05311
0.376441
1.49106
0.534758
0.659217
0.611252
2.0332
1.868
0.987092
0.321377
0.262895
1.11995
0.196673
0.135778
1.68595
0.14311
0.788584
0.465572
0.661258
0.567013
1.44771
0.74252
0.5507
1.17945
2.72296
0.953796
0.833324
1.52646
1.1407
1.29631
1.6121
2.66033
0.306321
2.03249
1.98515
2.15424
1.61899
1.89677
1.62447
2.03303
1.48615
0.298346
1.28897
2.33293
1.35121
1.47128
0.424517
0.592981
4.23607
0.305799
0.415432
0.475885
0.991588
0.730485
1.57025
0.852806
1.09306
0.164917
2.84542
0.930471
0.643407
1.38548
1.49962
1.05854
1.83966
0.920314
0.712922
0.561412
1.4423
0.279015
0.493103
0.50455
0.531069
0.965578
1.23067
1.80565
0.41738
0.715765
1.47925
0.337777
1.09181
0.828531
0.408897
1.58164
1.6087
0.604573
1.70122
0.599263
0.821279
1.69475
0.272136
0.344351
1.5152
0.578439
0.595684
0.178606
0.368059
1.08081
1.08767
0.492758
1.02745
1.23352
1.52434
0.369091
0.463029
1.73378
1.71569
2.83183
1.6315
0.143539
1.21733
0.936666
2.26025
2.61926
3.15898
1.48409
0.256007
1.03726
1.65326
1.25209
0.25303
2.59704
0.687883
0.318016
0.505922
0.845046
0.811967
1.88152
0.74567
2.45999
1.30483
1.44087
0.0656472
1.37913
0.332443
0.395295
0.452836
2.75869
3.06241
1.7545
0.78622
0.460809
2.50099
0.38963
1.41079
3.66969
2.39813
1.03395
0.29331
1.13781
1.57704
0.535491
0.830874
1.42953
0.96975
0.63654
0.927404
1.16198
0.392661
0.453809
1.98521
0.845792
1.18912
1.2949
1.17005
0.945101
0.84289
0.551891
2.53903
1.1753
0.462572
0.858288
1.48893
1.04484
0.18227
1.72778
1.15298
0.705942
0.303074
2.50396
0.444965
0.625483
1.85601
0.612862
2.35891
1.08967
0.149738
2.7648
1.46137
1.04598
1.09117
0.298604
1.03568
0.93403
1.31191
0.853919
1.23651
0.794774
0.22575
1.87347
0.432985
0.625643
0.865717
0.0325355
1.16348
1.00426
1.86246
0.502887
1.28342
1.0845
1.09485
0.121928
2.24263
0.778505
0.94278
0.969276
3.21954
0.396764
0.215749
0.629577
1.38541
1.506
0.843506
0.364538
0.814814
0.494047
0.397538
1.41028
0.505413
0.683976
0.627275
0.420159
0.97969
2.385
1.95957
1.30698
4.9231
1.81003
0.655144
0.293277
1.04224
0.400997
0.542065
0.412136
0.864321
1.372
2.30972
1.10754
3.51444
0.14044
0.808651
1.97376
0.350402
0.826397
0.693959
0.416572
2.35127
0.902259
1.3237
1.4536
0.880704
0.120836
0.738963
1.13921
0.592022
0.22081
1.51767
0.329389
1.21672
0.582615
0.725936
3.11796
1.7342
0.518006
1.49866
1.09959
1.02234
0.294431
0.306209
1.32857
1.29819
2.06353
0.225136
0.322083
0.393411
0.281989
0.48746
0.755946
0.615005
2.05047
0.276697
0.268666
0.389406
0.403192
0.776273
0.10767
1.58772
1.85895
3.1169
0.513437
0.684551
1.62426
1.7789
1.93453
0.174304
0.905119
0.478521
0.564357
0.105827
1.0156
0.0999228
0.654537
0.384446
0.645245
0.53388
1.01602
0.254238
0.556291
1.09547
0.418971
0.475201
0.567396
0.917612
1.03922
1.65859
2.05378
1.33657
0.934325
1.4105
2.09527
0.472129
0.757167
1.52823
2.00428
0.329213
1.38809
2.52386
1.6466
1.87008
2.09383
1.38911
1.61111
1.39369
1.41947
0.48331
0.296352
0.31581
1.75139
0.551817
0.233454
0.16647
0.897546
0.484496
0.639314
0.81199
0.335507
0.722209
1.29771
0.274331
0.228907
0.204287
1.49024
0.0484221
1.19499
2.15606
0.918859
1.53689
1.8167
1.8415
2.55807
0.119584
0.655403
0.527016
2.10854
1.46344
0.854039
1.12144
0.0787517
1.27961
1.55223
1.88519
0.425541
0.767438
0.920864
0.438145
0.352383
1.68376
0.380586
0.299933
0.529925
1.12184
0.931149
4.041
2.52564
0.859783
0.162979
0.70168
0.67874
0.567857
0.600567
2.18958
1.3011
0.57624
2.05858
0.538041
0.177729
0.412042
1.56083
2.91446
0.461388
1.60939
2.32135
1.882
1.69931
4.26064
0.464341
0.246626
2.20852
1.34765
1.97912
0.411718
1.41705
0.374665
0.421376
0.806355
1.54132
1.44112
0.582522
0.224152
1.54052
0.382734
0.935079
0.537514
0.907952
2.03813
1.10507
0.95254
0.82734
0.902337
0.677587
0.680336
0.811245
0.545675
1.42652
1.62803
0.684359
2.152
0.169966
0.929132
0.281771
0.755069
0.303316
1.03256
0.596822
0.995791
0.33022
1.72786
0.740619
0.237757
0.483879
1.19835
1.07472
2.71679
1.79577
1.04631
1.14715
1.03365
1.39578
0.456094
0.967653
0.363313
1.18751
0.499212
0.473963
2.01264
1.73285
1.37929
1.1874
0.464975
0.453074
2.27711
2.26146
3.27945
1.56079
2.19423
0.596052
0.657904
0.410374
0.540047
0.67539
0.233933
1.78697
1.07375
0.840968
1.93858
0.32438
0.308018
0.301318
1.34346
0.652355
0.64226
0.0919992
0.902037
1.24124
0.773326
1.05727
0.873376
1.5048
0.259804
0.13112
1.46056
0.523271
1.4225
0.757297
0.385414
0.138122
0.699927
0.370446
0.838943
0.101936
1.5179
1.34793
0.313814
1.33081
0.305154
0.548476
0.276344
1.75433
0.388432
0.153551
0.822758
0.717416
0.90789
1.65069
0.743879
0.375865
0.600868
0.983136
0.612109
1.19939
0.919748
0.263646
0.787464
0.797823
1.28749
0.418951
0.393211
2.52368
1.01414
0.89192
1.136
1.3695
2.45249
0.411125
0.191594
1.58081
0.769987
0.20392
1.2654
0.542082
1.283
1.10008
0.698465
0.838734
1.49863
0.473048
0.300301
0.35514
1.13972
0.769352
0.332958
0.897374
0.123931
3.40181
2.03184
0.47435
0.663408
1.46703
0.0929757
0.242271
0.858889
0.502226
0.922095
1.12804
0.156927
1.27741
1.47616
2.00623
1.3417
2.04742
0.305019
0.727055
0.563017
1.12413
0.570274
1.38859
1.03693
0.224142
1.14169
0.291521
0.882947
0.442298
0.371067
1.28577
0.500717
1.18235
1.84451
2.05543
0.499416
1.79457
0.733468
0.726587
0.749992
1.04404
0.513826
1.01073
1.73773
0.207486
4.7108
2.17358
0.156989
0.414218
0.580181
1.26946
1.30888
2.94886
0.33951
1.39029
1.30322
2.4341
0.280444
1.07088
1.07215
0.715238
0.664195
3.60457
2.02717
1.14195
1.08471
0.840069
0.749825
1.24315
0.640894
2.0939
1.47906
1.14107
1.92624
2.01918
2.76728
3.42364
0.892825
1.53035
0.42838
0.779203
2.13287
1.79019
1.27936
0.331276
0.361846
0.812355
4.29736
0.853648
0.653929
0.565722
0.828759
2.82818
0.10201
0.819676
0.634739
0.452168
0.973673
0.784103
1.57175
1.43378
0.293116
0.683613
3.61358
0.5536
2.10367
2.10724
0.985085
0.279859
1.76177
0.661897
0.606862
1.02243
1.27231
1.88321
2.11042
0.204491
0.435748
2.03098
0.867459
2.89551
0.446679
1.7188
0.394854
0.969885
1.02938
0.637196
1.23285
1.47169
2.2793
0.388144
1.45653
0.489974
0.589193
0.382093
0.500695
1.56603
1.00833
1.26376
1.19059
0.601006
0.781506
0.790376
0.665779
1.61775
0.77135
1.59431
0.984571
0.494613
0.604036
2.35181
0.507114
1.50203
1.60292
0.27083
0.534491
0.384515
0.372049
2.27566
0.437451
1.58167
0.648384
0.486086
0.782808
0.631788
0.961218
2.24771
0.326228
0.9059
2.04856
0.436783
2.50541
0.0428296
0.776481
0.524735
0.854067
0.211463
1.02434
1.48589
0.510303
1.0879
0.172893
1.44992
1.07991
0.385752
0.754505
1.28851
1.05477
0.657459
0.49502
0.349078
1.70423
0.464533
0.409585
0.638211
1.07833
0.230083
1.34335
1.87927
0.778809
0.193556
0.964939
0.802734
0.569022
0.774277
0.567628
0.273228
2.21412
0.811876
0.648525
0.470696
1.97217
0.789939
0.638266
0.4804
1.05263
0.947583
0.993441
0.495281
0.676542
0.816445
0.878299
1.5178
0.347539
0.201204
1.45122
1.58981
1.11215
1.46892
0.700883
0.269514
0.508697
0.510206
1.49548
0.830303
0.928051
0.127893
0.166417
1.49474
0.301029
0.429069
1.31516
1.37857
1.27449
0.0811243
0.630504
0.0931219
0.996871
2.55963
2.32391
0.917702
1.46646
1.61205
1.06027
1.22988
1.06814
0.995703
1.0751
0.966461
0.935621
0.257894
0.358994
0.281152
0.690453
0.866342
0.690041
1.59326
0.467123
3.26217
0.474922
0.680967
1.03935
0.501297
1.16332
0.296082
1.13436
1.28487
0.631294
2.21961
0.560543
1.65102
0.501332
1.34876
1.42484
0.614807
2.14444
1.22966
1.09004
0.151031
0.125137
1.05618
0.359776
1.72384
1.15349
0.178382
0.993719
0.108275
0.515163
0.966234
0.553857
1.23465
1.80161
0.442242
0.102226
0.536943
0.805208
0.668706
0.512054
1.01492
0.166613
1.12696
0.659162
0.533812
0.625571
0.145623
0.476876
0.857876
0.699281
0.762249
0.537911
0.766509
0.699741
2.97974
0.222381
0.615093
0.837471
1.46333
0.520279
0.62026
0.512703
1.33644
0.368687
0.535112
1.50091
1.3896
0.46775
0.67
1.84208
2.46663
1.42274
0.440672
3.88366
1.67365
1.16644
0.0918635
0.282541
0.330273
1.34406
1.20256
0.119752
0.597673
2.33072
1.03799
0.680916
1.23708
0.231083
0.261886
0.557457
0.792316
0.763223
0.755905
0.956766
0.128556
1.84376
0.229297
0.21885
1.59544
0.3438
2.67922
0.818184
2.06973
0.245552
0.547375
1.29391
2.75903
0.0651282
0.385396
1.49859
1.29792
1.13094
0.684153
1.10187
0.977099
0.2675
0.0882065
0.0667602
0.566743
0.598636
0.599379
0.189604
0.196072
4.12991
0.753601
0.65573
0.678837
0.66209
0.662653
1.05185
1.04249
0.285624
1.59187
2.77257
1.81234
0.341462
2.19468
1.42458
1.64394
1.50328
1.41181
0.336011
0.558901
0.343475
1.34276
0.0991474
0.341263
1.76801
0.548966
1.84412
2.96816
0.699276
0.879543
0.447457
1.06469
0.0635355
0.439856
0.735869
0.958016
2.15869
0.69992
0.0991174
2.46434
1.50339
1.11896
2.16128
0.399679
0.53777
5.5925
0.4057
0.413812
0.621896
2.09737
0.703144
1.59574
0.687542
0.658491
1.87232
0.376122
0.715986
2.83453
0.368247
1.13887
1.12913
1.1195
0.427584
1.05928
0.799436
2.35047
3.01203
0.655917
0.173858
0.240224
2.86126
0.346439
0.295701
0.282818
1.03024
0.23894
0.473558
1.27907
0.877648
0.927419
1.11685
1.87631
2.68588
2.34676
0.896432
2.18423
0.81695
0.708506
0.594663
1.09103
1.5435
1.71827
1.05982
1.67023
0.565416
0.864422
0.513203
0.71504
0.241322
0.666757
0.442368
0.504886
0.285871
1.07314
2.53516
0.768437
0.713396
1.99345
0.688364
0.540022
1.87853
0.148675
0.552336
0.656881
0.723165
0.904131
0.481602
1.59976
0.113668
0.256499
1.08166
1.67179
0.560548
2.40803
0.854039
1.1549
0.931006
0.783167
0.725121
2.29888
0.611644
0.790165
0.670541
1.86695
0.422513
0.714484
1.17747
0.659234
1.16786
0.699044
0.778012
0.598575
1.63879
0.0473983
0.203231
0.346389
1.70788
0.484849
0.649793
0.614954
0.399078
2.2941
0.945721
1.69181
1.80515
0.567055
0.0058202
0.598353
1.56561
1.99826
0.889688
0.35474
2.10368
0.398184
0.67598
