0.316836
2.66614
1.50519
0.809356
3.11985
0.405813
0.62469
0.84943
0.321559
0.132512
0.0235599
1.45957
0.271161
3.44095
1.16456
0.0938299
0.852948
0.194812
0.2015
0.515662
0.16968
0.471511
0.500278
3.15781
0.173747
0.134426
1.60379
2.73986
1.63122
3.91582
0.342961
1.00016
1.2285
0.646283
0.0702841
0.460191
3.33654
0.482643
0.500179
0.852392
0.800039
0.157631
0.385576
0.526124
0.893137
0.906545
0.788459
0.981422
1.69617
0.880128
1.36126
0.251315
0.0253358
2.36765
2.18517
0.248866
1.11618
0.808777
4.75325
0.023606
1.12238
1.09372
0.622198
0.197285
2.22828
0.151877
3.11381
2.18451
0.339348
0.935222
1.13416
0.63801
0.0169464
0.980825
3.309
1.39438
0.219022
0.809877
0.240417
0.465456
0.306158
1.52152
2.39189
0.912786
2.56695
0.790662
0.177189
2.44101
0.038243
0.109992
0.548505
0.29742
0.515132
0.841987
1.05633
0.644126
0.500911
0.343433
0.0879546
0.184355
1.33038
0.136849
0.0202158
1.23321
0.143386
0.117968
2.12933
1.45858
1.95234
2.18857
1.25722
1.52135
0.396243
0.68859
1.026
2.60946
1.61377
0.845861
0.788105
0.200146
0.0235605
0.436938
0.0132675
0.093287
0.380331
0.171603
0.920579
3.96588
1.02056
0.201824
1.17212
0.480154
0.812358
0.312916
0.328864
0.870367
0.117741
0.168917
0.0646966
0.0592365
0.238407
0.415264
0.161755
0.682787
0.284658
1.28855
0.255355
0.17527
0.0702454
2.38289
0.124625
1.29174
2.96457
0.33417
0.46982
0.26237
0.30014
2.80512
0.399268
1.24808
2.55803
1.32472
0.0124117
0.335891
1.21537
1.23821
0.761428
1.16211
0.494959
0.0820093
0.0879638
0.14078
0.138777
0.261852
0.304333
0.815088
1.99147
0.545207
0.238588
0.399692
2.73997
1.10768
0.128016
0.244232
0.797522
1.97123
0.689541
1.83643
1.16431
0.898772
1.13845
0.359443
0.201843
2.54463
0.0358628
0.746076
0.69872
0.159051
0.0807515
0.0700377
0.160706
0.133936
0.245598
0.288941
1.43185
0.875231
0.26845
0.0822572
1.05437
0.437187
0.237876
0.45512
1.06813
1.17564
1.74955
2.47279
0.466399
0.703743
0.759303
1.51093
2.49641
1.89408
0.892818
0.0026355
0.821543
1.68517
0.845479
1.3955
1.25777
0.608954
0.532134
0.0452594
1.74882
5.92452
0.135691
1.88368
0.264744
0.721269
1.13374
0.412366
0.0443319
0.0821426
0.720645
0.301571
1.08833
0.0785455
2.01114
0.652711
1.16565
0.589879
1.04079
2.75818
0.728638
0.145798
0.0694913
1.03695
1.27955
0.277056
1.11898
0.812861
0.00216029
0.462215
0.187631
1.39386
1.13744
1.4808
0.160477
0.713807
4.46352
2.07893
1.8049
0.403146
0.0132767
0.0397921
0.792923
0.767516
0.930116
1.37255
0.0209467
3.43993
2.64542
3.00437
4.15167
0.989575
1.91268
3.56668
2.04112
0.764787
3.26447
0.0942818
0.500218
0.261326
1.52226
1.08171
0.0158632
0.456683
0.438858
0.229971
0.17338
0.773991
1.53236
0.173863
0.00492955
1.48164
2.82199
1.66635
0.196086
0.0395835
0.335221
0.0119651
0.637012
0.0458934
1.05588
0.591351
1.17935
0.0653727
1.49004
0.13871
2.43943
0.343872
0.0785128
0.266659
2.00255
0.420995
0.680333
1.77097
0.685696
0.0294344
0.672006
0.528565
0.0314659
0.0786199
0.393662
1.08621
0.179901
0.751695
1.3682
0.646886
1.80812
0.0557082
0.671111
0.141019
0.716712
0.466812
0.0244359
0.730146
0.04896
2.13161
0.623221
0.791784
0.462012
1.02489
0.00693928
0.109177
1.30573
0.157404
0.292691
0.364225
2.01539
0.621123
0.397714
2.64253
1.10378
1.61321
0.81907
2.29071
1.67614
0.709718
0.353396
0.135529
0.664366
1.34363
1.28557
2.25246
1.28264
0.230468
1.77052
1.5649
1.08335
1.43041
0.534905
0.00112401
0.68853
0.163495
0.313451
2.10434
2.25217
1.51982
2.43524
0.161769
1.99738
0.339911
0.469019
0.194547
1.00747
0.224202
0.93873
0.329512
0.0181294
5.21625
0.104406
0.700227
0.555828
2.09775
1.85518
0.230303
0.928737
0.191158
0.00371862
1.19097
1.48673
0.101644
0.849258
0.773686
0.178642
2.34403
0.148991
0.384018
1.0089
0.403392
0.709895
0.316739
0.595651
0.0328309
0.0572201
0.326522
0.452243
0.522853
0.448375
0.0535509
1.13699
0.544606
0.273826
1.46341
2.72662
3.07026
0.87205
1.12391
1.12188
0.31081
1.15947
0.127572
1.00162
1.38319
0.969043
1.09192
0.0928302
0.136717
0.973631
0.261907
0.0195382
1.12519
0.130239
0.162359
0.699422
1.787
0.538761
0.329335
3.11797
0.927233
1.20591
0.655634
7.05794
0.888606
0.98331
0.525293
1.33012
0.796615
3.76904
0.250094
0.0181941
0.0112376
1.622
2.71545
3.19089
1.98648
0.530964
0.33883
1.6069
1.43346
0.223126
0.813264
1.13637
0.18099
0.137368
0.0630359
0.682838
1.81358
1.79924
1.3833
0.824411
0.00932464
0.495215
0.369447
0.181813
0.423199
0.664315
0.318111
0.379939
0.0581057
1.19941
1.13654
0.373035
1.83689
0.178957
0.52742
0.687597
1.40595
0.801193
0.553373
0.345075
3.5921
0.411331
0.115524
2.45452
0.142725
1.86748
1.69992
0.103515
0.355566
1.42305
1.39129
0.432573
0.545392
0.931913
0.616357
0.286231
1.15495
0.152121
1.34982
0.0733248
1.25537
0.318834
0.536219
0.350461
1.09909
0.0995739
0.725994
1.06049
2.08188
0.133729
1.09305
0.518861
0.956758
1.48756
2.64086
0.140948
0.230431
0.87857
0.0113274
1.50696
0.460996
0.641458
0.244465
0.0716249
0.411272
0.119802
0.00629046
0.356973
0.378047
0.0642325
0.028813
0.334669
3.42141
0.229295
3.03474
1.26214
1.02268
0.871033
0.102186
0.246314
1.80996
0.871418
0.484967
2.36667
1.02373
0.882448
0.327508
0.969944
0.59872
0.101551
1.46637
0.406924
0.86554
2.1356
1.15843
0.192384
1.05043
0.0992619
0.495192
1.11967
1.0633
0.206533
0.96916
3.02677
0.144949
7.33519
0.916958
1.29421
0.116754
2.89586
2.74814
0.191075
0.718379
1.41243
1.30269
0.340715
0.581433
0.0200495
0.321266
1.09861
0.40558
0.540154
0.0117294
0.519122
0.0239277
0.382202
0.574482
0.845275
2.31388
0.993156
2.39469
0.797799
0.338074
0.728941
1.8366
0.562252
0.536224
0.0847332
0.103294
1.34005
1.50064
0.0366799
1.20282
0.894482
0.236717
0.0503303
0.421539
0.324492
0.16396
0.105076
0.149449
5.32541
0.698113
0.118975
0.25056
2.73575
0.270661
0.473189
6.34749
2.43503
0.120232
1.69523
0.595764
1.11986
1.89619
5.0769
0.801312
2.69531
0.219859
0.950834
0.298952
1.41172
0.0433456
3.14459
1.45793
0.9397
2.42752
1.37328
2.0771
0.0472199
2.20132
0.0110959
0.102404
0.817024
0.492812
2.49914
1.2774
0.922743
1.44887
1.49026
0.043691
0.715026
0.213881
0.789989
0.668483
0.362532
0.474463
1.00083
4.46523
1.91033
1.20804
0.240856
0.978167
0.164828
0.805833
0.359915
2.82561
0.698311
0.867577
0.686596
0.235982
0.162188
2.85739
0.293358
2.34141
1.05849
0.995558
1.53049
0.608154
0.230394
0.564749
0.253636
1.09468
1.68422
2.28685
2.58218
0.423635
0.465453
0.0886839
2.9251
1.3036
2.59043
2.70303
0.8441
0.140344
2.40478
2.83747
2.61015
0.0391979
1.7925
0.789441
2.62364
0.684398
0.175421
2.30473
0.852903
5.97115
0.472948
0.374397
0.371404
0.335539
0.0132622
0.357247
0.415344
0.0438008
0.655324
0.486808
0.417836
1.20168
1.91212
0.904945
1.00514
1.54553
0.260933
3.32331
3.04215
1.51033
0.40225
1.42136
0.265819
0.465075
1.17342
3.14115
0.540948
2.28249
0.0228778
1.31321
1.07916
0.348346
0.542762
0.0320495
0.887007
1.53438
0.0756547
0.406972
0.833159
0.647988
0.0333622
0.37824
0.212194
0.435849
0.420411
0.965281
0.783818
1.90523
0.0200699
0.751452
0.984813
0.372762
0.223792
0.933621
4.57752
0.110936
0.0141835
0.355405
0.0148932
0.139977
0.116129
1.6414
0.980208
0.942198
0.207312
1.51333
0.567424
0.800783
0.660625
1.37408
0.129632
1.71326
0.107259
0.770549
0.270847
0.309554
1.97193
0.0740913
2.39462
1.03976
0.503616
2.84015
0.179192
2.28773
0.528703
0.623831
1.08313
0.68531
0.00490152
4.67877
0.692885
1.32922
0.00127271
2.02339
0.28708
1.26962
0.317879
1.041
0.0210904
0.0200631
0.983216
0.0525877
3.99151
0.332187
0.2942
0.421411
0.992489
1.82199
1.83716
1.02026
1.97985
0.566431
1.65728
0.4145
1.05157
1.80791
0.0517578
0.229487
0.320769
0.0231428
0.973489
0.0441309
0.925391
0.130359
3.3549
2.83904
0.00869378
0.0412482
0.282042
0.422408
2.53498
1.54546
0.44003
1.62619
2.01411
0.987426
0.528579
0.342996
0.836121
0.606488
0.435295
1.57722
0.242499
1.00788
0.523584
0.26944
1.57686
0.279594
3.05802
0.381995
1.59725
0.494947
0.180866
1.58369
0.460128
0.458382
0.164354
0.218641
1.99813
3.28797
1.58794
0.800032
0.747128
0.578954
0.172184
0.0420937
0.310499
1.34929
1.82083
0.889549
0.941972
0.339061
0.747961
0.278006
0.734462
0.940251
0.235139
0.519534
2.61453
1.50397
1.21971
1.68123
0.0514825
0.547025
2.85312
1.25062
1.08431
1.46926
0.692428
1.38002
1.81047
1.59887
0.219998
0.0768745
2.16831
2.26765
0.30118
0.543145
0.664469
0.891499
1.36339
0.0758556
1.03191
0.438604
0.206535
1.81928
0.506134
0.770334
0.128541
0.0805943
2.48502
0.424761
0.122203
0.412535
0.142002
1.76906
0.0236483
0.316473
1.78975
0.177019
0.435847
0.52796
0.421846
0.461281
0.129046
1.82375
2.65596
0.292042
1.23049
0.0374336
1.22017
0.832318
0.588886
1.30461
0.659311
1.82728
1.20304
2.49804
0.151329
0.606065
1.5262
0.619814
3.2891
1.80753
0.160063
0.630397
0.476301
2.08795
0.0854245
2.17301
0.743338
4.168
1.55536
0.487046
0.390115
0.265562
1.48496
1.16849
0.104528
0.147782
0.515633
3.33965
0.0813443
0.221748
0.132942
1.61307
0.142209
1.08015
0.0338694
0.10751
0.905684
0.536632
0.300473
0.882178
0.355962
1.87271
0.375888
0.237491
1.81176
2.39074
0.385803
2.78161
0.987614
0.118854
1.06043
2.40557
0.120741
0.755344
0.474609
0.0166293
0.461138
0.844382
0.10415
0.622746
1.85141
0.320755
0.196042
0.626859
1.18281
0.372973
0.0240473
0.751499
0.373157
1.53849
0.819119
0.609037
1.5894
0.560523
0.734521
1.21107
0.308134
1.52426
0.656256
1.9128
0.490459
0.584345
0.378502
1.80118
0.133906
0.641135
4.43648
0.226987
1.12123
0.411062
0.447065
2.31102
0.61444
0.373629
0.154174
0.0802326
2.4831
2.92808
1.94104
0.768707
3.30187
1.10903
4.72613
0.772033
0.603588
1.82181
0.495159
0.0884733
1.0827
0.181192
2.94333
0.293937
1.07375
0.275195
0.128965
0.174822
0.316657
0.628492
1.02114
2.20022
1.30064
2.00474
0.658188
0.447151
1.46523
0.579582
0.240635
3.89934
0.519204
1.31602
1.41213
1.58619
0.0533027
0.645517
0.446756
0.817437
1.61285
0.3376
0.033957
0.914961
0.366065
1.30004
2.56775
0.218359
0.360927
0.274891
0.845887
0.711851
0.19848
1.94327
1.81053
0.0612985
0.281531
0.94109
0.46019
2.99072
0.201808
1.04995
0.42359
2.25716
0.629363
0.598577
2.20653
2.10187
2.08238
0.919166
5.65248
0.986319
0.21236
1.23748
0.330297
1.9749
0.412782
0.231223
1.22654
0.595269
1.37053
0.70472
0.22048
0.796972
0.194504
0.382745
0.46574
2.97872
0.827113
2.92741
0.472397
1.60904
2.16781
0.56698
2.79319
2.10266
0.954271
0.457462
0.648909
0.327106
1.48313
0.308977
0.967635
1.13159
5.16369
0.77685
0.488454
0.404985
1.858
0.45424
0.0444372
2.04116
1.11322
0.0498128
0.177036
0.445933
0.0423754
2.03713
0.675401
1.47617
1.05663
0.852409
0.121835
1.4426
0.0716065
1.59499
0.124306
1.82834
1.24885
0.431267
0.123969
2.12772
1.03468
0.629641
0.0441036
0.261225
1.16073
0.663667
0.196347
5.43374
0.654169
1.74426
0.843238
1.84078
2.04541
0.228719
0.809628
1.35988
0.773143
0.74681
0.477707
0.307702
0.777482
0.546525
0.234956
1.64415
0.205979
1.11766
0.874628
1.03831
1.49441
0.29014
0.381763
1.97886
1.35357
0.0761948
1.22929
0.641268
1.85775
0.38021
1.14589
0.238632
0.947879
1.54566
0.414318
1.47544
0.271773
1.45425
0.532519
0.660154
1.27188
0.869149
8.73753
0.0623007
0.128279
0.0693189
0.0271876
0.100483
0.259828
1.19163
0.0690329
1.53547
0.52816
0.786544
0.283483
0.0525889
1.32008
0.048232
0.0591492
1.10476
0.0281905
1.09485
0.220859
1.5541
3.9907
0.992561
0.574926
1.12268
2.46887
2.09303
0.587883
0.789843
0.00219347
0.735746
0.291442
2.03958
0.455642
1.08704
0.443888
1.51158
0.0305328
0.472931
0.43942
0.915602
2.4431
0.24583
1.15858
1.31071
0.0438045
1.6269
1.38354
2.05142
0.852129
1.75691
1.84834
0.258704
2.21511
0.504586
1.13919
1.7021
0.879258
1.12643
0.629127
0.260789
0.0182597
0.861268
0.659695
0.681556
2.851
0.455079
0.0691581
0.63277
0.888597
1.04698
2.43669
0.105324
0.00976392
2.67504
0.219476
2.0986
0.623971
1.20387
1.19313
3.70145
0.32186
0.849233
0.793471
0.200849
2.50906
0.176544
0.510258
0.573772
2.41282
1.23774
0.806596
0.295249
0.272675
2.3626
0.379017
1.05384
0.242288
0.326583
1.17823
0.525707
0.541428
1.63642
0.0826202
0.409502
0.282512
0.551733
0.695462
1.95424
0.0439435
1.0773
3.03026
0.078938
3.49622
3.32567
0.74556
0.10162
0.16597
0.330597
0.380773
0.742719
0.135547
0.100757
2.2347
1.65667
0.464423
0.512428
1.77372
0.984049
1.07821
2.29562
0.0204862
0.426648
2.49394
1.67548
2.00786
0.42783
0.0278155
0.206465
0.0706009
0.828797
0.271721
2.60472
0.547691
0.168086
0.0187893
0.208547
0.210419
0.0549066
2.99877
0.742969
0.685619
1.165
1.50507
0.586148
0.443301
0.73771
0.757815
0.155405
0.0753496
1.34206
1.09805
0.0783907
0.944075
0.10428
1.45973
0.0120785
0.393323
1.15169
0.364248
0.485719
2.48272
4.45875
0.434855
3.07053
0.549637
0.0871847
1.16857
0.488473
0.77761
1.63955
0.244996
0.0927156
0.497514
0.0821419
0.926482
0.770097
1.54782
0.511947
0.203345
0.658359
2.28713
1.00512
1.37006
0.632458
0.339281
1.63448
0.431065
0.222185
0.725215
0.667688
2.44753
0.0468223
0.978512
0.303059
0.276537
0.557148
0.071112
2.97267
0.567916
0.691511
0.00918489
0.0117418
0.244994
0.693574
3.69225
0.49184
0.857112
1.48158
3.71579
1.21553
1.99742
1.35817
0.17079
0.497707
0.142048
0.748152
0.887208
2.17704
0.209
0.0955041
0.048644
0.169416
0.803671
0.692918
0.800154
0.122268
0.341674
0.540074
0.683455
1.19465
0.0672498
0.123781
1.44534
1.07682
2.28259
0.501041
2.9861
2.51527
0.0806998
0.439403
0.474022
1.41763
1.0991
0.861145
0.233503
0.612142
1.54068
3.27418
0.193141
1.19103
0.535888
0.188947
0.242445
0.847901
0.546548
0.0843686
0.315376
1.62886
1.08959
1.09982
2.54593
0.105492
1.81238
0.409323
0.651774
1.17504
1.3643
0.195827
0.0544343
1.28115
0.275338
0.291971
0.733357
1.29522
0.714252
2.82489
1.49991
0.496675
1.56688
1.34663
0.237294
1.97345
0.298435
2.59671
1.2669
2.29193
0.691386
0.0876075
0.243262
0.628925
1.83812
0.0119821
0.7928
0.0406807
0.533305
0.992212
0.815514
1.72065
0.168176
0.864494
0.587034
1.65036
0.548658
2.38283
0.134768
0.381223
0.1939
1.21263
0.153086
0.578635
0.172773
0.849485
1.16316
0.39331
0.81406
0.589921
3.34186
3.08187
0.645388
3.96149
0.761095
2.74638
0.521635
2.69255
0.335167
0.122465
1.36767
1.25871
1.74907
0.792368
0.414664
0.0761591
0.192367
0.553267
1.79897
1.22191
3.05007
0.578937
0.126637
2.21947
1.08707
2.58993
0.0190248
2.55488
1.28174
0.0879618
0.351154
0.570687
3.28162
0.157815
0.395885
2.25374
0.157719
4.4806
0.136308
0.273402
0.396482
0.839204
1.83183
0.589305
1.14074
0.447965
1.36143
0.223031
1.38997
0.527722
0.388431
0.228099
0.406172
1.63637
0.0528733
0.845879
1.02291
0.616888
0.248036
0.720224
1.68634
0.95895
0.18048
0.872092
1.59311
4.23927
0.784774
0.401741
0.0360594
0.049025
0.355464
2.23029
0.809121
0.752598
0.563654
1.15703
1.19708
0.163323
5.11308
1.40126
1.48874
0.939601
0.337631
0.125995
0.578942
0.643368
0.361636
0.431112
0.724254
3.80593
0.385386
0.428754
0.0620501
0.0107211
0.152476
0.391115
1.17807
0.182485
0.00543071
0.179901
1.2905
0.392352
0.454389
3.03499
1.4846
0.879723
0.791417
0.250931
1.23314
1.60932
0.457664
2.0026
1.1274
0.458438
1.43787
0.0655385
0.278819
0.42655
3.0488
0.747566
0.511877
0.871124
3.97196
0.270728
0.397529
1.53782
0.101594
4.57435
1.08403
0.244915
0.699437
2.2144
3.88818
0.524086
1.66371
1.08207
1.57361
1.09982
3.79408
1.08243
0.397253
4.07785
1.53259
3.21875
0.759542
0.0957881
1.01696
0.0564566
0.224951
0.918677
1.30895
1.96412
3.03571
0.249146
1.42572
1.75821
0.510454
0.52315
0.55537
0.399426
1.35408
1.27024
2.42975
0.135483
1.25832
0.356233
0.398738
1.09146
0.411823
0.295595
1.01943
0.423563
2.98879
0.167119
0.392848
0.92742
3.37689
2.09997
0.027712
1.46181
1.02906
0.0750892
1.19819
3.97885
0.8499
0.199417
0.348959
0.163357
0.0700787
0.703008
1.21227
0.548042
1.67207
0.106958
0.0107296
0.470958
0.130211
2.24553
0.303904
0.439737
1.59328
2.42252
1.82018
0.316927
0.2248
1.31438
0.314922
0.261602
0.147422
0.244791
1.55007
0.809581
2.03428
0.879663
1.21844
0.570557
3.09286
0.508003
2.26525
1.1043
0.21654
1.48535
0.433289
3.5019
0.0029074
0.000444582
3.00717
0.047913
4.54398
2.33493
0.377863
0.450269
1.64594
0.127299
0.565296
0.0223321
1.9563
0.65289
1.08886
1.36471
1.69457
1.45317
0.210833
0.245153
3.46463
0.251907
0.92603
0.43046
3.1403
0.897355
0.759258
1.78673
1.32932
0.867961
0.43568
3.65112
1.16156
0.214352
0.46565
1.32432
0.293325
0.257599
0.777593
0.173255
1.12124
0.619678
2.21339
1.20197
0.251153
0.0866898
0.507495
0.0225874
0.788257
0.208478
1.32181
0.777614
0.410634
0.791225
0.302207
1.3801
1.6973
0.247234
0.237207
0.160534
1.26373
0.302389
3.31682
1.57278
0.0603154
0.103176
0.187867
1.39245
1.39317
1.47071
0.924652
1.69073
0.987335
0.109108
0.295191
2.05081
3.08622
2.50918
1.75663
0.329681
2.15061
0.0690071
0.116326
0.871905
2.41695
1.42823
0.384611
0.663341
1.2089
0.281246
1.45997
1.38422
0.204129
0.122148
0.623287
0.872082
0.352602
1.89708
2.42803
2.63045
0.198023
1.21161
0.372518
2.11068
2.44817
0.920603
5.48479
0.740226
0.474892
0.0211187
2.28873
0.411896
1.34842
2.18964
0.382873
1.27151
0.121784
1.6974
1.38416
1.70019
0.893842
1.35615
0.0428783
0.650343
0.105834
0.0979284
2.63389
0.129469
0.383229
2.834
2.19888
1.07282
0.319747
0.179949
0.549441
0.48698
1.28595
0.0374481
1.446
0.0164984
0.268228
0.279503
1.65783
1.39002
1.57623
0.0994416
2.58593
0.612445
0.721879
0.643271
0.182381
0.950233
0.693273
0.358997
0.616533
0.64221
0.238613
0.202017
0.0198265
0.0201528
0.116246
0.571964
1.83371
0.238016
0.214794
0.549024
1.30939
0.0089431
3.15607
0.616171
0.0540514
0.060144
2.37818
0.96238
0.209283
1.85344
4.86987
0.233695
0.642162
4.68264
0.202916
0.349562
2.57901
0.207452
0.0360748
0.312157
0.0133174
0.315241
2.09877
0.66658
1.64025
0.364903
1.05912
1.39446
0.361189
0.360512
0.126612
0.618781
0.529285
0.412463
1.73328
1.09251
1.35428
1.12775
0.100542
2.32846
1.61336
0.935382
0.162795
0.024712
0.0472749
0.738969
1.5299
0.889798
3.84819
1.47615
0.339753
1.59115
1.00282
0.510644
1.89083
5.89287
0.919553
0.509284
0.567625
0.018736
0.979903
2.42784
0.0616134
0.0307148
1.07311
0.341831
0.320281
0.322686
0.810582
0.224215
3.3275
0.404486
1.47733
0.685012
0.96314
2.08117
3.36145
0.426481
0.428015
0.366304
0.756034
0.964977
0.0643037
1.29197
3.45688
0.703924
0.0243221
0.0711891
1.76633
0.630478
0.75537
5.64019
0.957177
0.464057
2.06063
0.137758
0.865709
1.05833
0.326663
0.175755
0.52314
0.298304
1.35256
0.826758
0.417709
0.0962137
0.0498072
3.35596
1.05931
1.15858
1.54303
2.04827
0.572451
1.34917
0.580788
0.32101
0.815897
3.2337
0.163544
0.869181
2.41247
0.180123
0.358879
0.855267
1.95055
1.22115
0.676958
2.81788
0.466291
1.4611
2.66035
0.176559
1.05164
1.4564
1.53767
1.62603
0.14737
1.09118
0.276794
1.49142
1.0059
0.330205
0.0942594
3.24053
0.500315
0.319077
1.15218
0.821645
0.513773
6.24682
0.691497
1.60843
0.192248
1.38863
1.04085
1.80536
1.05745
0.258158
0.461838
0.236677
1.49025
0.408308
0.492316
0.154952
0.252758
2.95444
0.112346
0.170306
3.53337
0.930577
0.0846859
0.770127
1.16049
1.38092
0.296673
0.268735
2.35371
0.658453
0.633799
2.67801
2.71712
0.422568
0.672874
2.7412
1.58364
0.904908
1.96538
1.16641
0.985541
0.509938
0.138202
0.0745431
1.52016
0.445068
1.08633
0.459073
1.1822
0.409473
0.438658
0.154667
0.175897
1.39478
0.804102
1.5172
0.155164
1.16611
2.54211
0.00719464
0.00645023
0.505072
0.618543
0.13472
0.493231
0.454181
0.336596
0.497049
1.3582
0.0693815
0.0689
0.0799883
3.89331
2.86063
0.552087
0.371174
1.03079
0.254696
0.250801
0.20515
0.225339
1.62945
0.311459
0.557823
0.474593
0.881771
1.89443
2.94968
0.419512
0.804682
1.20012
1.93799
1.49942
0.0777537
0.249327
0.286968
0.848944
1.24874
0.422954
1.24898
1.48674
1.60808
0.285769
1.39896
0.48179
0.238472
0.0163618
0.0847284
0.144154
2.36544
0.60022
0.0466419
0.362457
0.897094
0.851296
1.33226
0.0086263
0.388711
0.835226
0.0815303
0.250945
0.317483
0.272935
0.215175
0.959462
0.70749
0.597227
0.844785
0.0215116
0.675539
2.68874
0.258842
0.56047
0.42581
1.91729
0.981421
0.742814
1.74377
0.0579794
0.0724246
0.0973386
0.367884
2.76997
1.77788
1.2398
0.426328
0.450542
3.61703
0.0531472
2.09129
3.63814
0.838837
0.0698478
1.01699
4.62653
1.46733
0.361909
0.159558
0.847664
0.149557
0.85551
2.48151
0.900391
0.485529
0.0664538
0.242563
4.43248
1.1172
0.368307
0.797421
0.871814
0.0989454
0.270996
1.34804
0.894581
0.712783
2.58806
0.18197
2.50843
0.755136
0.756505
1.26507
0.485251
4.91892
0.522027
0.592698
1.13011
0.132121
1.69542
0.0832586
1.04249
0.254534
0.40508
0.68575
0.896857
1.53426
2.32048
0.335185
0.229173
0.569503
1.18307
0.595867
0.251275
0.170153
0.295007
0.747578
0.937914
0.114422
1.51635
1.05901
0.00457458
1.56523
0.565735
0.920176
0.920265
0.0079466
0.0528445
0.50546
0.664353
4.21583
2.78026
1.69887
0.98902
0.855593
0.0188714
1.24033
0.360038
2.40604
0.110869
0.933482
1.99586
0.0654185
0.210273
0.336952
0.12397
2.78573
0.180612
1.3568
0.307122
0.00443687
2.09258
3.79092
0.960143
1.79105
0.183401
0.20752
0.605658
0.376742
0.34158
1.36737
3.25397
0.952854
0.988153
1.31774
2.85546
0.679222
1.33692
0.226173
0.838439
0.793588
2.09535
0.890303
0.0949673
3.15061
5.1402
0.203067
0.0428462
1.35396
3.02265
0.0946155
0.78665
0.781831
2.4265
2.89869
0.220627
0.39064
0.819116
0.774255
0.543461
1.18486
0.252505
1.29267
0.966237
0.0963657
0.185829
0.131458
0.54794
1.33614
0.145249
0.644835
0.018016
2.38566
0.873793
0.828469
0.373711
3.067
1.53063
0.785125
1.39493
2.08272
0.642087
2.33771
0.948484
3.36653
2.47067
0.077508
0.366426
0.937639
0.427242
0.706374
0.397625
0.131596
0.29986
1.26611
0.304382
0.804278
0.0968644
2.4043
0.820367
0.274421
3.11103
0.105475
0.427839
0.57438
2.24088
1.3111
0.4838
0.103747
0.162571
0.253762
0.751257
0.664984
1.05158
0.336966
0.1198
1.11128
0.478348
1.15007
1.40904
0.00244676
0.254624
4.9531
0.174867
2.89622
1.35986
0.200762
0.0117049
0.453468
1.99408
3.30959
0.114161
1.04348
5.00052
0.559917
0.816418
0.39642
3.15528
0.687012
0.358218
4.26663
1.16115
3.58081
2.80234
1.79595
2.44667
0.48438
0.370273
1.53412
0.341425
3.86088
0.227915
0.31232
0.491868
0.106955
2.56807
0.127554
1.37392
0.419178
0.0500946
0.292458
0.444463
0.0737665
0.00842285
1.14017
0.596203
1.68972
0.165373
1.28047
0.889517
0.20693
0.685776
1.09322
1.2839
0.125983
1.68605
0.0187353
2.76358
1.55505
0.0631097
0.0568762
0.0459462
0.174519
0.240748
0.34932
0.973384
0.183097
0.957738
0.789158
7.14864
1.01617
0.0710053
0.466402
0.10491
0.754095
1.08302
0.372109
1.14083
0.425159
0.360757
0.954321
0.668994
0.151768
1.27634
0.126692
1.22319
0.746209
0.556551
0.152962
1.02629
0.07864
1.00077
0.07447
0.348594
0.745231
1.46476
3.49664
2.27108
1.11387
0.331662
0.590222
3.50117
2.57756
0.582051
0.382412
0.315691
0.469484
0.753232
1.45501
0.433965
0.0799044
3.49736
0.58854
0.643779
0.217362
0.724758
0.379817
0.263012
1.60065
2.16094
2.56965
0.635045
0.638886
0.415391
1.59083
1.06103
0.888667
0.2868
0.283357
0.686613
0.039231
0.156733
1.75831
0.103987
0.570172
0.0920986
0.0913409
0.70697
0.27766
0.0784383
0.430827
4.17439
1.49776
4.25316
0.489397
1.41245
0.791864
0.307246
1.75453
1.29056
1.36895
1.34556
1.41893
2.7532
1.08372
0.0361435
0.547228
0.403768
0.228431
2.06349
0.526555
1.10572
0.376503
1.78288
0.0139095
0.192576
0.697494
0.0677102
4.46271
0.605424
1.98856
0.0424393
0.0822661
2.32024
0.200522
0.105713
0.412872
0.236569
6.14188
1.81404
0.0165385
1.46282
0.114338
1.60788
0.246826
0.595945
1.26836
0.552825
0.790912
1.05332
1.19372
0.90131
0.752601
1.59017
1.3036
1.14658
0.276164
1.99932
0.0359517
1.9829
0.669692
0.110856
0.208274
0.0595447
0.160871
0.85714
1.41548
4.15789
0.9123
1.18879
0.878424
1.68072
1.62009
0.0799303
0.769746
0.171437
0.00577399
0.52427
0.194879
0.250165
1.12019
0.627639
0.00317252
0.622832
0.125827
0.0962867
0.15492
0.15469
0.403777
0.485204
1.40123
0.521303
0.00909436
2.36414
0.161757
0.894378
0.23944
0.463413
3.31112
0.219146
0.28307
0.481314
0.891576
0.356681
4.27705
0.131168
1.79592
0.557613
0.416217
0.854265
0.262717
0.148722
0.0254133
0.660714
1.70234
0.601348
3.97449
1.71983
0.474748
0.287671
0.569497
0.39773
0.200124
1.52351
1.11345
1.02203
0.0540819
0.259549
0.667204
1.16142
0.034529
0.118149
0.239203
0.118131
2.77492
0.391745
0.168641
0.528893
0.595996
0.215478
1.63253
1.25021
0.0718631
1.24956
1.13777
0.649778
1.38241
1.31089
0.296572
0.0431206
0.544271
0.213309
1.78121
1.01507
0.506778
1.08087
3.94162
0.0849977
0.921549
0.352136
1.1039
0.691293
0.298897
1.63485
0.0462226
1.48597
3.47331
1.72801
0.164991
0.506003
0.266058
1.11193
0.980281
0.717752
0.418284
3.60193
0.0307732
0.521963
0.657957
0.536534
1.07338
2.07826
0.73283
3.40659
1.75183
1.28753
0.788598
0.578489
0.612035
0.551261
0.818093
1.70022
1.14396
0.352897
1.49319
2.36596
0.46573
1.24284
0.925109
0.235018
0.124461
0.0638043
0.606492
0.852337
0.515497
1.46273
1.42311
2.63463
0.828273
0.551622
2.98617
1.47718
2.39881
0.340015
0.182551
0.124974
1.17388
1.33695
0.104203
0.0962717
0.247357
0.658643
0.0318258
1.59984
0.272383
0.552692
2.05409
0.519426
0.0626745
0.157871
2.13431
0.765962
0.104605
0.13494
0.0668945
0.219846
0.343014
1.93576
1.74055
2.43431
3.07958
1.57186
0.713468
2.1184
0.467201
0.536635
2.99889
0.815911
1.16336
4.13207
2.17572
1.31366
0.689249
1.10869
0.511188
1.96851
0.253424
1.6737
1.56315
0.553207
0.0704233
0.988765
2.21266
0.257019
0.273859
2.52897
0.260761
1.24562
0.941655
0.615693
1.20488
1.37842
0.668124
1.1809
0.145117
1.42754
2.11711
0.492947
0.354024
0.658663
0.178526
0.679164
2.06895
2.13601
0.120196
1.36608
2.0703
0.225962
2.27951
0.123201
0.0467394
3.04926
4.69944
0.713463
0.0753536
0.54003
0.73804
2.28061
0.122217
1.09401
2.5356
0.88949
0.228357
1.40704
1.58506
2.73097
0.923453
3.25493
1.36344
1.21577
0.111071
0.452115
1.24329
1.31257
1.21469
0.623014
2.14134
0.406066
1.13378
2.28066
2.51528
0.282944
0.282078
0.760232
0.369824
0.587823
2.48319
1.96989
0.102031
1.61213
2.66962
1.18478
0.753849
1.96152
2.83516
0.897482
2.4718
0.824648
1.20613
0.938111
4.25914
0.100881
0.272721
0.0340081
0.517068
0.624845
4.88351
0.666037
3.98145
0.257558
2.11101
0.758912
0.212184
0.361451
0.553266
2.51573
0.391866
2.33273
0.0325037
0.563165
0.191804
0.635776
0.263215
0.604992
0.592369
0.0514729
0.837792
2.74137
1.11757
0.442459
0.570231
2.42974
1.33886
3.10608
2.66324
1.90719
0.0988743
1.48402
0.492962
0.606673
0.284029
0.595092
1.81005
0.187785
0.743615
2.34019
2.13209
1.18038
1.57766
1.27561
0.931931
0.233843
0.667493
0.37173
0.647953
1.39127
1.56242
2.75726
0.204578
4.71833
0.472594
0.289722
0.284324
0.147153
1.92979
0.289814
0.0497347
3.21957
1.57311
0.232786
0.486267
0.666789
0.560571
0.102328
0.347515
1.11367
0.131387
2.41567
0.743219
1.79586
0.301293
1.08924
0.279595
0.167677
0.390303
0.500036
1.89072
2.22974
0.993435
0.499048
2.066
1.87401
1.8417
0.966592
0.279894
0.0357366
1.25501
4.69305
0.294989
0.976802
0.114689
0.104471
2.17839
0.148962
0.48119
3.33365
0.101659
0.386592
2.1925
0.821893
1.30368
0.30177
0.0804872
0.018487
0.210534
0.454806
0.141428
0.248885
0.396227
0.275935
0.329295
1.47368
0.430106
1.06683
1.30147
0.665658
0.553246
1.3345
0.245073
0.212641
0.0466274
1.06365
1.44479
0.016551
0.787466
2.89471
0.231951
2.54835
0.79516
1.69409
0.788188
4.33961
1.18951
0.392336
0.138091
0.23243
2.72183
2.52775
1.19271
0.134173
0.0209764
4.3506
0.0427583
0.800101
1.4451
1.08441
0.226269
0.97468
2.61424
0.108306
3.69368
0.487693
1.10105
2.62267
0.199548
0.462704
1.84159
1.1005
0.411243
0.0896643
0.502186
0.871967
0.887078
0.158094
0.393928
0.316312
0.280926
0.554875
0.224398
0.368549
2.11795
0.403615
1.42903
0.134763
0.47599
0.308459
0.991121
0.0547433
2.51413
0.791389
0.317771
0.773768
1.21469
1.03322
2.64149
3.61488
0.141415
0.184598
2.70812
0.295026
0.838439
1.39749
0.585773
0.539588
0.04716
0.148375
0.900281
1.07161
0.37358
0.360342
0.383809
0.59162
2.7738
1.06169
2.92701
1.05128
0.800776
1.20156
2.08727
1.07496
0.385088
0.540284
0.983913
0.315116
1.61926
0.129772
2.14691
1.09676
0.63162
2.48394
0.295793
0.728128
0.0323725
0.116031
1.69138
0.661246
0.072461
2.60295
0.572371
1.32052
0.0821665
0.878329
3.6741
0.3298
0.520194
1.88711
1.06393
3.02051
1.16118
0.444897
0.0545169
0.646801
0.29569
1.77281
0.062258
0.0810793
0.146057
0.140295
0.512579
4.91281
2.45705
1.10639
2.14822
0.695424
0.131319
1.25931
1.78543
0.993172
0.413458
0.611895
0.154795
1.5154
1.07898
1.86256
0.432419
3.65036
0.807032
0.953191
0.00222658
0.562152
0.359231
0.247558
1.04475
0.0399812
2.68384
0.713769
1.74866
0.68081
0.00773809
1.32855
0.97384
2.37701
2.70222
0.260517
1.0364
0.89151
0.447388
1.43841
0.753568
0.0466489
0.337551
0.199742
0.305576
0.540474
1.30908
0.240024
1.03599
1.13648
0.532248
0.277278
1.45667
0.390425
0.304907
1.34745
0.796909
0.959851
0.179225
2.34477
1.00444
0.615567
0.397018
2.01741
0.346058
0.319621
1.08414
0.683571
0.0045224
0.3627
0.22626
0.104733
1.65903
0.302548
0.162657
3.23316
0.00757266
1.97573
0.538155
0.142346
3.53568
2.29765
0.460939
2.39614
0.314448
1.33261
0.220934
0.173758
1.00914
0.292203
3.40256
1.10804
2.84571
0.588621
3.83179
3.49459
3.96902
2.23603
2.52004
3.13521
1.17027
1.69968
1.61764
0.0411032
0.255879
0.642447
1.80993
0.496709
0.186583
0.163312
2.1786
0.144823
1.03391
0.570398
0.405893
0.980302
0.715281
2.19599
0.434593
0.0602157
0.697113
1.0188
0.601854
0.0671055
0.290542
0.0264704
0.469115
0.176303
0.202555
0.962212
0.331803
0.413721
0.0912596
0.200001
1.23594
2.80877
0.503408
0.244874
0.941525
0.718506
0.803254
0.403074
1.00188
1.03201
1.90914
2.42333
0.645163
1.74794
0.834185
0.847318
2.17429
0.222511
0.381761
1.72115
0.0568818
0.26647
0.533074
2.62346
0.246373
2.5943
0.363138
0.799957
0.262684
0.504463
0.494893
0.306483
0.740605
0.783801
0.0526057
0.447328
0.92162
2.49022
2.23918
0.925823
0.590905
1.60881
1.20349
2.31437
0.757838
0.957996
0.271836
1.6764
0.974015
1.0189
1.67975
1.38222
0.0792894
0.499943
2.69347
0.737808
0.598995
0.383313
0.748448
0.399976
0.45874
1.91339
0.706571
0.504892
0.652551
0.118236
1.27676
0.597396
0.149367
0.304955
0.376898
0.554985
0.0977211
0.369584
1.04862
0.978364
1.14607
1.07584
3.53567
1.42012
0.26958
0.119519
0.526279
1.06282
0.7863
2.47639
0.349086
1.57641
0.504015
1.23554
0.820785
0.694581
1.22008
0.675027
1.283
1.31592
4.81551
0.380986
0.0443835
0.476938
2.20239
0.197927
0.303146
0.87871
1.14766
0.376397
0.404282
0.2715
0.000504922
1.25183
0.0159065
1.41898
2.22829
1.18551
0.625491
0.314459
0.515407
0.374187
0.342625
1.42697
0.110018
0.0363399
0.318464
3.65547
0.0206645
0.498085
0.136232
0.378069
0.146938
2.46082
1.25258
0.517116
1.81259
0.857626
3.42645
0.252025
1.31123
0.340977
1.38651
1.24804
0.633158
1.75096
1.96102
1.1034
0.393344
1.3057
1.11679
2.12035
0.0113878
0.118262
0.428293
0.443718
2.18422
0.882833
0.235605
0.839783
0.341058
0.388126
1.56787
1.98516
0.0832061
0.207513
0.0692991
0.659848
0.067779
0.42123
0.529678
1.76362
2.50714
3.23913
1.93181
0.348888
0.84091
0.176234
2.37951
0.449041
0.457377
0.0385784
0.85853
0.238628
3.60182
1.02603
2.13501
1.55228
0.052781
0.366842
4.57714
1.01661
0.196278
0.305046
1.22882
0.295873
0.603022
0.176873
0.335945
3.34506
0.46645
0.620663
1.5661
0.206597
0.79581
0.285878
0.728169
0.796111
0.574399
0.672833
0.558643
0.597804
2.51557
0.507803
0.256439
0.175326
0.32385
1.22155
1.0092
0.383733
1.73078
0.99177
0.88037
1.56868
0.96369
0.108066
0.662065
1.35617
1.1145
0.919869
0.286526
0.920496
1.19665
0.692218
0.702248
0.34135
1.18382
0.262302
2.03944
5.82131
0.90974
0.383274
1.39022
0.243252
0.461472
0.351002
3.40466
0.427036
1.44907
0.170736
0.0473056
0.809631
0.638628
1.72452
0.67141
1.16992
0.583183
0.617959
1.62252
1.88444
0.227228
1.46135
0.0125904
2.36449
0.466176
0.716987
1.00664
0.233671
0.0427284
0.143052
0.0421076
0.405573
0.298989
1.11894
1.29493
1.41892
0.608768
3.0405
0.439428
0.732106
2.50858
0.473428
0.936574
0.182023
0.99512
2.02678
1.42098
2.70653
0.0957895
1.12025
0.983834
0.0040216
1.48447
3.29118
2.46921
1.82522
0.213991
0.420586
2.90806
2.65521
0.573641
0.420261
0.310559
0.262864
0.202439
0.751899
0.57768
0.423013
0.85152
0.972933
0.243858
1.51128
3.24325
1.03544
0.283134
0.0781077
1.62862
2.00104
2.94045
0.0378515
0.512013
2.52067
0.187718
2.12074
0.744058
1.80568
0.396447
1.80727
0.367977
0.390139
0.486462
0.158137
0.120655
0.586002
0.488698
1.32026
0.13867
2.14967
0.203182
3.97704
0.749356
0.184414
1.74061
1.07377
0.337576
0.526913
1.20633
0.111826
0.0846981
2.8715
2.47665
0.66973
0.588049
0.68805
1.00584
0.564873
0.124619
0.636385
0.0249797
0.185529
2.71927
0.446048
0.101542
0.0139424
0.998843
0.319307
1.28065
0.258509
1.96186
0.673488
1.19293
0.203657
1.32321
2.38868
0.255486
0.0164889
0.230851
0.616445
2.43158
0.101232
0.0386748
1.26501
0.753104
2.2084
0.613852
0.291069
1.13182
1.06847
1.48446
0.280753
0.22336
1.0359
2.15954
0.574201
2.73628
2.01848
0.689796
0.0106127
0.415479
0.0140904
1.27482
0.257748
1.02839
3.55486
1.97611
1.31842
1.15632
1.53829
0.0143921
5.06512
0.549379
0.633413
1.80196
0.291806
0.263664
0.216602
1.77626
0.162709
1.11397
0.0654115
0.316631
0.612659
0.111367
1.01205
2.55586
0.700392
0.685523
2.27097
0.677594
0.325391
1.18776
0.593678
1.59134
0.132477
0.451274
0.0608194
2.5528
0.691608
0.322382
0.785836
0.471582
0.872015
1.51345
0.307363
0.720632
0.818395
0.71587
0.0184343
0.175459
6.32024
1.19432
1.89952
2.12992
1.34817
0.394719
0.604814
2.68882
1.45693
1.04431
1.54811
1.13881
0.317803
1.07447
1.13246
0.98764
0.0323625
2.1431
0.316886
1.63564
1.20734
0.889414
2.69852
0.0349811
0.0367613
2.98435
1.00301
0.662273
0.929781
0.274998
0.0450972
0.500492
0.382763
0.359678
1.58689
0.283378
0.259454
1.17302
0.0506532
2.43917
0.47914
0.855289
0.380204
0.137098
2.51492
2.62215
3.38749
0.699875
2.87883
0.185174
0.177214
0.297141
0.518489
0.891981
2.28528
1.82308
0.187276
1.334
1.56554
0.239318
1.99132
2.34834
0.716294
0.0195489
0.452325
0.0202942
1.94433
0.241001
0.733039
1.66174
0.0609966
1.56579
0.760004
0.393968
2.45077
0.373893
0.0489892
1.70206
0.903613
0.390604
3.32173
1.06415
1.86273
0.366634
0.625175
0.907738
1.52013
0.0956778
0.62649
0.241335
0.570084
0.104949
0.458961
1.23788
1.5597
0.423728
0.343233
1.03152
0.664543
0.926193
0.50263
0.292465
0.19834
0.0556273
2.66335
2.0578
0.202852
0.244704
0.896653
0.580449
0.443121
0.0299781
2.57475
0.0164666
0.0349024
0.147402
0.0119328
0.502398
0.268084
0.245902
0.981785
0.174944
0.959857
0.811678
0.363206
0.861031
0.0402369
1.82878
0.634396
0.296019
1.04118
2.6536
0.386491
0.435361
2.13987
0.227097
1.16428
1.12298
0.485885
0.148986
1.67928
0.300297
1.02245
0.93822
1.04507
0.233192
0.359953
0.50856
0.237667
0.670579
4.02414
1.40699
0.0403111
0.695231
0.0899205
0.320721
0.127004
0.0152363
3.16475
0.779111
3.09475
0.0235346
0.811799
0.0629694
1.26462
1.03187
0.616732
0.0279364
0.932467
1.40281
2.07626
0.190882
0.794869
0.0340717
0.0853321
1.09375
2.03418
1.41816
0.775943
3.61447
0.355933
0.650998
0.52041
1.07603
0.149345
1.44002
0.0843967
1.18968
0.165957
2.10944
0.946059
0.789292
0.0978931
1.34253
0.128382
1.79171
0.00977384
2.75216
0.537607
1.20006
1.94403
0.320107
0.716581
0.531991
0.650026
0.150884
1.75923
0.828685
1.54918
0.383291
1.00102
0.196433
2.19398
0.859595
3.84827
2.74368
1.05243
0.764236
0.8983
1.10805
1.59795
0.010084
0.440052
0.81359
0.341549
0.1413
0.102777
0.918698
0.581853
0.0216915
0.198782
1.15584
0.0613688
0.990763
0.0209168
1.71574
0.548861
0.331565
0.454679
0.153426
0.334935
0.646906
0.426766
0.546254
0.797563
0.291472
0.748466
0.891303
1.40744
2.67144
0.0873157
0.375374
0.19568
1.43312
1.8155
0.711572
2.44218
2.64661
3.22231
1.33643
1.10801
0.00838276
0.187474
0.666372
1.43724
0.0414764
0.383552
1.70036
1.07204
0.864124
2.90325
6.03513
1.51771
1.71419
0.560527
0.34622
1.09632
0.0135799
0.399588
2.25982
0.144656
0.0754913
1.10277
0.061753
0.435457
0.513591
0.0880382
0.306338
0.444668
1.13057
0.641508
0.0822324
0.142875
0.348955
0.203749
0.209287
0.382895
1.09066
1.60899
0.810337
0.296433
0.0365894
0.891504
0.410763
1.36041
0.306357
2.38753
0.120494
0.823048
0.376874
0.0556471
4.27945
2.61818
0.837458
1.40549
2.42126
0.0479725
0.519019
1.15236
0.464432
0.291857
0.386533
4.18516
0.380733
0.207891
0.186379
0.133207
1.83764
0.173047
0.220035
0.879446
2.16646
0.602009
0.518343
1.16626
0.51581
1.85099
1.00157
0.96692
2.51435
2.29575
0.925029
0.754551
1.44619
0.854324
10.7037
0.161891
2.08972
2.26725
0.974515
0.0450112
2.37261
1.65115
0.77514
0.547663
0.400254
0.0221804
0.0545798
0.0715066
1.04556
0.63568
0.0042331
1.30143
0.025508
0.0268831
0.538283
0.192821
0.633351
1.4147
0.695345
2.71199
2.241
0.449043
0.69808
0.43622
0.144619
0.846118
0.569407
0.96433
0.945261
0.25776
0.4128
1.34496
0.467091
0.396227
1.8533
0.00297853
0.630832
0.419407
0.44586
1.10091
4.81914
0.306227
1.34522
0.487206
2.5096
1.27283
0.520765
0.352758
0.517112
0.977892
0.346333
1.18612
0.285802
0.898665
0.120315
0.407466
0.803709
0.115519
2.48756
2.46229
0.291966
0.43187
0.228574
2.9562
1.1338
1.93544
0.552599
1.07734
1.49465
1.79804
0.00525141
2.12141
0.302812
1.87104
0.666929
2.97177
0.346493
1.09921
0.37817
3.33799
1.63604
0.155027
1.01202
0.469279
0.78975
0.549595
0.623229
1.48827
2.27235
0.979881
5.14486
0.302172
0.592898
0.486629
0.0653757
3.47775
0.1966
4.03917
1.46111
0.182127
0.180829
0.499955
0.774714
0.0510842
0.720682
1.16855
0.511852
0.141587
0.525349
1.91641
0.0808972
1.1681
1.23101
0.397111
3.95847
0.57048
0.630871
0.449562
0.0862928
0.868813
1.08798
0.273884
0.265358
0.35378
0.849568
0.918852
1.04978
1.77245
1.5878
1.55263
0.0195194
4.31385
0.761258
0.143584
2.43827
0.371232
2.99195
1.19578
1.9573
0.0269455
0.709461
0.906876
0.497169
0.114501
1.95155
2.2805
0.627032
2.29798
0.0304306
0.462123
1.23498
0.249316
0.640555
0.109646
1.39436
0.678772
0.174158
0.338858
0.195876
3.79462
0.225744
2.88196
0.117415
1.73668
1.71292
0.183102
2.11183
0.400836
0.238322
2.06794
0.128503
0.120087
3.12408
0.0539318
2.03529
0.0989552
0.818146
0.403035
0.0539466
0.151755
0.276899
2.26957
0.144286
0.708894
2.39358
1.0089
1.42209
0.00542614
0.70932
0.156662
1.64842
0.0566851
0.080611
3.11279
1.03593
2.19612
0.0202633
0.17161
0.0267172
0.502828
0.695512
0.481486
0.681902
0.268918
0.0807528
1.35781
0.850972
0.597904
0.0923893
0.819357
2.42123
2.06643
0.237802
0.220204
0.193462
0.254548
1.09357
1.07463
0.101389
0.0195742
0.678395
0.223317
6.60224
1.45782
0.571122
0.81872
0.769938
2.0709
0.143916
1.04113
0.587402
1.72667
0.723167
0.0133874
0.0119065
0.769637
1.17378
0.111066
2.70556
0.211633
1.15583
0.364492
0.0687492
0.448432
1.19124
2.56893
1.5384
0.874631
0.0226794
0.582034
1.59337
0.758621
0.847646
0.278752
1.35976
1.76322
0.019289
0.305394
0.531585
1.02491
0.0671207
0.169673
0.0220902
1.24713
0.22992
0.044307
0.944116
0.43483
0.407416
0.0722262
0.05033
0.529471
0.112468
0.0860204
0.357443
1.80533
0.101593
3.95449
0.339729
0.730128
1.02384
0.99407
1.02722
0.926762
4.28703
1.56406
1.15237
6.97294
1.47567
0.0415338
1.45096
0.965349
0.621023
0.0605637
0.477899
0.0419291
0.444828
0.682041
1.74966
0.0730379
0.213384
1.0703
0.465617
1.34298
1.40196
1.77268
0.377575
0.129646
2.29626
1.10618
1.4137
1.72052
1.11694
0.0875032
1.32396
0.0787334
0.170609
0.84348
0.120809
0.230878
0.460906
0.183691
2.07813
2.43137
0.717688
0.259852
0.570865
0.0815201
5.14563
1.57292
4.30276
2.91837
1.23517
0.917269
1.48187
0.469401
0.466715
0.229461
0.158849
0.652064
0.82595
0.093024
0.727433
0.110591
0.220393
0.933246
0.0736354
1.32966
0.320071
0.749586
1.95072
1.39204
1.79276
0.238857
0.642455
0.12715
1.10086
0.617627
0.907723
0.165068
0.869108
1.73812
2.54595
2.13815
2.38939
4.6373
4.47262
1.25968
0.385385
0.728889
1.90149
1.05453
1.86836
1.73624
1.5379
0.935445
3.76475
0.86314
0.143008
3.14018
0.0886201
0.449839
0.0409401
0.926703
0.230804
0.187333
0.203491
2.01219
0.401235
1.09068
0.909605
1.36006
0.0828802
0.495572
0.193276
0.184468
0.507216
2.88396
0.611156
0.846193
0.511089
0.382301
0.557854
0.137371
0.891348
2.27992
0.58236
1.7865
0.74765
0.657984
0.644463
1.57182
2.08488
0.867589
1.31432
1.51613
0.355412
1.39524
1.20876
0.046371
0.646156
1.77454
3.11762
2.49254
1.62241
0.0646608
1.30624
0.200563
0.079626
0.353249
0.75723
3.03742
0.325267
0.992573
0.0207101
0.955161
2.76385
0.00288438
2.69459
0.0215041
0.722464
0.40751
0.393875
0.755655
1.04566
0.0753264
0.654278
1.65274
0.72
1.67449
1.36118
1.46399
0.249168
1.4938
0.0745547
0.0966289
0.097115
0.5624
0.258295
0.048528
0.76241
0.387213
0.0770447
0.620179
0.603275
1.78918
0.451969
1.26762
6.1604
0.00329606
0.369847
0.62757
0.642994
0.0102647
0.219517
1.24088
0.680862
0.248555
1.29929
0.327818
1.29836
2.75405
1.40241
0.0323632
0.413275
1.05714
3.1153
0.153584
1.73493
1.40427
1.27183
0.303541
0.154329
0.612577
0.585988
0.304206
1.67652
0.21836
0.674025
1.8215
3.37275
1.24011
0.505157
1.06685
1.84156
0.626415
0.695712
0.92725
0.172174
0.727802
0.107643
0.663413
0.295938
0.182187
0.451157
0.0917519
1.27936
0.275671
0.887602
1.82593
1.27994
0.0158495
2.3193
0.322658
1.93428
0.0921942
1.90709
0.985715
1.3875
0.0556038
1.20078
0.319178
1.1188
2.7187
0.101342
0.300028
0.369442
1.98636
0.18998
0.16241
1.648
1.27771
0.922208
0.149838
2.14865
2.15285
0.93814
0.758829
1.54055
0.00718616
2.48392
0.979692
0.70733
0.447017
2.04472
0.0394048
1.14812
0.374647
0.119503
0.0882006
1.91924
1.01218
1.49901
0.76989
0.908783
1.62449
1.72795
2.86121
0.700058
0.894359
0.359921
0.438834
4.25268
0.748596
1.06974
0.209097
3.17586
1.79222
2.43942
0.103992
1.71603
2.80917
0.652199
1.29335
1.91616
2.93684
0.485884
0.700135
2.11653
1.44313
1.4779
0.156535
0.18164
0.787217
0.654014
2.15192
0.363637
0.452474
0.0712952
0.0267318
4.03196
0.205692
1.48541
0.171007
1.46133
1.4279
0.0730993
1.22681
0.838841
0.357609
1.7012
0.18545
0.336704
0.171305
1.09846
0.915446
0.18569
0.209801
1.00155
0.0979443
1.71268
0.577581
0.958415
0.946861
0.0194916
2.0914
0.321926
0.0480317
0.432428
0.598275
0.118373
3.61246
0.797704
0.159292
2.4488
1.36079
0.116894
0.104217
1.91125
2.07377
1.50039
0.571367
0.649706
4.43239
0.0573903
0.343688
0.952647
1.26857
0.229823
0.509999
0.710335
0.137016
0.838443
0.807944
0.845168
0.658461
0.563219
6.34162
0.407097
0.206955
0.954477
1.74542
1.8464
1.25764
2.24617
1.0685
0.158008
0.408473
0.49978
0.37987
2.60062
0.0475119
2.80776
1.28583
2.43412
0.899678
0.922177
1.01492
1.29832
1.16867
0.633491
1.76527
0.505873
0.239038
0.157912
0.557288
3.57561
0.561613
0.0791709
3.44682
1.56395
0.0525662
0.0897274
0.91658
1.32468
1.71275
0.790374
0.212252
1.06531
0.562876
0.177419
0.0463798
1.28829
2.35638
0.0834525
0.940787
0.0124896
0.608732
0.138895
0.0950351
1.81787
1.22675
0.641062
0.112849
0.625657
0.881434
0.68865
0.474702
0.265486
2.08757
1.7813
0.930111
0.288747
0.421944
0.0971074
2.55369
2.86091
0.655445
0.169549
0.0397533
0.0581583
0.709082
0.065198
0.0743961
1.0953
1.19887
0.421869
0.307279
0.368839
1.77936
1.05289
1.83667
6.1333
0.427588
1.58651
0.0816538
0.619116
0.562468
0.154623
1.06762
2.14781
1.04329
2.15704
0.234874
0.833611
0.369784
3.86903
2.8231
0.771669
0.446304
0.0950177
1.23388
0.0774287
0.214913
3.50701
0.155951
0.717923
0.82971
0.737666
0.70115
0.68188
1.71588
0.0119948
1.90338
2.32216
1.19506
3.29294
0.0422623
0.0251699
0.154231
0.763776
0.496927
5.16643
0.246287
0.536605
2.59804
1.95162
0.733655
0.254981
0.043128
2.02425
0.292116
0.436906
0.277168
0.262156
2.16594
0.376679
0.376433
0.95066
2.80631
1.01773
1.92925
1.23614
0.15363
1.95152
0.112714
2.87327
1.66492
0.169483
0.477633
0.689477
0.838109
0.106301
0.837094
4.56402
0.769577
1.9055
1.43724
1.65849
2.15859
0.0113564
0.450581
0.0612403
0.911474
1.73862
0.546112
0.768966
1.84736
0.920752
1.56571
0.0307104
0.0628311
0.964676
1.46642
0.865176
0.967211
0.795517
1.0125
2.34983
0.722821
1.31431
0.909639
0.291427
0.206213
5.75193
0.0154927
1.8022
0.583424
1.16407
0.293249
0.228295
1.9623
0.263009
0.845051
1.03994
1.68767
1.67936
2.08165
0.218761
1.31343
0.143438
0.404645
0.782286
0.781436
0.0184934
4.48168
0.0114298
0.464348
0.0163568
0.371034
0.326104
0.777613
0.836793
1.38268
0.732185
0.321136
0.769935
0.579708
0.950622
1.0876
2.13751
1.48548
1.30663
2.07509
2.94713
2.57387
0.408372
0.666563
2.93598
0.0938021
0.381715
1.00976
2.44846
0.159027
0.778389
0.0466944
1.75469
0.056051
1.4023
1.2682
0.843057
0.517623
0.252604
5.68879
0.255775
0.316177
1.29245
0.014945
0.403481
0.612882
0.656625
0.519321
1.69384
0.678752
0.0368885
3.46289
0.347281
0.921232
2.30024
0.462385
0.449969
0.364633
0.983335
0.749739
1.41463
0.391968
1.60119
0.0353574
0.420387
3.45598
1.22652
1.6195
1.03278
2.95616
0.164763
0.191854
2.82933
0.23403
0.422024
0.848355
0.125685
1.1058
0.00888015
0.738756
1.77757
4.82997
0.0586026
1.01523
1.71609
0.370647
0.237653
0.286618
0.261833
0.39413
0.216973
0.218494
0.897919
1.56677
0.137038
0.955133
0.124182
0.000882324
4.96234
2.39148
0.684263
1.82159
3.01671
1.17852
0.546874
1.85428
0.284217
0.139297
0.330701
1.35994
2.32314
0.322005
0.399953
0.729501
0.865751
2.22062
0.342084
0.167959
0.513284
0.961738
0.902554
0.240761
0.19404
1.02697
3.2181
1.55314
2.54424
0.617546
3.31328
1.04337
1.55625
0.713573
1.8421
1.30285
1.8024
3.60144
0.645948
1.26695
0.838205
2.20743
0.0824213
0.772124
0.115135
1.12561
0.602187
2.19665
0.083402
0.740511
2.4261
1.60197
0.168216
0.227196
0.758722
2.25395
0.780575
2.62299
1.21205
2.04375
0.844726
1.74208
0.0511025
1.33075
2.41448
0.0130661
0.58992
1.17532
1.78725
0.0606186
0.61699
0.063178
0.0710793
0.0277937
0.805707
0.26596
0.36607
0.536473
0.386622
0.0514117
1.69053
0.888759
0.0272571
2.13733
0.149382
0.391016
1.00422
1.05662
1.78741
0.678505
1.93092
0.56356
1.47554
1.01933
0.0477159
1.12726
0.171281
0.24563
1.04625
1.06937
2.3547
1.44411
0.783643
0.934432
0.0240355
0.946419
0.154353
0.68338
1.48618
0.483043
1.91176
0.32357
0.186984
0.103633
0.269131
1.28279
0.827548
0.0848994
1.64723
0.743551
2.47304
2.64425
1.30194
1.38322
1.25041
1.1945
0.438756
2.01548
0.53804
0.675111
1.86379
0.96787
1.20122
0.17325
1.56735
1.70839
0.918151
0.668124
4.63924
1.06907
1.03119
1.45523
0.158004
0.0237443
0.306669
2.49174
3.59107
0.337613
2.05999
0.499171
0.506333
0.916205
1.38087
0.242051
0.205465
0.827419
0.161164
2.57639
0.51443
0.278302
0.734334
1.03995
2.32974
0.983049
2.6758
0.50147
0.080661
0.703953
1.40923
0.120045
2.83104
2.64562
0.776142
1.34557
0.577518
0.557916
1.68331
2.10783
0.738302
0.566747
0.855575
1.92635
0.9852
0.235498
0.164901
0.533049
0.128429
0.175186
0.422294
1.3176
0.00530966
3.73738
2.02638
0.776106
0.758682
0.742989
0.518337
1.95652
1.64353
1.83222
1.00555
0.455759
0.276931
0.996923
0.911494
1.33105
0.990889
0.605605
0.300735
0.113269
0.667675
0.565551
0.220784
0.584213
0.446126
0.0202121
0.890323
1.75638
0.130246
0.00189367
2.5186
0.623226
1.65721
0.388362
1.60793
0.463313
0.903369
0.696793
1.07949
1.11907
0.623694
1.49388
0.654929
0.361444
2.69468
0.587031
2.01249
0.369374
0.468548
1.18595
0.150758
0.807236
1.18998
1.42251
0.482052
0.054241
0.204762
0.0212338
3.11969
0.970247
0.419106
1.94347
0.827814
2.49268
1.57191
0.954306
1.3055
1.20227
0.454197
0.484624
0.301228
0.740772
4.01532
1.95945
0.0562359
2.17745
2.69456
1.17284
0.0953492
0.862052
1.41827
1.66282
1.31877
1.35221
0.814948
0.170299
0.111645
2.06006
1.69758
0.53858
0.466665
2.27345
0.81014
0.638676
1.01106
3.26715
1.84759
0.53536
0.0371776
0.18826
1.30379
1.24889
1.21208
1.72702
2.63549
0.587742
0.814009
1.09958
1.73987
1.00855
2.15646
0.298888
0.745141
0.989236
2.97285
1.27138
1.98225
3.71325
0.0403472
0.891625
1.70902
0.527443
4.99158
0.271564
0.531006
1.42151
1.06717
0.269904
0.517997
1.59272
1.26726
3.11224
0.403508
0.911442
3.53982
0.243267
0.722701
0.36136
0.0623233
0.562665
0.403344
1.66324
0.322248
0.330128
2.21548
2.1244
0.667785
0.266458
0.0280764
1.54198
0.0416222
0.579379
1.04463
2.21133
1.6677
1.22605
2.2265
0.701311
1.08716
2.74495
0.219396
1.58561
1.5777
2.20652
1.12858
0.412896
1.26061
0.544935
0.552219
1.00738
0.600835
1.63222
0.677839
0.453044
1.03306
5.18176
2.47133
0.908885
0.279454
0.108796
1.55343
0.305332
1.48482
0.0875542
0.0180392
0.0164751
0.660191
0.37042
2.97348
0.933971
0.6349
1.14177
0.00104687
4.81718
0.632182
0.419569
0.16883
1.72205
0.0738098
0.501487
0.620442
0.642078
2.10804
1.75426
0.745954
0.566805
0.0369069
3.06786
0.605899
0.154329
4.01853
1.65186
0.405279
0.424877
0.625738
0.398775
0.872218
1.19489
0.166607
2.51761
0.432147
1.80942
1.59399
0.648069
0.726552
0.293521
0.0625245
1.51546
0.0390608
1.1818
0.100469
1.91338
0.0236141
0.686972
1.22564
0.641004
0.509063
0.764754
1.99444
0.35166
1.12396
2.37256
0.29929
0.34735
2.16912
1.11162
1.58627
1.1365
2.80213
3.6898
0.34226
1.07519
1.26748
0.119469
0.334376
1.41538
0.343534
0.974039
1.1331
0.0498473
0.511898
0.361114
1.95989
0.114402
0.481349
0.258381
4.01774
0.158513
0.0882667
4.69368
4.33391
1.22142
0.157022
1.00888
0.938219
3.73176
1.31646
0.322752
2.48791
1.29186
3.17764
0.360486
0.747187
1.37045
1.40885
0.377523
0.498567
0.715114
1.26472
0.420641
1.07436
0.453059
6.01273
0.544859
0.165466
0.297459
1.62216
1.02156
0.5188
0.137539
0.724005
0.456487
0.195413
3.04429
0.678322
0.542899
4.38119
3.48567
1.1772
0.869253
0.942942
0.461569
0.548009
1.28016
0.720381
1.61231
1.13022
0.932839
0.202923
0.691688
0.111846
0.0567006
1.45155
0.0174505
0.0876742
1.29064
1.79283
1.19015
0.632028
0.173706
1.64266
4.61616
0.266686
2.75108
3.45118
0.0354917
0.999666
0.390301
0.636919
0.724078
0.0378974
1.02185
0.847209
2.18135
4.93411
2.80778
1.49946
0.942126
1.77777
0.346158
4.13751
0.81302
1.70206
0.125847
0.154718
1.53318
0.197835
0.0770568
1.63725
3.62114
0.266169
0.0662467
0.149306
3.34063
1.34514
0.190205
2.13996
2.23184
0.835722
1.10978
0.24074
0.988671
1.92319
1.10542
1.76817
1.72177
0.691414
0.358708
0.874369
0.444252
0.727095
0.211675
2.69141
3.75046
0.652453
0.101135
0.0266109
0.0538763
1.50993
0.772633
0.990317
4.05405
0.21405
0.332202
3.41824
0.329114
0.745585
0.304374
0.0476647
1.25135
1.40871
3.47876
1.09332
2.97627
1.89835
1.84929
0.358776
1.26509
0.777122
1.09408
1.67935
0.377919
6.0683
0.761742
0.524474
4.27866
0.300404
0.484459
0.237002
1.0672
0.00844203
0.238895
1.44252
0.666135
0.0745974
0.895992
0.645518
0.608396
1.70325
1.0098
0.207807
1.74683
0.0574539
0.677629
0.0413983
1.67682
0.942092
0.461891
0.649142
1.18061
0.532886
0.188846
1.87844
3.98905
1.23857
0.491497
0.424097
0.362421
0.249258
4.22552
0.332513
0.546764
0.25503
1.62163
0.59715
3.78798
0.581359
0.237773
3.70729
0.806286
0.00494564
0.75859
0.0110721
0.187706
0.262501
0.69841
0.0584742
0.742716
0.345708
1.82757
0.27214
1.81983
0.443884
2.48352
0.595733
1.22914
1.09936
0.934904
0.558149
1.53845
1.3407
0.577272
0.919457
0.55129
0.832407
3.98702
0.239051
2.09827
1.363
1.60746
2.59092
0.506442
1.44398
0.863554
3.28098
0.465395
0.0322746
0.138095
2.50035
1.85748
1.48384
1.82487
1.6431
0.615999
0.137068
0.721876
1.10053
1.41846
0.0576274
0.347763
0.179878
0.165466
4.88895
2.20798
0.0437122
3.15692
0.568729
0.739837
0.00892463
0.0722315
0.166024
1.85166
0.608117
1.383
2.14833
0.509911
0.465803
0.474634
1.88349
2.19222
0.829534
1.16987
0.271134
1.89702
1.78125
0.171874
2.05317
0.8403
1.34862
1.88049
0.0361508
1.58878
1.92852
1.67273
0.750758
0.381702
0.697423
0.23876
2.87968
0.228921
9.50358
1.46637
0.27179
0.597399
0.52003
0.591781
1.50885
0.279937
4.10566
1.20371
2.63608
1.95195
0.19144
0.0447451
0.237916
0.53475
0.9285
1.3307
0.422125
0.0364342
0.00805847
0.143434
1.28391
0.253172
0.558361
1.41846
2.17412
2.29685
0.163631
1.09533
0.352125
0.67006
3.23722
1.30035
0.618889
0.77127
1.98042
0.69808
1.22649
1.02221
1.97093
0.264537
0.189804
0.684652
2.69288
0.0777019
0.0458957
0.850646
0.528554
2.99387
0.569982
0.671625
1.78969
1.11173
0.479326
0.670755
0.189534
0.816617
0.366406
0.769488
0.605487
0.200184
0.117444
3.53261
0.386666
1.48853
0.67417
0.547888
0.237212
0.17914
1.11102
0.0729833
1.15115
1.07587
0.681325
0.114535
0.0452751
0.631137
1.79079
0.870805
0.00744109
0.0991031
0.0117382
0.32808
0.754268
0.395871
1.58865
2.01729
0.42315
0.564273
0.690731
0.73083
2.89338
1.73599
1.1827
0.940405
1.81623
1.1855
0.400274
1.61757
1.18889
2.72328
0.0261508
1.11684
0.550588
0.588736
1.38305
3.44581
0.0181213
3.45214
1.56512
2.2645
0.279852
0.545259
0.100155
0.909969
0.357208
0.171292
1.935
0.0900846
1.08071
0.521088
0.661296
0.413993
1.40591
0.475768
0.301718
1.27928
2.33403
0.582287
0.32335
0.155907
0.651704
0.807045
1.49397
3.31521
0.510353
0.537826
0.278021
0.0828488
0.221823
0.14284
0.0685359
0.570876
1.64562
0.498646
0.420235
0.56198
0.198253
0.280707
0.384324
2.73829
1.10837
0.839858
0.709361
1.08589
2.38025
0.885946
0.103344
1.41262
0.662355
1.15953
1.17616
0.63263
0.248851
2.86257
0.835331
0.88038
1.28535
2.55458
1.60399
0.895862
0.830873
0.351803
0.00215788
0.118102
0.107105
1.52297
1.96787
0.54356
4.34929
5.3613
1.52772
0.508944
0.0156901
0.497602
0.0255043
0.57224
0.450496
0.0979478
1.11923
1.83476
1.18418
1.21482
0.908963
0.747624
0.167937
0.111573
0.471553
0.0786366
0.128025
0.889192
0.518937
1.97898
1.48941
1.36595
1.85296
1.02675
0.307739
0.897666
0.398449
0.963293
0.336082
2.29099
1.85203
0.376024
0.851914
0.17348
1.38493
0.163076
1.73737
0.0985109
1.16235
0.101665
5.57782
0.89063
0.0924414
0.480803
1.143
5.15179
2.28552
1.08417
0.147668
1.05706
0.551264
0.180284
0.658888
0.107597
2.18275
0.985003
0.375671
1.75044
0.609928
0.155835
0.4311
1.38007
0.600376
0.794737
0.645351
0.622284
1.51444
0.290968
0.359079
1.23829
0.076995
1.33991
0.0454395
1.73587
0.842939
0.493782
0.617389
0.407689
0.973263
0.0813276
1.32347
2.14121
0.475981
0.0556729
2.32069
2.6177
0.0860575
2.34381
0.545448
0.0867127
1.38167
1.31483
0.155749
0.387944
0.631435
1.23624
0.0167258
1.60456
1.57487
1.20521
0.568849
0.0652441
2.93836
2.69963
0.164717
0.171433
1.65597
0.852123
0.0197287
0.533703
0.933086
0.520964
0.291542
0.0943554
0.365898
0.457914
0.995902
0.737668
0.0723254
0.196764
0.401396
5.49343
0.907936
0.201327
0.358359
0.737791
0.526726
0.457431
0.584838
0.273377
0.366684
1.11638
0.833709
0.0643237
0.6686
0.585969
0.502697
1.86573
1.68496
0.509486
1.98168
1.73844
3.01928
2.79158
1.50226
0.250826
1.14446
2.15424
1.33046
2.99196
1.1108
2.54771
2.32867
0.699554
1.16652
1.26193
0.124145
4.01866
0.494169
1.6389
0.977475
0.218502
0.0173212
0.548582
0.881521
2.35009
1.51899
0.041547
0.431166
0.233391
0.752236
2.98601
0.0953054
0.193945
3.23799
0.0704125
2.0239
0.0408845
2.42503
0.991654
0.0970036
0.309562
1.7166
0.790909
1.54936
3.13247
1.3517
0.249036
0.793162
0.136652
0.302345
0.355961
0.933814
0.31538
0.222962
0.330451
0.738359
0.335902
0.910027
1.16858
0.620023
0.766982
0.423816
0.684943
0.76359
1.44614
0.00709451
0.218086
1.15147
0.491522
0.512287
1.75004
4.13994
3.17889
2.91173
1.93817
0.274493
0.0656595
0.79974
0.49439
0.246015
1.21107
2.88197
2.39366
0.0570021
0.202941
0.207687
1.67565
2.23239
0.383662
0.124876
0.708049
0.0469442
0.387442
0.591189
0.632988
0.48011
0.22171
0.0881122
1.10505
0.668345
0.0444725
0.206987
0.691976
3.15756
0.909998
1.55671
1.44534
0.0623552
1.10568
0.45163
1.51041
0.570881
1.3928
3.20724
1.61827
0.838809
1.60521
2.45719
0.117289
1.70036
0.186731
0.924494
0.694832
2.55317
1.80644
3.14697
1.75887
0.396882
5.44248
0.0627662
1.32798
0.755535
0.166847
0.156932
1.28119
2.77506
1.20844
1.13365
0.345134
1.11424
0.460332
0.842211
1.35047
0.235322
0.0752348
0.163674
0.104635
2.13239
0.2581
0.75834
0.287197
2.16351
0.511705
0.0162791
0.0712486
1.15292
0.0361875
2.5826
1.75256
0.253772
0.13908
0.982306
0.747226
0.389458
0.303427
1.4484
0.727174
0.915645
1.64934
0.272547
1.79354
0.398252
3.28919
1.246
0.313937
0.340535
0.125885
0.926484
0.277709
3.18054
0.0183491
0.0984923
2.13964
1.51466
0.0179688
0.861758
0.334381
0.912828
1.64422
0.120999
0.200485
0.271295
0.793422
2.66291
0.0647895
0.336759
2.46581
0.684915
0.509836
6.69438
1.42443
0.809547
1.20717
0.612203
1.34903
1.73894
1.34854
0.212086
0.459638
1.43344
2.15356
3.08058
0.575132
0.378502
4.20756
1.09598
0.279943
0.324195
2.948
0.148225
0.790368
0.986686
1.00619
0.727982
1.02449
2.61472
0.329075
1.5509
1.97533
1.08956
0.860353
0.611186
0.221079
1.49246
2.76227
0.144825
0.932624
0.0798077
0.796325
0.294803
0.171691
1.32098
0.361046
0.0709235
1.77996
0.503644
1.39722
0.394439
4.70113
0.39119
0.533479
0.158461
0.0805302
0.415049
2.46384
0.460301
1.14521
0.510585
0.0870275
0.821969
1.7701
3.16052
1.55904
1.24101
0.319595
0.175326
0.518543
1.16924
0.0388911
1.4038
1.04218
1.17723
3.39199
1.61444
0.42177
0.329735
0.0792173
2.50922
1.02365
0.0664769
0.0465209
0.789793
0.212231
1.02363
2.3261
0.173591
0.108464
2.79575
0.246313
1.1866
0.541938
0.69318
2.2902
0.668093
1.62534
0.373136
0.815057
0.873605
0.162496
0.591765
2.13353
0.795126
3.87732
1.03639
0.188019
0.128044
2.10379
3.40593
0.119896
1.7011
0.814064
0.448968
3.47725
1.32116
0.383892
0.27254
1.56383
0.110846
0.489111
0.51621
0.564712
0.151796
0.467802
1.90834
0.597147
0.527771
0.796679
0.339693
0.191295
0.618291
0.0373781
0.915778
4.05149
0.187099
1.68642
0.305474
0.299878
0.953551
1.54842
0.507443
0.843061
0.533452
0.224499
0.343875
1.22344
2.5821
0.713063
0.255269
1.21464
0.229195
0.252218
1.09682
0.603049
0.186446
0.35719
1.49213
1.22218
0.137649
2.45676
0.0682972
0.14973
0.166637
1.06555
0.24331
1.06089
0.337721
4.00839
1.48605
0.688899
0.0708626
0.645179
0.133464
0.630564
0.740682
0.804702
1.17054
2.31899
1.02936
0.0775784
0.288029
0.0534157
0.24385
2.21279
0.834725
1.03057
0.140392
3.17903
0.347972
1.94188
0.0607855
0.195077
1.03202
2.39383
1.53362
0.706128
0.469772
3.8097
1.47294
5.82882
0.843879
0.0752799
0.531535
2.27877
0.278224
0.0162883
1.01471
0.709636
0.0957172
2.74273
0.0772098
0.95209
1.06987
0.351926
0.18072
0.594044
0.890702
1.78349
1.59787
1.15423
0.987268
1.47867
3.47603
0.0994544
0.0271561
0.152903
0.739172
0.607149
0.579958
2.91777
0.32945
0.0998911
0.360906
1.13683
0.230208
0.124829
0.776029
0.673772
0.185299
1.09331
0.53168
1.0818
0.213632
0.668074
0.590264
2.08722
1.22253
0.088533
0.0978509
0.72941
0.854697
0.88148
2.36139
0.351841
2.18123
1.00895
2.53411
1.11214
0.362267
0.618896
0.622632
0.567897
0.165115
0.169439
4.02783
0.870597
0.376155
0.486178
0.750159
0.219032
1.47877
0.294945
0.511083
1.95148
1.75677
0.0542931
2.03986
0.646148
0.355424
2.07591
0.0326606
0.0305928
0.504577
1.3998
0.310666
0.143602
0.868887
0.450924
1.14144
1.16091
6.30043
0.874538
1.2805
0.00964975
0.953456
0.756884
0.087604
0.135395
1.51075
1.34755
0.44135
0.744559
1.31073
0.260074
1.80639
0.505225
1.14608
1.14865
1.08917
1.00408
0.244685
2.58661
0.220784
1.05362
0.389164
0.699209
0.412896
0.378329
0.930416
0.628695
0.73361
0.138942
0.021927
0.288337
0.491261
0.882021
0.394781
1.45827
1.10005
1.29084
2.2283
0.147511
0.947191
0.0881468
0.540682
0.657527
0.685806
0.118627
0.34503
0.801828
2.33265
1.12956
0.445732
2.59055
3.33202
1.20453
1.76293
1.0141
0.103264
0.293894
2.60913
0.582209
3.68564
0.351912
0.503632
1.70484
0.402805
2.282
0.261643
0.263046
0.68911
0.338221
0.599994
0.0996252
5.00006
2.60871
1.75336
0.269188
2.07633
0.491294
2.65942
0.217456
0.695624
8.76622
2.2806
0.0995852
0.772292
0.858085
1.56747
1.31368
0.131435
0.49576
0.111139
0.535766
0.993601
1.06672
0.286926
0.488386
0.057155
1.73318
1.31358
0.99058
0.199669
0.132267
0.251218
2.03087
2.09228
1.92605
0.186431
0.835352
1.06864
0.608911
0.615499
1.89367
0.407292
1.12416
1.32497
0.751698
1.27933
1.44427
0.187301
0.583034
0.244294
0.532061
0.0644291
0.133106
0.101729
2.06963
1.46584
2.28357
1.44777
0.771346
0.212036
0.553584
0.35533
0.368531
0.898308
0.15974
1.43068
1.70197
0.797099
0.0791306
3.13159
0.509431
0.138303
0.808194
0.00213918
0.511805
1.53794
2.80352
0.200016
1.6166
0.486285
1.83936
0.545674
0.0748903
0.522866
0.782924
0.295617
0.0540265
0.895603
0.711242
0.837177
0.701845
1.37275
0.179553
0.82242
0.683937
0.546383
0.318223
0.903858
0.499686
1.19362
1.27768
0.37091
2.05813
0.377461
0.0391238
0.246881
1.5308
0.0861905
1.62229
0.251196
0.228348
0.483681
1.47862
0.526163
0.877408
0.412804
0.16188
1.39519
0.197104
1.03283
0.262325
1.64034
0.358493
0.590571
1.15371
3.10193
0.230632
0.0829359
3.92437
4.5201
0.433293
1.54249
1.52742
0.554043
0.756142
0.229835
0.466305
1.83301
3.22177
1.19102
2.25385
0.0766261
0.43901
0.532598
0.259464
0.31085
0.94184
0.121951
1.91986
1.38629
1.52809
0.558445
1.8834
0.753603
0.332817
1.22637
0.2658
2.47042
0.842996
1.19041
1.10662
0.368351
0.37072
0.375859
4.39622
1.17825
0.185147
0.577063
0.510268
0.735381
0.79833
0.645975
0.2684
1.14392
0.43687
0.654659
1.42012
1.04866
1.76648
0.103598
0.828705
2.91667
1.65905
1.38482
0.114437
0.0910907
0.0830065
0.097421
0.6574
0.672855
0.7529
0.883474
0.211012
1.04496
0.634472
0.0498566
1.50385
0.593096
0.853409
1.1218
2.73233
0.00519985
2.96208
0.955539
0.547503
0.0059472
1.74185
0.714537
2.20434
0.392207
0.098964
0.453041
0.521392
1.82717
1.20067
2.25697
0.205446
2.00086
2.66296
0.534044
0.571908
0.732236
0.704431
2.19271
0.172568
1.19241
0.585907
0.0603448
1.30272
0.000102619
0.0885382
0.128265
1.35768
0.0533111
3.05868
0.035516
0.457105
1.77881
1.16898
0.2218
0.870939
0.103815
0.192744
2.15163
0.901528
0.300953
1.1368
0.28972
0.542868
0.160628
1.92363
0.153245
0.282165
1.74151
0.745829
0.482968
1.56766
0.639523
0.177175
1.59856
0.120518
0.533865
2.00906
7.29286
0.33525
4.55515
1.3013
0.878716
0.569952
0.0828433
2.27546
0.820479
1.19206
0.135141
0.0910951
0.32313
2.7983
0.168753
0.313873
0.463589
0.386293
0.130343
1.06575
0.165385
2.50176
0.513514
1.64761
0.73179
0.312629
3.06844
2.0787
0.317435
0.973062
0.0466691
2.22235
3.28151
0.278023
2.36685
0.106637
0.0716663
3.5228
1.00783
0.127192
0.186415
0.689616
0.918455
0.00365868
0.141638
0.0184771
1.00322
5.16145
0.66138
1.97586
8.23054
1.4607
1.51684
2.51259
0.970416
1.65911
0.986156
0.953147
0.873493
0.258813
0.315243
0.247445
1.8669
1.02208
0.595109
1.67855
0.639323
0.225094
0.0953287
0.268697
1.12177
0.513113
0.114498
0.188463
1.75971
1.42248
2.36505
4.2236
0.307195
0.369294
0.605584
0.0291193
0.338685
2.65865
0.226611
1.14679
0.580742
1.34783
0.403801
0.113206
1.07392
0.572389
1.10623
0.173032
0.527894
0.691398
4.41815
1.50664
0.50254
0.55965
1.25635
1.32741
0.704339
1.50418
0.887195
0.457005
1.14985
2.69599
0.477919
0.0318695
1.02571
1.32566
0.200747
1.06765
0.19898
1.20549
0.145286
0.0133966
0.970501
0.747192
0.17522
0.231753
0.939702
0.762797
1.63445
0.155039
1.59924
2.14015
0.601954
0.425424
0.7054
1.42597
3.10428
2.91411
2.46509
1.88523
0.341584
1.44965
0.602442
0.739077
1.19227
0.681571
0.218397
0.230603
0.596598
0.752032
0.0978054
1.65104
1.92598
0.495306
3.06457
0.281922
0.418251
0.0117593
0.161506
1.2668
2.50438
1.00197
0.104358
0.0589205
0.286055
1.46924
0.659472
0.499679
0.0789295
0.589546
0.0215455
0.375786
0.479653
1.11501
0.0546819
0.226582
3.30657
0.956958
0.321877
0.993637
0.241204
1.42507
0.385736
0.411762
0.768956
0.183669
0.673946
0.0183446
1.63709
0.266143
0.380442
1.48726
1.10289
0.356415
1.44891
1.14877
0.617574
1.32162
0.225015
1.29903
1.27685
0.571928
1.01604
0.638942
0.277928
0.990618
1.02359
0.183695
0.557617
2.97978
0.639601
1.05657
0.42708
0.584277
1.7777
1.38859
2.51861
1.11629
1.5558
0.444452
0.470341
1.2044
0.504228
0.878764
1.25852
1.013
1.19034
0.0620638
2.69891
0.727904
1.28442
1.1205
1.95214
1.09713
0.154604
1.14252
2.116
0.0523718
0.906758
0.826223
0.247468
0.529971
0.248791
1.02228
1.69186
0.857335
0.221777
1.36492
0.331731
0.228758
0.173213
4.76456
0.16989
0.474513
1.28663
1.31562
0.479142
1.23495
0.0874173
0.0953053
0.358465
2.71187
2.44631
0.372219
0.785032
1.41721
1.9524
1.47822
0.0337152
2.21193
2.28003
0.687332
1.1023
4.40265
1.01473
2.04548
0.371163
0.30109
1.07983
2.91514
1.37613
2.6843
2.52225
0.131912
0.126469
2.53279
0.468604
0.195665
0.452047
0.0584394
0.0165297
2.99506
3.53746
0.0375862
1.18289
2.01859
0.717559
2.54001
2.68435
0.568408
4.40801
0.382925
2.07295
1.05298
0.206245
0.0864395
1.01173
2.70991
0.384752
0.186715
0.369087
0.577907
2.3186
1.15633
1.09176
0.200723
2.0952
1.34868
1.30971
0.0374299
0.785172
1.36805
1.81555
0.629322
0.0362701
0.931399
2.60581
0.047608
0.864618
0.0810463
1.32949
0.80245
0.0742992
0.566441
0.418269
0.614673
1.29783
0.734079
0.337666
0.420575
1.0493
0.357792
0.544806
0.142472
1.33893
1.05757
0.761177
0.00890446
1.0867
0.92167
2.75843
0.561683
1.85799
0.83317
0.305498
0.248184
0.156971
0.513378
2.68302
1.15565
2.042
0.471765
1.44108
0.717398
1.91926
4.69254
0.13207
2.1695
1.64385
0.211071
0.574337
0.452048
0.492215
4.06985
2.43875
3.26347
2.50008
3.47207
0.677009
0.735067
0.683536
1.35187
0.269447
0.55592
0.181172
0.476304
0.302325
0.412161
0.382277
0.217893
1.01975
1.3733
2.03804
0.113515
0.0430338
0.620131
0.03492
0.179282
3.04029
1.53526
0.110513
0.428134
0.905468
0.0418088
0.377409
0.195473
2.78778
2.56554
0.437422
0.232174
0.97471
1.74083
0.788812
0.703898
0.20797
0.0757186
0.50515
0.958488
1.13964
0.0177291
1.19044
0.858719
0.462345
1.05698
0.335994
0.0204521
0.0487083
0.769096
0.0368662
0.378091
1.40127
1.86018
0.985444
0.816246
0.0701613
0.59801
1.38946
0.0408489
0.934172
3.00703
0.120251
1.4564
0.540188
1.61039
1.19439
0.732046
1.46134
0.703565
0.666436
2.53603
1.0368
1.3803
0.288646
0.739726
0.291743
2.95013
1.3396
0.0343085
0.138468
0.0418365
0.332804
1.60271
0.381292
0.128032
0.586607
0.336515
0.431639
0.163621
2.0259
1.42245
1.85849
0.976325
1.01617
0.175502
0.0856471
0.148331
0.356692
0.465769
0.440123
0.161038
0.902272
2.80684
1.22355
0.28707
0.559624
1.41658
0.318972
0.361962
0.314108
0.427364
0.586358
0.911622
0.198234
1.55833
0.421077
0.163897
6.23333
0.154326
1.54601
1.93407
0.558761
1.10256
0.478942
1.24283
0.344961
0.224144
1.88915
1.83963
0.130736
1.78436
0.916017
0.00405471
0.364805
0.310647
1.35289
0.12454
1.36566
2.03348
3.07311
1.941
1.11241
3.06158
0.500317
0.293958
1.53777
0.136993
2.13382
1.09021
3.94196
1.49633
0.646791
0.365251
3.68207
0.999923
2.08972
0.814225
0.250646
0.083834
0.348762
0.209
0.686697
0.861416
0.182808
0.0180526
2.52291
0.761943
0.991726
0.202939
0.388667
0.235926
1.11079
2.12307
1.00181
0.775579
0.861552
0.796029
0.198832
0.21486
0.152715
1.9769
1.51026
0.51957
0.586383
0.453305
0.637054
1.22366
0.192973
0.344219
0.783088
0.443976
1.10262
0.170978
1.07808
0.613017
0.473253
0.778135
1.6494
1.02862
1.09119
0.885579
0.468757
0.837988
0.915084
1.60164
1.243
1.61828
0.280171
0.774585
0.761483
1.6021
1.19186
0.355907
0.685177
0.0122697
0.0685536
0.374754
0.47794
0.0684966
1.18925
2.18364
1.85193
1.8277
0.255483
0.365283
0.3428
0.324889
1.26141
2.04026
1.83866
0.173988
1.35595
0.805747
1.00936
0.932185
0.350048
0.751659
0.129697
0.156412
0.298766
1.5775
1.94219
0.115707
0.0643431
0.425255
0.768605
0.19322
1.41864
0.450209
0.211938
0.246282
2.96201
0.0511561
0.00620894
0.432526
0.849727
0.129787
0.274928
0.100729
0.273304
2.11419
2.19582
1.86644
0.352383
2.14793
1.32814
0.0925516
2.3632
0.179785
0.422242
1.54719
0.843464
0.416266
0.624669
0.882126
1.09288
0.263265
1.45631
0.811337
2.42708
0.477073
0.499355
0.64392
0.216023
2.79985
0.444031
0.553303
0.0150159
1.73871
0.62192
0.0638761
1.85944
1.32208
0.490854
0.413888
5.57624
0.174771
0.726145
1.9838
0.0171299
5.41788
0.816376
0.304622
0.217308
0.867858
0.128267
2.99686
0.204716
1.13142
0.280909
0.0265444
0.104927
1.68148
2.22043
1.23272
0.261258
1.31915
0.143267
2.03578
2.49112
1.0046
0.144342
1.44162
0.585541
1.17035
3.99277
4.69793
0.21858
1.08148
0.360005
0.99127
0.140563
1.95523
2.18745
0.38616
1.21891
0.170339
2.14336
0.18841
0.344713
0.127516
0.728326
0.608668
0.756924
1.87183
2.04359
0.476098
0.367034
0.0214723
0.297058
0.282049
0.0708752
0.690516
3.55316
0.10963
0.00509389
4.1959
0.259443
1.84998
0.167252
3.88249
0.112635
0.649509
1.50818
1.76212
0.649253
0.253215
0.242005
1.56749
1.03827
0.661186
1.39495
0.716304
0.673927
0.148774
1.45953
1.34944
0.107197
1.77796
0.206433
0.0433289
0.604728
0.275155
0.0580526
0.334158
1.36685
1.20701
0.666566
1.65085
0.483007
1.4105
5.47439
0.451881
1.54991
0.222818
0.303785
0.279597
0.478211
0.59275
2.26016
0.0809205
0.471063
0.539297
2.67101
1.25275
2.03544
2.03138
1.19879
0.530586
1.19473
2.03734
0.388599
1.38064
1.11871
2.76437
1.04791
0.547706
4.53379
1.66002
1.03332
0.445699
0.281015
1.168
0.590065
1.42982
0.164399
0.464533
0.0327294
0.0719333
0.313093
1.47863
3.78119
0.268512
0.0409594
1.95937
1.09752
0.645068
0.185527
1.11551
1.46806
0.224008
0.368865
0.92808
0.198332
1.2445
1.81031
4.17844
0.205117
0.020941
2.34163
1.4665
1.30893
5.5122
0.0832201
0.131214
0.371658
0.854497
5.74826
0.240338
1.20096
0.896277
3.48373
1.51486
0.315271
1.75786
0.269775
0.149328
0.763072
4.61754
0.349358
0.194262
0.643642
1.9873
1.46978
0.848203
1.17032
2.00048
2.32369
1.10198
3.52048
0.57795
0.60533
3.5277
0.0713544
0.617135
0.94106
1.00959
1.2816
0.143532
0.112908
0.250937
1.1193
0.606949
1.66815
1.37231
0.214035
0.574376
0.718131
0.139994
0.671925
0.0522854
1.17553
1.01258
0.106329
1.4558
0.209378
0.134133
1.76092
0.0790935
0.293992
2.05298
1.14736
0.379354
1.09397
0.432884
0.734971
0.223463
0.0772804
0.977983
0.151894
2.04457
0.206402
0.851127
0.584522
0.0284882
1.61676
2.65725
0.359664
0.363068
0.483163
0.487485
2.27365
1.52292
0.0682894
0.932009
1.32678
0.360821
0.652633
0.112111
0.408795
0.830061
0.53003
2.95311
1.54053
0.0673061
0.117985
0.529723
1.72587
1.46287
0.449335
0.192189
0.117229
0.237061
1.36621
0.360739
0.650652
0.118715
0.954385
0.304244
0.414469
2.63086
0.0453238
0.334963
2.80761
3.20578
1.13741
0.297459
0.741951
0.702548
0.419283
1.51234
0.834657
0.15558
0.0511483
0.649295
3.00563
1.77511
0.919955
1.39503
1.68743
0.375581
0.237276
0.0885894
1.5058
0.19327
2.55737
0.298623
1.50411
3.90609
0.526649
0.574032
1.5022
0.973319
1.50854
0.239905
0.52888
2.51134
0.231789
0.429734
0.220704
2.11745
1.17717
0.0534336
0.633209
0.376377
0.440669
2.71593
0.65856
2.30289
0.0610004
0.15271
0.809394
0.16456
0.66007
0.0276822
0.182176
1.17626
0.306485
1.72866
0.0383908
1.40692
0.611944
0.499329
2.11333
0.0401137
0.0620338
1.44385
2.21569
0.0477599
0.187822
1.87063
1.87924
0.601103
0.741724
3.12253
1.22297
0.188698
1.18539
0.276487
1.42162
0.873397
0.912083
0.104485
0.360576
0.56486
0.699769
2.03575
0.232294
0.953642
0.573985
0.535469
0.616836
0.132226
0.920044
0.226607
0.305051
1.05295
0.432266
3.17543
0.365642
1.96079
2.89131
0.199215
3.16454
0.0147778
0.26527
0.529891
2.25569
0.194063
0.898721
0.26973
1.11599
0.78712
1.57998
0.00699336
0.511601
2.0881
0.642609
0.146407
0.755837
0.623655
2.24616
1.43134
0.215063
0.485441
0.744883
0.433853
3.69912
0.212242
0.906816
0.680847
2.03669
1.10029
0.387028
0.186577
1.22358
0.905623
0.469209
0.300351
5.85974
1.3264
0.057502
0.0224541
0.0884652
0.942689
0.161307
1.35831
0.0289134
0.960573
3.16825
0.977841
0.0121807
2.01089
0.663079
2.8392
0.514587
1.78945
1.89806
0.549828
0.0750207
0.0609842
0.531372
0.0152314
0.51845
1.74609
1.07872
0.861634
0.712707
0.140722
2.03488
0.844739
1.73853
1.00072
0.212277
0.256726
0.334614
0.01797
1.40609
1.82056
1.87282
0.121248
0.562577
0.176047
0.0840504
1.23993
0.00576657
0.233826
3.65569
0.659598
0.0502189
0.19095
1.2321
1.15383
3.53906
0.522306
0.0544253
0.84375
0.915165
0.388687
1.82585
0.434916
1.06886
0.25318
1.16774
0.353786
0.175272
0.167699
0.608983
0.152006
0.161942
0.170793
0.725319
0.170286
2.33358
0.734926
1.51122
0.0167484
1.21446
0.866038
1.94558
0.132075
0.199176
0.0172537
1.31901
1.91666
0.866449
0.117957
0.452784
0.577803
0.415097
0.414108
0.330993
2.14768
1.5645
1.44005
0.201867
2.31919
0.597546
1.84412
0.168927
1.10989
0.459858
0.107262
0.113871
3.11483
0.963795
0.641921
0.887491
0.714225
1.25892
0.226617
0.0303365
1.24677
0.589078
2.26679
1.57808
4.80257
3.10249
0.632619
1.45986
0.331286
0.686391
0.0913817
2.04308
0.789984
4.13344
0.742073
0.0925619
0.34491
0.612246
0.00586077
1.57246
0.293841
0.215318
0.413937
0.494153
0.385212
1.67901
0.00187185
0.00302136
2.45064
0.629181
0.688872
0.111732
0.109438
0.820026
0.824223
3.02555
0.542045
0.216493
0.0857146
0.560496
1.92352
0.747919
1.22117
1.08917
2.14836
0.900205
0.0348175
0.552125
1.45372
0.525627
2.24722
0.131117
0.924705
0.903075
0.0524545
0.000349306
2.48308
0.805618
1.04641
2.05127
2.86636
5.86093
0.0697071
0.840406
0.119756
3.06227
0.277189
1.59839
0.793952
0.581842
0.22784
0.668336
5.15753
1.27715
1.68598
0.885654
2.16505
0.0568438
1.17051
0.974208
1.14274
0.872504
0.0343671
1.37406
0.0526337
0.458847
1.23895
0.694512
0.970327
1.01285
0.0256946
0.670577
0.0201604
0.283989
0.484084
1.02646
2.506
1.53232
1.27346
0.0874014
0.064561
0.279213
0.158746
1.13021
0.500275
1.47521
3.70845
0.765682
2.68385
1.43466
1.21005
1.82822
2.23332
1.99355
2.08583
0.957496
0.873725
3.51037
0.471981
0.37713
2.98385
0.84846
0.618988
0.596189
1.17809
0.33307
0.286664
1.56417
1.59715
1.48985
1.60888
1.93438
0.0426086
0.951232
1.2713
0.401773
2.91047
2.33314
1.53713
1.27557
2.87121
0.488055
0.383564
0.507872
0.04005
0.962744
0.417905
0.794191
0.381051
0.790265
0.72795
0.789346
0.864477
0.967691
1.64454
0.297599
1.45156
0.631429
0.0292473
1.94535
0.22194
2.03592
0.194982
0.103245
0.0549974
1.50034
1.14945
1.45839
1.15232
0.874471
0.991829
0.351552
1.36468
1.05225
0.386127
0.456258
1.06227
2.11592
0.308198
1.38013
0.607687
0.167826
0.437385
1.15711
3.05596
2.43351
0.477928
1.19045
0.160845
0.863095
1.06999
1.74943
0.164677
1.24267
1.22627
2.175
0.231197
0.965745
0.265467
0.0618549
0.367846
1.57894
0.0834102
0.251436
1.01222
0.780822
1.54958
0.30538
0.127651
1.99655
1.32941
0.418092
1.16785
0.204556
1.3102
0.215666
3.66423
1.00866
0.0674651
3.01425
0.51685
2.00115
0.540946
0.258162
0.00938037
2.79981
0.0700877
0.0453386
0.177258
1.7688
0.700575
0.209758
0.341304
2.12784
2.86701
0.506292
0.201505
3.47505
0.154776
2.32565
0.602959
1.62648
0.408174
2.3935
0.0684967
3.68187
0.693095
3.54074
1.52149
0.339145
0.819997
0.685734
0.0145438
0.0644491
0.690032
0.184166
0.754782
0.363875
1.76471
0.373744
0.117692
1.33196
0.101087
0.86272
0.845118
3.45155
3.03701
0.0473293
0.22598
2.03857
0.630541
0.455794
2.6429
0.100356
0.329513
0.0332809
0.390072
0.962164
0.590382
1.22938
0.94903
0.00624927
1.45304
1.32809
0.447808
0.416051
0.380018
6.40648
0.346801
0.9481
2.40717
0.0198437
1.21732
1.83413
0.995336
0.00941577
1.86614
2.91326
0.118915
0.455258
3.87553
1.42883
0.0908646
0.119774
0.779623
1.51162
0.613015
1.91852
1.11728
3.52103
1.25889
0.127432
1.40926
3.30892
0.411658
0.508553
0.521307
0.224558
0.964071
0.942185
0.601295
0.64421
0.587188
0.317073
3.02
0.0448608
0.385649
2.62261
0.554686
0.0258137
1.17977
0.557095
1.13171
1.31355
0.571607
0.245107
0.352555
0.397616
0.445171
0.985837
0.0598816
1.90527
1.54125
0.0680752
0.872733
1.79683
0.456436
1.2184
0.0990042
0.390865
0.443195
0.46157
1.72132
2.24101
0.0373448
1.00987
0.0806656
0.849892
0.845149
0.12841
1.19168
2.04095
2.01834
0.412148
3.50661
2.18086
0.212631
1.36027
0.425789
1.43451
2.45724
0.353063
1.98323
0.57613
2.87358
0.791282
1.11089
0.405644
0.256569
0.314438
0.613579
0.432509
0.412271
1.1416
0.358731
1.07056
0.550521
0.417329
0.415903
0.902216
0.920019
1.55123
0.16585
0.342122
0.00217332
1.07811
2.10163
0.266972
1.15964
0.287459
3.04759
0.0861076
0.255382
0.075228
0.0870513
1.95322
0.353993
0.887169
0.0131362
1.73884
0.817163
1.54351
0.583599
0.983778
1.00545
0.201258
1.01933
0.821513
0.748413
4.2313
1.65054
0.762844
0.0962397
4.52335
0.0285299
0.714114
0.903582
0.0906966
1.71463
0.0116175
0.882374
0.560631
0.343976
0.0286232
0.21871
0.00819031
3.41893
3.73502
0.374254
0.00651108
0.367596
5.466
0.525359
0.596493
0.557826
2.02823
1.55696
0.864851
0.739626
0.585614
2.42739
1.37656
0.105622
0.0839394
1.88491
0.644521
0.699222
0.0121164
1.95593
0.47518
2.08057
0.628805
1.88575
2.11127
0.0968516
0.159484
0.0647395
0.922053
0.109332
0.468927
1.94427
0.0586778
0.413674
0.945916
0.719923
0.158018
0.651958
1.61077
1.51244
0.108565
0.01438
0.053548
1.01475
0.116235
0.0914694
2.25334
0.688736
2.3405
0.700441
2.77249
3.14489
0.803587
0.291621
0.082706
3.00324
0.00598112
0.121682
0.215857
1.70362
0.501972
3.97506
0.757024
1.56565
3.35708
0.583499
0.399155
1.31316
0.516604
0.348557
1.25788
1.4142
0.942682
0.382443
1.26774
0.714802
0.0910028
0.804951
0.00700222
0.227679
0.574928
0.0881986
0.0737836
2.17775
0.408397
3.78199
0.258287
0.499762
0.0655751
0.607447
1.85329
0.778435
0.856544
0.00541373
0.213466
0.0654981
0.416515
0.0566286
0.886
0.983986
0.0945481
2.0296
5.53389
0.825683
0.370783
2.14373
1.96663
1.32783
3.33056
1.68773
2.42673
0.516783
1.28233
0.506339
0.491432
0.00877073
2.0408
1.51323
0.358605
0.648768
0.386859
1.19647
1.29484
0.965141
0.918887
3.70489
2.81882
0.41327
0.64265
0.437873
0.841526
0.22068
2.12103
2.02928
0.843505
0.0138178
0.130998
1.85788
0.358408
3.20832
0.779535
0.372086
0.445782
0.850973
0.293896
0.283177
0.191942
0.258065
1.14462
0.229825
0.301111
0.43301
0.456074
2.24464
1.54195
2.05754
1.70775
0.0236912
3.13345
0.157781
0.727167
3.89389
0.256189
1.42689
0.636697
1.26449
0.383831
3.47968
1.13503
1.59577
0.534887
1.29748
2.17363
0.14994
1.85118
0.0107772
0.130332
0.261426
1.26037
1.70847
2.31035
2.61698
1.01067
0.410742
0.781613
0.48369
3.10677
0.851717
0.102859
0.014364
3.87242
0.805149
0.78262
1.83378
0.48398
3.39621
0.826496
0.497921
0.560044
0.173568
2.82829
2.41874
0.084211
0.381408
0.904191
0.839134
1.49555
1.045
0.147237
0.626459
0.821779
2.37356
1.3677
0.319021
4.10418
0.740462
0.722307
0.593133
0.163438
0.459361
0.633402
0.52093
0.613326
0.447197
0.682957
0.0122354
2.39442
4.51258
0.894166
2.64423
1.15954
1.59391
0.63005
0.468081
0.640817
5.0182
0.824276
0.689026
0.464686
2.14542
0.422986
2.34311
0.421726
0.886947
0.300376
3.35308
1.479
1.01687
3.55314
1.60704
0.895346
0.0991572
1.48493
0.847893
2.34694
1.73227
0.0119751
1.26618
3.01177
1.83064
0.253022
1.02902
1.27266
3.16743
0.360429
0.196133
1.06918
1.03052
0.290242
2.22119
0.240895
0.568868
2.54174
0.258927
0.219733
1.22152
0.372176
0.0674275
1.29674
0.213421
0.616247
2.43654
0.571693
0.68633
0.3788
0.871257
0.564949
2.21859
0.150855
0.500731
0.291523
1.85738
0.935536
0.0569794
0.207032
1.33572
0.698754
0.273629
0.0120562
1.71246
0.674799
0.174245
0.743224
0.25045
0.592907
0.411178
1.24655
0.312764
1.86381
0.147469
0.94418
2.23756
0.433107
0.199081
1.33503
1.84973
0.748565
0.592279
0.691867
3.83109
2.6082
1.84235
0.761612
0.302942
0.479221
0.768813
2.3702
0.193575
0.348699
1.90872
0.6487
0.199026
1.39238
0.718049
0.132318
0.316814
0.845288
0.539977
0.667202
0.747222
0.508165
0.955664
0.614389
0.413805
2.82862
2.49174
1.28879
0.574553
1.01866
1.73879
1.87079
0.288087
2.25693
0.630299
2.74941
0.0567744
0.573808
1.05886
2.75358
3.36622
2.00185
0.652119
0.945793
0.394922
3.14625
0.308854
0.0958722
1.02301
0.0491616
0.91205
0.266027
1.1488
2.03204
0.490272
0.286305
3.85343
1.13839
0.211298
0.509142
0.0325793
0.444237
0.199306
0.966463
0.578094
0.524688
0.935524
0.809163
1.66041
0.597249
0.264991
0.906039
2.53361
1.54492
2.14072
0.650201
0.036698
1.54455
0.123099
0.123522
0.456381
0.1879
0.21852
0.623998
0.309916
0.784664
0.881089
0.024653
0.434725
0.778154
0.677716
0.601945
0.149547
0.814481
0.54518
1.21534
0.197156
2.35641
2.7642
0.0232792
1.59785
0.170887
0.145381
0.570661
0.261145
0.0762087
0.875194
0.426344
2.32357
0.676962
0.459972
0.790562
0.583612
0.857642
0.780312
1.35051
0.155024
0.487061
0.892242
0.615824
0.916012
0.726893
0.280914
0.703679
0.269427
3.29178
3.54402
0.270429
2.01907
0.0306523
3.4076
0.195628
0.214022
0.508856
1.33577
0.158166
0.648213
2.03666
1.08546
0.249364
0.450935
0.247811
0.143276
0.142252
1.67123
0.565098
0.500993
0.691475
0.203084
0.85967
0.279846
2.05729
0.280683
0.287602
0.154801
1.10088
2.09704
1.99555
0.405942
0.403732
0.0486326
1.01769
0.98594
1.56909
0.570118
2.47014
0.133945
0.55447
0.575165
1.48126
2.25275
0.193998
0.145021
1.84862
0.646342
0.628492
0.498252
0.0181346
2.84646
0.581388
0.847558
0.386393
0.324897
1.13057
0.291268
1.59668
0.405239
0.537954
1.18921
1.70856
0.0939902
4.20064
0.380806
1.16472
2.70671
0.473936
1.34605
2.33965
0.00423723
1.49044
1.03995
1.55225
0.251045
0.758365
0.0429734
0.355317
0.762488
0.12307
0.122748
1.13856
0.493469
0.688283
1.45727
2.31272
2.88024
0.343612
0.449206
0.746629
0.551925
1.58876
0.370158
0.46622
0.465981
0.201218
1.40974
0.0115951
1.35814
0.0614865
1.43348
0.400132
0.372127
0.289552
1.35883
2.49656
0.814156
1.7649
0.279739
0.577534
0.890985
0.60257
5.61448
0.183612
0.1375
0.452609
0.123079
0.000259403
2.02299
0.648017
1.16228
0.153484
0.41661
2.79291
0.132204
1.53071
1.59726
0.227899
2.14997
3.64819
0.900675
0.733285
0.508178
0.000956993
0.782071
0.179289
0.878366
0.475938
2.63861
1.02277
1.99092
0.473805
0.118684
0.197609
0.253033
0.448101
0.68594
0.922182
0.111402
0.319362
0.107126
0.15007
0.912054
1.9263
0.00755459
2.34928
0.0326164
1.41208
1.92945
0.127858
0.143591
0.0108107
0.996323
0.00954987
1.39023
0.50121
1.59104
1.24541
0.147505
0.614717
3.20839
0.215881
0.0108445
0.44498
1.37705
0.794715
0.319367
0.46657
0.1285
0.379885
0.318132
0.200394
0.502997
0.820358
2.04317
1.09881
2.05026
1.83986
0.0148446
0.201864
1.43186
0.663058
1.9408
0.0511482
0.962599
0.572808
0.25773
0.278685
0.727514
0.846097
0.148911
0.00314714
1.14556
1.70934
0.233378
0.135416
0.333582
0.324907
0.0484366
0.0383719
1.88532
0.502157
1.41353
0.0865325
1.12627
0.0839221
0.11558
1.65183
0.299161
0.62662
1.01523
2.21811
1.48957
0.252547
1.84236
1.69489
0.0374951
0.725625
1.59009
2.1465
3.16638
0.549202
0.762323
0.754549
1.16204
0.237056
0.237268
1.6027
0.831394
0.17532
0.0333128
1.52959
0.304036
0.399061
0.700975
0.869185
1.3384
0.265681
0.595526
0.34588
0.842334
2.00458
0.595021
0.515753
3.45699
1.25729
0.457522
0.0201648
0.313184
0.000646338
0.494245
0.43512
0.434475
0.566169
1.15546
4.23782
0.949144
0.733865
0.261225
0.295627
0.467593
0.470082
0.669165
2.16029
1.52747
0.90527
0.124821
0.139514
0.157122
0.374973
0.740611
0.942507
0.366078
0.966104
0.315942
1.19473
0.630676
0.0787963
1.4702
0.553529
2.01845
3.5596
0.606904
0.29496
1.58818
1.10668
0.441368
0.137912
3.37787
0.295188
0.792245
0.0353379
0.318817
0.654776
1.04677
0.105154
0.440628
0.948435
0.442655
2.32887
0.423157
0.502487
1.24285
0.815312
2.84691
0.275755
0.508184
4.08797
0.156753
0.981797
0.778536
1.63013
2.41786
0.230589
1.05013
0.472143
1.81958
0.642128
0.634028
0.792526
0.32844
0.0152694
0.769162
1.30182
0.522769
0.125354
3.26715
1.17063
1.30041
0.309371
0.343983
2.3749
4.46534
1.62281
1.06623
0.213396
0.960503
2.79268
1.15682
0.655014
1.50738
0.827918
2.83882
1.4833
0.593682
0.948754
1.18674
0.0608385
1.55186
1.46378
0.998415
0.368817
0.943891
0.030703
0.0812773
2.24898
0.307181
0.511708
0.410891
1.72114
0.357299
0.00526498
0.0898694
0.462538
0.63079
0.0140608
0.0546512
2.62227
1.1449
1.20306
0.771999
0.232137
1.10868
1.76779
0.158695
0.714772
0.0213101
1.34353
0.453579
0.413879
1.30756
0.380833
0.583645
0.277863
0.456661
0.764964
0.465346
0.64613
0.514375
0.0018135
0.556383
0.431517
0.875341
0.7124
0.612804
0.470009
1.08042
0.0179482
1.27816
1.40794
0.0676142
1.1779
1.61438
1.4923
1.29033
0.181971
2.40001
0.445278
0.334042
0.425338
1.01052
1.80102
0.280995
2.57143
0.840837
1.95838
0.641541
3.0418
0.165479
1.27813
0.139779
2.77129
2.62893
4.93818
0.249047
2.59196
1.44606
1.40369
2.17228
0.120949
2.7649
0.928896
0.670232
4.42887
0.791248
0.216267
4.80694
0.467855
1.3777
0.370857
1.19853
0.0598008
3.83591
0.508349
1.92485
0.880157
0.908163
2.24562
2.11037
2.35608
0.353374
0.968351
0.173168
0.0445776
2.36375
2.05702
0.94113
1.11496
1.36529
0.281908
0.0758575
0.172673
0.0486869
1.78369
0.706042
0.935303
1.42325
1.15342
1.09306
1.4197
1.07568
0.459446
0.386678
0.078795
1.59106
0.736976
0.175516
0.871272
1.06208
0.681611
0.491997
0.0434821
1.83256
1.84648
0.227199
0.162954
0.15556
0.606868
0.112189
1.72395
2.42903
2.31951
0.147915
0.294787
0.442016
1.84319
0.496695
2.13312
2.49802
0.679031
0.786773
1.51768
0.433938
1.6418
1.11865
3.43622
0.0183374
0.693508
1.24753
0.722442
1.65334
0.0289987
1.84579
1.16804
0.468281
0.205264
0.803401
2.99801
0.7229
2.01359
1.66319
0.0450341
0.895219
1.42341
0.848753
2.2171
0.337154
1.86505
1.89248
0.146669
0.654869
1.28498
3.28767
2.27288
0.00827371
0.347337
1.20953
0.747631
1.80195
0.44469
0.84285
0.345099
0.270852
0.771208
0.972038
0.377298
1.98397
0.762259
0.90916
0.824345
0.469679
0.891927
2.90977
0.135124
0.937832
1.45024
0.28245
0.729438
1.62152
1.37599
0.849386
1.19783
0.306104
0.186197
0.179493
0.901211
0.825963
2.43919
1.70289
1.19239
0.883668
0.755882
0.878301
0.0587031
0.189001
1.67202
0.690952
1.72813
1.84588
0.381459
0.387279
1.55397
4.19951
0.7967
1.69709
0.0630413
0.976509
3.31449
0.538942
0.865644
0.136845
0.185542
0.990376
0.244537
1.27853
0.174236
0.167972
0.972908
0.708596
0.0614568
0.029973
0.851451
1.59498
0.347821
0.504169
0.0647975
0.960434
0.113172
1.69491
1.08337
0.0263916
0.670093
1.38389
0.0786092
3.02412
0.847973
0.446019
1.21878
0.123244
2.71906
3.00776
4.06281
1.26579
0.920079
1.16035
0.37424
0.131968
0.518438
0.00399295
0.548549
0.256787
0.251526
0.168727
0.63788
0.441856
3.55339
0.138707
0.6758
1.82803
0.665672
0.00579707
1.40376
0.365327
6.22785
0.44796
0.170185
1.17575
0.272021
0.31929
0.00543727
0.018509
0.68313
1.41656
0.017505
0.721554
1.17567
0.0796062
0.771802
0.996438
1.94599
0.95466
1.38018
1.83734
1.0406
0.134119
0.0675251
1.9462
2.14124
1.66794
0.24746
1.00095
1.6143
0.582585
0.285032
0.16554
1.53232
0.618492
0.511274
2.56111
0.118462
1.34014
1.63631
5.48775
1.07969
0.56778
1.25763
0.633921
1.08825
1.15985
1.10202
0.314342
0.865887
3.00851
0.664682
0.888853
2.14044
0.461581
0.906437
0.0691724
0.0568728
0.67899
0.751174
0.44078
0.359978
0.996187
0.0892119
0.533641
0.308866
0.722482
1.90654
0.193716
0.433183
1.28185
0.231761
0.472559
1.93426
0.12243
1.08648
0.430508
2.04466
1.18944
0.359627
1.63822
0.954293
1.28168
1.0854
1.28931
0.23905
0.341364
0.166443
0.829978
1.19218
0.0895805
1.42819
1.37651
2.15204
1.34165
0.503568
0.716009
0.426981
0.577843
3.37052
0.401665
1.23407
2.05879
0.722469
1.30672
0.495824
0.793824
0.285502
1.63603
0.657921
0.153953
1.57364
0.721214
2.05439
0.778235
1.07762
2.80599
3.40692
1.69349
0.0248167
0.716735
0.542395
2.38578
2.51449
0.700045
3.19237
0.598497
1.22429
0.0389665
2.64437
1.97757
0.0418653
0.191684
2.36222
4.52116
1.36303
0.0940654
0.215128
0.445194
0.457731
1.2638
0.355867
0.401428
0.674404
1.89107
0.011638
0.745145
0.954228
0.370894
1.25825
0.0600552
0.122297
0.877191
0.256039
2.84043
0.243697
1.02599
3.54396
0.184791
3.62325
1.38863
2.56937
0.407318
0.422112
4.24234
0.505553
0.096131
1.21792
1.80638
1.58894
0.796116
0.82489
1.71093
1.23347
0.0694854
0.373782
0.0142403
0.425668
0.472564
0.0207733
1.44907
0.430417
0.0303717
0.578948
0.0409783
0.296462
1.61002
0.827588
0.996003
0.767288
0.792575
0.572263
3.2453
1.53473
0.717132
2.70188
0.151123
0.720702
0.0677493
1.03816
0.235798
0.874554
0.205906
0.94514
0.888065
1.44487
1.35108
0.982709
0.555388
1.36992
2.39154
0.731056
0.0854718
0.0398192
0.631799
1.14538
2.92637
0.334566
0.524029
0.00657705
0.350768
0.243042
0.446678
0.336238
0.399615
0.776505
0.338995
0.188156
1.35164
4.81912
2.27702
0.66327
0.678
0.353002
0.384937
0.839147
0.534976
0.519553
0.267734
0.618328
0.0853367
0.792298
0.0427964
2.20965
0.509998
0.0813038
1.33477
1.75778
0.793231
3.77312
0.494148
0.120575
0.687709
2.65631
1.22896
0.175941
0.0533883
0.406388
2.25005
2.89537
0.3166
2.13759
0.685062
0.896741
1.71095
1.61921
0.102768
0.267738
0.0382319
1.63722
1.11829
0.0358887
1.71896
0.651509
0.299563
0.275802
0.301679
0.946223
1.67491
1.99907
1.54299
2.4406
0.189814
0.351922
0.872072
4.96484
0.8115
0.618334
0.596323
0.646889
3.35286
0.831562
0.31539
1.84196
0.103204
0.169823
1.0585
0.105045
0.105588
0.0975355
