-0.642996
-0.578685
-0.107793
-0.75072
0.165161
-0.811282
2.18788
0.576763
15.0339
1.94616
0.144148
-1.25099
0.570532
0.153382
0.648921
3.59268
0.512213
0.901093
-0.406371
0.209149
-0.729173
0.438237
0.0900642
2.96476
-0.353795
1.61636
1.5225
1.24568
1.52973
0.815055
-0.778975
-0.246684
-5.44182
-0.918149
-3.21624
-0.0164568
3.3127
4.20601
0.100464
-0.566629
0.172557
0.211434
130.353
1.91805
6.87282
3.43127
-4.85163
-0.277859
-1.71163
0.790719
7.96743
-3.91895
1.33523
-13.6655
-0.880195
-0.241052
2.41022
-3.63104
0.212618
-120.9
-0.982757
-0.0776538
1.70758
0.230815
-1.66931
-0.925478
-1.17147
3.51227
-2.31094
-5.6819
0.154591
0.328477
1.34309
-0.405207
-0.0594177
1.61179
-0.277086
-0.326876
5.03419
11.2406
-1.67527
0.72162
-0.675151
0.983721
-8.87306
-0.0772737
0.811049
0.0601912
0.263071
-0.323936
-5.86454
0.943828
0.658101
-8.87716
-30.031
-623.246
0.702516
0.254345
-1.53732
-1.35226
0.0472796
-6.56456
-0.754705
3.45417
1.11915
-0.698736
0.726372
1.05538
-0.678105
2.46205
-0.24967
31.6862
-0.31538
0.856243
0.0174262
-0.146413
0.467047
-0.622508
-2.21005
-4.22617
3.69858
-0.430855
5.26295
0.55542
9.70408
1.74592
4.23597
5.47219
-1.38073
-0.859122
28.1876
0.102156
-0.123641
0.371849
-0.00316314
0.358468
-0.0938954
-1.1449
1.43751
-0.523555
-1.64682
0.0263593
5.0647
-1.33761
-22.4814
-2.75737
-1.85171
-0.600317
0.0522869
5.08957
1.7172
0.443956
0.571784
-0.0822251
-3.44941
0.200593
1.65478
-0.757739
-3.41967
-0.984897
0.628278
36.6136
-7.0053
2.23864
-4.20301
1.72071
0.393935
2.38167
0.486632
-4.81128
-0.0360027
0.387782
-1.35181
0.568866
1.56362
0.749471
0.488046
-0.261526
-0.979351
-2.6182
-2.58865
-2.70888
0.265091
-3.33579
-2.78508
2.27285
-4.67589
3.14094
-0.244092
-0.274639
-0.526819
1.87086
-0.794313
-0.406784
-0.268929
-0.697352
0.701497
0.330587
-0.100965
1.64592
-0.265695
-6.15921
1.93283
3.67027
3.0235
-1.08839
2.7906
-0.714638
-0.542237
1.40311
-4.41326
1.02229
1.53446
-0.754686
0.346966
-0.638331
3.22453
0.928136
-3.45877
3.78047
0.17857
1.33471
0.820452
1.31633
1.40487
-1.30803
4.95018
-0.513064
-1.49596
-0.0557311
-1.26839
-2.587
-0.14629
0.715257
-4.62857
-4.18527
8.72857
-1.64582
0.775313
1.41386
0.886465
-1.15898
0.464389
-1.04143
0.65606
0.521448
0.725677
4.6774
0.439872
1.84829
5.69922
0.406017
0.0626619
-0.0512338
-0.0376339
0.607657
-0.275929
1.04944
0.0704632
1.67079
0.941939
0.504834
-0.308819
-0.308565
1.08817
1.98475
0.373409
0.121083
0.794093
-3.64189
0.503303
0.520156
1.69481
4.62423
-2.65867
-2.19467
-0.0775277
0.089059
-124.721
-0.567798
-4.26272
1.07634
-0.371702
-0.506301
0.994548
-3.67771
0.422271
-13.0441
-1.14035
24.2062
-5.22765
-0.692085
-0.496703
-0.348088
0.351991
1.93509
-0.272299
-2.36153
0.773796
23.4423
1.6036
4.03501
1.41086
-0.647629
0.40947
0.4279
11.4869
-0.161226
1.72565
-1.64516
-1.72659
1.22238
0.625154
-0.799281
-1.54895
-1.6969
-0.0453938
-1.85669
0.694776
-0.0900945
1.6693
-2.17427
-2.28501
-0.998907
-1.89609
-0.498092
1.12319
-3.36058
-0.433512
0.0113122
-1.24132
-0.228513
-3.76341
7.83634
11.8879
0.13953
-1.4195
-0.108251
-19.19
-0.334535
23.9659
1.85296
3.50695
6.01968
5.18947
-3.44351
36.707
0.517625
0.0130162
-0.0475985
-0.668898
0.738381
9.93443
-0.923638
7.1135
1.22919
0.102725
1.00595
1.83085
-1.59556
-0.99849
2.26412
3.05209
0.607848
-3.73014
-1.06938
-6.96532
-0.29678
-0.463713
0.114748
-0.394354
-0.928448
-0.252863
-0.22203
-1.4359
3.96632
-18.5015
-25.5661
0.780754
-0.550849
-0.647304
1.03553
-6.54802
-0.704079
-12.6633
0.886863
-0.549844
18.9699
-0.0615306
-8.15986
-0.722938
-5.55772
-0.592172
0.14589
-2.83952
-0.310815
-0.0663596
-0.0673216
-0.887088
0.13189
-0.150432
2.05803
1.45936
2.00974
-2.35136
-0.812568
4.77607
0.168459
-0.227128
1.3347
0.371963
-1.0495
1.57608
0.435805
-0.782177
2.25182
0.734612
0.353372
-4.7531
0.442471
0.604999
-2.22953
-41.9196
-1.17333
14.8624
0.448524
-1.12104
-0.084073
-0.2778
2.70187
-4.70068
0.238798
-1.70755
-21.9154
1.27271
0.654468
6.68175
-0.333371
-23.4627
0.719576
0.374357
-2.73806
1.88915
1.17065
0.958697
-1.8381
-0.798174
-8.62787
-0.859491
3.14406
1.87531
0.265702
-1.9071
0.17954
2.01108
1.12037
-2.2878
0.464375
1.83408
3.23741
5.30469
-5.75533
-3.886
-4.56121
-2.17438
-0.0101127
3.5134
-0.828275
-0.335359
-4.20761
0.161154
4.1759
-0.0236912
-1.93038
19.6131
-1.7134
-1.04161
4.56005
-0.874738
0.0899904
-5.8762
-0.711532
0.691137
1.88467
0.519628
1.78363
0.0309368
-5.0186
0.810099
-6.28503
-0.790069
-0.926876
-2.24153
4.6242
1.08418
2.75838
3.04497
-2.23566
0.542064
8.3486
0.911802
-1.57233
-0.284253
-0.733095
0.995461
-0.534844
0.996758
-0.0744296
-2.14459
0.748933
5.15598
-0.336098
1.34847
-1.34244
1.25056
-0.479843
-1.63835
-0.369563
-0.14216
0.539622
-6.9792
-4.53366
6.29266
-1.08681
-0.625252
0.283409
-0.168017
9.9524
-7.41781
5.14837
-7.21939
5.79877
-2.31978
2.84235
-0.317887
3.22605
0.143019
0.477343
-3.27192
-1.60692
-2.077
3.68922
-2.38395
-0.899514
-1.09078
1.44358
-4.59338
-1.94571
-0.392489
0.212038
-3.31867
-0.587959
-0.874122
-3.09621
-0.580679
-2.87766
-1.06124
-2.32386
39.688
1.52106
-0.447169
-1.50661
-0.334387
1.49033
-0.760753
-7.9156
0.117097
-1.00285
0.507855
2.19792
-3.22103
2.95702
-0.702612
-3.54063
-0.923267
1.6086
0.865468
8.09971
0.27506
-0.541946
0.242764
0.959072
-0.454815
-5.67202
-17.3028
-0.252208
-2.05461
1.70185
-6.74947
3.57006
0.463537
-2.7118
-2.41854
6.15501
0.737653
-10027.7
-1.22147
-166.622
-0.815242
0.0420789
0.488814
0.637659
-6.77876
-3.855
0.500432
-0.932461
-1.33764
-0.0180334
-0.528378
-3.21726
5.24117
-1.40188
-0.208848
0.775073
-2.61198
0.256758
0.353176
-0.445831
2.28869
3.05232
-0.576757
0.402583
0.20876
1.42576
-96.3584
1.07921
2.28143
-3.4598
-0.463676
-0.129152
11.9615
2.43784
-0.712329
-0.516985
-1.65978
-0.693875
0.98583
0.42118
0.0151785
-1.0148
-0.843397
-0.444009
-9.23475
-2.48219
-0.769808
-0.20709
-2.70467
1.00786
0.747956
-1.75141
0.409224
-0.898504
-3.42321
-3.51354
-0.869371
0.389419
6.96587
-0.732945
-1.41353
-1.36983
-0.139689
-1.25403
-0.891866
-0.850081
-0.494033
7.71415
-4.62344
1.93816
1.11571
-3.35817
-1.02873
-6.5929
0.300192
0.165792
-1.72253
2.48349
0.484562
-0.262984
-3.7615
-0.0197145
7.50823
1.70328
-2.96842
0.0918681
-0.928854
-3.41789
2.76519
-0.175002
-1.09312
0.345538
-2.68347
0.0497243
-16.1098
0.761974
0.688863
0.532665
-3.50921
-0.022275
-1.69692
-0.80053
-4.33608
10.5169
0.116861
0.155436
-0.490469
-0.598641
-0.076402
-1.59421
-2.5026
-8.10332
-6.99364
-4.74942
0.420021
-0.193963
1.13663
-1.78379
-4.48826
-1.03202
1.11357
0.854758
-1.53413
0.95112
-0.30882
-0.148504
-1.01283
3.73013
4.10343
-0.978298
0.147253
-4.2284
2.02528
2.47269
-0.384957
0.738537
0.862565
0.05688
1.25643
0.555526
0.797501
-0.573803
7.06769
0.644778
0.204521
-0.409374
-1.89973
-0.576528
-0.195349
-0.230622
1.86911
-0.988618
-0.363886
1.37906
-67.0789
-11.8857
0.690304
1.06246
0.0184165
-4.79556
-1.30949
0.196018
-0.240052
0.0597514
3.21972
0.0665654
21.2469
-0.972963
-0.861606
0.0596011
-4.93408
-0.197692
-0.597607
-0.149857
-0.697667
-14.2343
0.437473
0.534778
8.03121
0.603072
3.53233
2.73206
0.28006
-0.375669
-4.37206
3.3073
-0.712276
0.55549
-0.99185
0.20286
-0.475199
-0.188496
-4.80326
0.0522483
0.97597
0.282721
-3.60363
-0.260041
0.15878
0.874192
2.13292
-0.455355
0.133456
-2.23319
-3.00279
15.2669
0.935795
1.44644
-3.37566
0.0663462
-4.7118
-0.843372
2.02138
7.53383
-2.2358
0.401919
-0.508058
-0.251584
-0.247889
0.575797
0.731428
-0.372921
-1.33765
1.36373
-2.00794
-4.99882
-0.231751
-2.52955
1.3402
6.31836
0.399844
1.01519
-9.07696
-1.47655
-0.264094
-0.596581
5.52236
0.554538
-0.345121
-13.6541
0.269517
-2.76437
0.948036
-0.398065
0.321652
0.950543
0.964965
0.727881
1.51901
-1.15273
-0.95452
-0.684663
-0.511111
-0.749208
-12.0551
-2.06636
0.714149
-4.54963
0.365654
-0.694347
-11.4069
0.552645
0.14691
1.22815
3.86056
4.82746
3.46311
-2.4644
0.0376627
2.24581
-1.08018
-3.34278
-0.1482
-0.357096
1.21944
-0.690052
-4.37254
-3.54088
-1.43836
1.77171
-1.21949
256.468
8.74725
0.779312
10.6686
4.69014
-1.74229
1.25442
-119.985
-0.822832
-0.121102
1.4177
14.0147
-0.779667
0.295333
-3.36895
-0.168196
-2.76952
-13.9764
-6.08495
-2.76675
0.458343
1.12448
4.09866
39.4582
-0.235032
-3.14466
-3.57379
-5.52284
-18.9303
0.125444
-1.04197
6.31242
-1.86484
2.45961
-0.0769849
7.21782
1.52343
1.24134
-0.636818
-0.216739
-2.28174
-1.67455
-1.01669
1.73525
3.75935
2.32524
-3.74216
0.293187
121.827
-0.0927754
1.19145
-0.747098
1.52446
9.00057
0.476306
0.545059
-0.396996
-6.04461
0.726332
-0.487808
1.33131
0.577449
4.00527
-0.984227
0.471838
-0.715701
-3.24379
-0.147994
1.71978
-1.40576
-0.268097
-2.08414
-0.991653
-0.274448
-2.53612
-0.381639
-1.25644
1.09689
1.25704
1.34503
1.01744
-0.573541
4.31064
-0.680965
-0.725496
0.0243646
0.881137
7.53553
4.87213
-4.03967
2.77158
-2.22681
-0.956498
-1.4158
-3.31131
-0.889309
1.18124
-3.75497
1.24729
-1.83424
1.35699
-1.84533
1.27145
-0.930938
2.26831
-0.532989
-2.55051
1.64178
-0.0914421
-2.68326
0.0197648
-0.188561
-0.432963
0.376405
-0.0992558
0.544306
-4.23806
-5.3086
5.11866
-0.865737
1.11636
0.57034
-0.0826522
-0.0539436
-0.782748
-2.81132
-1.34452
0.648784
-0.780371
1.12071
-1.2106
-2.38956
1.77548
14.656
0.0579282
-5.27617
-0.54486
7.02425
-0.338197
-0.078987
-0.55418
0.00289312
3.47058
1.22803
3.94953
67.1933
-0.823966
2.92219
0.554418
33.5672
0.971212
2.87676
-8.79323
-0.395415
-1.23721
0.543276
-4.86895
-2.16745
1.14834
-12.8734
2.39708
0.820845
18.4961
2.92119
-0.258658
-0.0668345
-2.57076
12.0478
-1.74482
1.98083
-6.6556
2.66261
0.181588
-1.13442
0.458349
5.03217
-1.2126
0.783111
2.29758
0.463499
3.44196
0.164888
0.0882809
0.0614126
-37.1462
9.04314
-2.91546
0.300343
6.28259
9.37666
9.99476
-0.914608
1.85062
1.1095
2.98011
-2.45124
-0.318837
-0.0783489
-0.939691
-1.26412
1.92058
-1.55507
1.2926
2.18298
0.162467
0.702016
1.33563
-3.51754
-0.549951
0.0440087
1.56311
7.11102
-0.266897
-3.90121
0.390259
-0.0692507
0.513355
47.1769
0.44435
0.233188
0.169192
-46.1885
-1.73733
-0.362899
0.572269
2.69876
-0.0479804
1.11305
-3.80582
1.82769
-1.18443
1.56011
0.366889
-10.4327
1.1321
14.8827
-1.24739
0.393132
0.44872
-0.103496
0.00561671
-1.06122
-4.38549
0.3124
0.376881
-1.26738
-4.80942
0.436674
-1.55287
1.09404
-0.310655
-0.830056
1.95197
0.0730796
1.0886
-0.935008
-1.40752
-0.91334
0.405706
0.411138
1.09343
0.602548
-0.158833
-0.500636
0.30678
1.44397
-10.4789
1.80644
-1.38897
-0.475898
1.28231
-1.44396
0.715184
-0.0718859
-0.233765
-0.341718
-1.00737
-2.38703
-1.44897
1.67752
3.61808
-0.61992
-2.19734
2.09311
-1.28003
2.47654
0.855822
-0.136908
-0.641853
0.858911
0.882667
-3.41891
-0.55124
0.0159846
1.45358
-1.21882
-0.450598
2.76397
-3.7794
-0.190414
-0.283238
-0.163644
-0.966951
15.0894
0.868911
2.53734
-0.428979
-0.289207
-3.31178
3.07091
-1.02694
0.0822079
1.77745
3.14967
-1.75432
0.339393
-0.191916
-0.407995
2.8641
-78.4304
1.68449
-1.08215
-0.585988
1.91586
-0.874444
35.2719
0.441054
0.528852
-0.150309
0.514966
1.09451
2.39099
0.680495
-0.78492
-0.595018
-1.23595
0.403748
-5.8736
0.201624
0.464451
-0.753233
0.936149
0.00542587
0.334558
0.317341
-1.36352
-0.578278
0.218379
15.3466
1.15337
-4.28619
1.10275
0.0166876
0.0238287
-0.0953582
-9.27733
0.607148
0.136283
-0.500068
21.7082
-0.62121
-0.129036
-11.6194
1.11925
0.500795
0.426937
-0.191226
0.179031
0.716771
23.3854
0.548291
0.0147544
0.68558
-1.42537
-1.51025
0.0803974
-0.0134277
-0.837283
-0.137403
1.55566
0.243344
29.6932
2.61209
23.5642
-1.0633
-0.191129
-0.324851
0.343631
-0.856046
-0.776415
1.48187
1.20489
-0.824085
-1.00706
4.25454
-1.01508
0.429896
0.441938
0.932958
1.09263
0.235066
-4.26175
-0.906954
-5.10785
-1.67228
0.131991
0.50876
1.31551
-4.51981
0.51602
0.561816
-0.682072
-0.952156
-0.113007
0.0180973
-0.239455
-41.8236
0.314194
-0.382335
-0.62158
-0.978371
-0.34645
-2.97071
6.18531
-15.0726
-1.44684
-14.365
-2.8513
0.386092
0.743261
-0.0151948
-1.18182
0.321365
0.372223
-1.36855
0.184055
-1.31923
-4.8948
-1.53028
-4.59477
-0.459665
-9.5564e-05
0.367875
5.20416
1.91499
-0.553028
6.82597
2.31406
-2.79734
-0.929621
-1.02122
-0.260646
-3.01119
-0.266625
0.394129
-1.37644
0.179595
1.36712
2.91944
-7.42067
-0.369835
0.267933
-0.42143
-1.75016
2.64037
0.520882
0.0094753
0.339572
-0.779378
1.31554
0.333395
-31.9313
0.261305
-1.33964
-0.846178
-0.37972
5.49508
-1.63558
-0.090782
-0.488105
0.822616
0.16748
-0.297541
15.8573
-1.33513
0.187891
-0.711475
0.0752901
0.788759
-0.689236
0.321038
-0.23071
-0.0368712
-0.205897
0.241262
0.0675871
118.339
-5.56136
1.08269
-0.802606
-5.75954
0.382152
-0.759401
3.1198
-0.0189431
-0.806654
-2.00499
0.00401934
-0.0381581
3.17979
-2.58754
0.309396
0.639647
-0.809528
-0.0114195
-0.250848
0.977951
-2.62741
0.340867
-0.721373
0.0141274
-13.6943
-1.1009
-0.372952
0.587006
7.31426
707.979
1.20503
-1.36855
-0.357595
1.74927
0.333136
4.47753
-1.20246
4.07451
0.166256
-1.67302
0.374993
-2.73568
-10.6901
5.99172
0.108538
-2.24221
3.57479
-0.340996
1.577
-0.460801
2.60034
0.180941
2.14491
-2.39508
-0.0572938
1.34271
0.587076
1.03398
-0.670394
1.39628
-0.0508719
-0.135759
-0.512537
-1.62326
0.0199811
0.0831209
-0.962223
-1.41554
-7.57719
-0.0083408
-1.02829
0.0394026
0.511508
-1.77988
-14.6766
-3.54447
-0.727468
0.424433
0.169746
0.841646
-4.06385
-0.234096
-1.81231
0.371735
-0.0744732
-0.164167
-0.176497
-12.9436
0.38889
-2.08822
2.38708
0.204822
0.46332
1.0503
-0.232
2.44773
9.26502
-0.790469
2.71212
-0.366465
0.626415
0.483203
-2.86371
6.97713
0.219754
-2.03583
7.6979
-2.37517
-0.274812
-26.6812
3.16561
1.45011
-1.28043
-3.01218
0.973552
4.08689
0.231848
0.436234
1.73152
-0.467533
0.0457554
-6.48171
27.5476
3.39103
-0.356219
-0.215125
0.338383
-2.05607
-3.31242
188.36
-2.70629
-10.3431
2.48577
0.0931693
-22.0373
-1.45844
1.86139
10.2926
-0.0720538
0.740413
0.117529
-2.97926
-0.770401
4.37053
2.57341
0.433673
-0.28788
-2.52868
-1.03694
-0.0135108
1.499
1.46255
-0.175573
2.06069
-0.483806
-0.423016
-2.08083
0.0534935
3.12867
0.704565
2.17913
0.871003
-1.06385
3.61106
0.39258
-18.136
2.0809
-0.973464
-1.02081
-1.02767
-0.207284
-0.35881
-12.4946
7.17427
4.19361
-0.260701
-0.664652
0.0193979
-1.51679
0.284108
-0.91775
-2.63066
-0.950616
15.7776
0.992915
-8.40847
1.42453
-4.66739
3.14446
4.23357
-1.24754
1.4151
0.0795522
-1.41214
1.11149
1.88205
-2.04367
0.0956269
1.05716
0.542222
-6.58969
-0.0257941
0.234257
35.5451
289.988
1.33172
-24.6841
-0.505477
0.606796
-1.00239
0.29143
1.53641
-2.67561
-0.0436397
3.77244
1.91919
1.1686
-0.377609
0.409368
0.266818
4.38528
11.0626
-0.847598
0.443248
-0.474525
-4.32555
0.601153
0.978848
1.27473
-1.8303
0.890059
-0.0405875
-0.659164
-4.32297
2.62382
0.270393
-1.18719
0.160968
1.32431
-6.48207
-0.345785
-9.28038
0.658821
-0.245501
9.48718
-2.0008
0.370653
3.07592
0.384637
-6.34526
1.04767
0.282462
6.67408
0.865994
2.62601
9.80218
0.607375
-1.57217
-5.90238
1.56082
1.64589
1.54417
16.7506
-2.2719
-1.36215
-2.72321
0.683188
0.927756
-0.241231
-5.32158
0.0323073
5.72222
-22.2587
0.822934
-0.283015
0.217059
-0.0569518
-0.729246
0.583853
-1.4242
-0.220154
-0.473864
0.107571
0.321226
-1.53314
-0.442386
0.141507
2.65772
-1.70158
0.983223
1.35768
-1.24583
7.76928
0.103481
-0.264983
-0.0653294
-1.02985
-0.758193
0.446819
0.99494
-2.42983
2.79962
-1.13925
2.51075
-1.53789
0.267823
23.9495
0.0636892
0.448373
-16.6276
-0.725421
-2.11913
1.3265
32.1977
-0.125716
-0.123836
-0.261133
0.213005
-3.76062
-2.64076
0.186205
3.55289
12.753
-1.1891
7.29873
3.42293
1.42362
2.12623
0.909003
-0.262557
-3.19969
-2.68375
-2.75897
0.866549
0.613113
4.04834
-0.96322
-1.10203
-2.13056
0.60528
7.83786
-3.12812
-27.5514
0.556651
0.338702
-1.58508
-0.986273
-1.56726
2.91679
11.6518
-0.496348
-2.1189
-1.10189
-0.515981
-0.465725
0.686511
-14.7698
1.33601
2.7499
-1.57625
-0.259966
-1.79788
-1.76751
0.960815
1.43608
-3.89346
0.87993
-0.747069
-1.26816
0.261068
2.12965
0.00325907
1.65596
-0.110796
2.01531
-1.31253
0.218491
0.360102
28.6483
-0.453948
7.20915
-0.475832
0.346029
-5.96286
0.375925
-0.723246
-0.718358
0.488237
4.16413
15.9596
0.78457
-2.93047
0.264871
0.366605
2.00896
3.99067
-0.614977
-0.431618
-0.82178
-0.647152
0.323012
0.0970706
-3.31386
2.08174
2.66359
0.598435
-0.841871
1.12747
2.67282
3.40144
-415.657
-2.04529
0.597792
0.873617
-10.518
-0.445237
0.381886
0.691916
-0.688737
0.140973
-0.342692
3.95518
-0.691826
0.332594
-1.81206
0.443766
-1.30637
0.237714
-1.15219
-10.657
0.125259
-2.64378
-6.28742
-1.01227
2.63287
2.0407
-0.774567
-4.78351
0.584368
-0.491844
-7.6097
0.593723
0.381691
1.10999
0.389533
0.617996
-130.243
-1.14024
-0.349343
-0.909258
-0.987187
2.5759
-2.04351
-0.442123
1.03662
-1.01875
-0.48997
0.323711
0.14555
-0.582022
-0.492875
-1.74597
3.21581
-6.05263
0.163127
-1.10016
-0.802076
0.00301757
0.79684
-1.53011
2.43817
-5.27081
0.601862
0.389628
-0.712546
3.73779
0.82592
-0.400892
-0.0150967
-1.47715
2.42296
1.21549
5.25793
1.15543
-6.05748
-1.11524
-21.9886
0.406405
-0.159795
-2.35374
0.083365
-0.521938
-0.763764
4.15008
3.10046
0.00683586
1.09405
-0.10482
0.732508
0.756981
-0.632919
0.215981
0.230932
0.898632
-1.08157
-1.99707
0.0636137
0.496034
-0.166266
0.273712
-7.79182
-0.0962083
-0.852139
1.2958
-39.1781
0.391704
16.1727
2.94802
0.578268
-0.584017
6.92375
0.313098
-1.90594
-9.07554
4.01002
-2.28889
0.256505
0.668578
5.11113
-0.478426
1.91695
0.976913
-3.75802
0.645102
-0.380851
1.83368
-1.28548
-0.561667
-4.22638
-0.820994
0.662039
-7.32195
0.312533
1.23168
2.63716
0.967377
-1.04192
4.05649
1.96686
-1.04421
-0.660399
0.924408
0.081361
1.06458
-0.725933
0.561719
-1.84863
-0.381987
-1.38868
-9.05964
1.45952
2.01503
0.135263
4.48985
-0.186132
-5.73078
-2.69283
0.175145
-0.707675
16.5698
1.72553
-0.0250651
-1.98502
1.30496
0.249565
1.70756
-0.246965
-0.0295343
2.93422
-1.51717
0.290666
1.6899
1.2345
17.8048
-0.328087
2.72635
-1.70523
-14.8665
0.523968
-1.24138
-2.95296
-0.262223
1.9303
-4.49629
0.210655
-1.52749
-0.110187
0.661531
2.20464
-1.83716
-0.364819
-12.5969
0.0363206
-0.648426
0.835097
-1.4887
0.99863
0.154389
-0.55501
-6.66557
0.109785
10.4003
6.81366
-0.0349999
-0.600554
-0.444885
0.302958
-0.0970164
-1.35685
0.321496
2.2544
1.3833
0.206489
0.768681
0.89273
5.02035
-2.65127
0.132684
-0.47406
5.34549
1.592
0.896031
3.95432
-0.456814
-0.938564
1.36398
0.50422
-0.445184
-0.104313
-0.947141
-0.251531
-0.351185
-4.54165
5.57568
-0.137964
-113.905
0.534556
-0.51952
28.8569
-1.0919
-2.71863
2.62164
-1.38972
0.02519
1.69021
0.55525
-1.11235
0.711382
-1.432
0.213674
0.544286
1.76626
-4.8327
-1.06644
1.76742
1.7953
-1.41946
0.273844
-0.650926
0.328617
0.595512
-4.45819
-4.21274
3.40134
-0.846201
-0.549601
0.690727
0.792818
1.48659
0.507175
0.00261973
3.33327
-0.17124
0.230471
0.949894
0.441029
-0.937148
-0.300038
-0.162634
1.70625
0.600398
0.971709
0.525637
-7.65467
-2.62649
-1.52103
-0.617046
-0.643532
6.84013
-1.50404
1.65913
-0.163044
1.13464
0.491524
0.92576
0.990586
0.0157335
0.153507
0.0497142
6.62955
11.352
-1.49968
-0.654142
-1.08856
0.828724
0.425343
1.9449
0.347247
3.11741
-0.648982
7.15803
-1.1402
-0.984122
0.719814
-1.24343
0.0577297
-0.112747
-1.22605
2.42208
-0.63001
2.56117
0.63079
7.6847
-2.03092
3.31831
0.656701
-14.2438
-0.156475
0.672558
0.0507823
0.657352
-0.789594
-0.376527
1.20701
0.41136
0.309467
-2.91712
-2.08146
0.563808
-3.29898
-0.0649107
-1.40884
-0.500302
0.19695
0.0798258
27.004
0.789153
2.93696
0.809352
0.411936
-0.380175
-3.0954
0.866307
0.0982017
3.38307
0.19397
-2.82151
0.0268295
0.641772
4.9445
1.66477
0.00946363
0.884151
-0.504401
-0.144679
4.84707
5.94283
0.288058
0.794924
5.14173
2.52834
4.19298
0.0884753
-1.37814
0.0888314
10.3776
0.0990561
-6.95246
-0.0117802
6.46371
1.43486
-0.846576
2.14536
2.71076
-0.856917
2.10168
0.0923745
-2.01184
-0.111172
2.64218
3.95677
-3.5072
1.32845
-0.113811
-1.48261
-1.12218
-34.4818
-2.25492
-68.7177
38.8075
1.32412
0.246179
1.12867
6.72538
6.53169
1.36903
-0.428357
0.147965
-9.64457
-0.278319
-0.799772
8.7557
-10.0316
-0.123821
1.93989
0.714494
-23.9789
-261.171
-0.833562
-1.06768
0.433313
1.27842
-0.802921
-0.482259
4.17231
-0.939796
-1.67773
1.51753
-0.287962
0.0663283
0.969973
-0.449213
1.0889
2.65905
-4.36064
1.49393
-0.0958693
0.814373
0.413654
0.346312
-0.101884
1.81539
-0.939667
-1.75847
1.18667
0.133195
2.85192
0.129911
0.341334
-1.10992
-0.350996
6.55002
-0.587419
-0.649016
0.557816
0.0727019
1.46582
2.71578
-0.00162579
-0.163012
-4.14149
1.06584
-0.639385
1.48068
3.39348
-3.30349
-6.46507
-0.174581
3.94149
-1.32182
-0.131072
4.80996
3.4478
-6.71581
-1.06562
-1.63637
-0.27046
1.00383
-0.70672
-1.97028
0.47257
0.0488812
0.635446
-0.101799
2.2707
0.363914
0.425361
2.1047
-0.802628
-0.325706
1.11436
0.239902
-0.0203831
-56.451
0.51521
-2.83285
-0.727202
-1.50922
0.591455
-1.41134
20.8417
-0.805675
1.79619
-7.03024
-14.784
-0.26646
0.695951
0.101717
1.26743
0.731622
3.04881
-2.83124
10.7879
-4.29913
-1.24599
0.131756
1.14755
0.256664
3.47154
7.08121
2.5577
11.3228
-7.63168
0.45747
7.50382
1.66329
1.94514
0.163269
0.292635
-0.0352251
-0.165692
-0.309236
1.70306
1.60953
-0.220659
1.22454
-1.37229
-0.72497
-1.59913
1.22836
-0.209859
-2.10323
-0.0454758
0.698143
2.59645
-1.06347
-2.78436
-0.768188
0.127706
-1.40473
-0.405929
-0.431744
0.255306
1.32538
0.0851346
0.842433
-0.704012
-0.421884
0.79961
7.16724
-3.33755
0.271998
-8.48606
-0.362098
-0.0866678
7.37435
-6.98699
0.140772
0.970407
-0.515938
0.000582854
-6.05332
0.0733008
-0.257336
0.0595343
3.54704
0.66395
-0.298861
-0.0588978
4.5794
1.13541
0.299481
0.397413
0.0608988
-2.66685
2.00136
-0.362951
9.33451
0.0912987
0.249093
-1.75997
-5.2117
0.292511
0.487182
-3.30713
1.42135
1.03554
-1.67697
0.108468
-5.30894
-3.63684
-0.56294
0.279583
0.0680683
-0.163405
0.217172
-0.0339703
2.78577
0.311481
0.0793919
-2.33172
0.533877
1.18641
-0.988853
-12.1806
4.4101
9.84308
-95.0871
-0.53058
-12.8362
0.904149
0.105055
-0.172529
0.0355081
-0.628943
0.658064
-5.45717
-1.7143
-0.392468
42.0233
14.7047
-14.3617
-1.8026
-0.092939
1.12132
0.715555
0.0886299
-1.18694
-0.587396
-0.957752
13.035
4.93758
3.28371
-1.31348
1.00326
0.283292
1.42258
0.334848
0.677429
-3.48575
2.13973
2.93656
0.719164
-2.0867
0.432438
-3.07167
-0.397122
-3.74455
-0.362932
-0.210511
-1.95809
4.03552
-0.282429
0.555757
0.39871
-0.361555
-2.88452
-0.462716
-8.99449
-3.57077
-1.71185
-0.850352
-0.749445
-1.48028
1.07849
-0.0015602
-1.06154
0.142498
-0.397093
-21.9955
0.0419918
0.36
-0.658057
-0.031069
-1.22822
-0.639888
-1.36784
-11.9902
1.18785
0.500354
6.55053
-1.17625
-35.7814
-0.998399
-0.542988
-0.87499
-0.164311
0.501583
0.329441
-0.391827
1.51876
0.362724
-3.41083
1.59907
0.39086
-1.46704
-3.86731
-0.0223472
-7.01691
-4.97821
0.712265
-0.917281
-0.616607
-0.566658
0.0133454
0.56944
2.89144
0.409394
-0.302422
-0.508503
3.68541
2.23578
-1.06614
0.134376
1.24042
2.24021
1.25361
-2.71404
0.99571
-1.5304
-1.754
-1.01046
1.06477
5.05224
1.35789
0.182607
0.301884
-1.59674
-1.62892
-0.0551064
0.935434
-2.80535
1.72108
0.00194775
-1.88848
0.446168
-0.327251
-1.26109
0.0457344
1.13621
1.17504
-32.2929
-1.89366
-2.18723
-0.747901
3.5031
-0.203617
-0.374591
-1.09447
-2.11579
-1.40586
7.0706
2.20699
1.29305
-26.209
0.29421
7.38861
-1.8982
-0.135353
-2.49019
-0.0795659
-0.0638336
-1.33409
0.974447
-4.34633
0.586634
-1.5998
0.508849
10.5096
3.29435
-4.51051
0.104157
0.206965
0.717167
2.38203
-1.39214
-8.21411
-4.44996
1.71518
0.287741
0.439205
1.81642
38.9865
6.89816
-0.602705
-0.728798
3.09959
-1.00218
-0.305722
-0.580778
1.64402
1.20736
0.874358
0.166724
-0.577356
-1.21442
0.396776
0.354514
-0.459138
35.3873
6.13055
2.9721
2.53965
-22.8578
1.16994
0.171406
-0.280595
0.331632
10.1983
1.89149
-1.39903
0.512987
1.22361
-0.234752
0.625373
-7.19847
-1.47805
0.012293
-1.64738
29.4703
1.33117
0.211771
21.2379
-79.7972
-0.821371
0.55929
-1.35483
-2.21279
0.567563
-1.82548
-1.74396
-0.481321
-1.21562
0.108815
-0.216579
0.0669837
9.41572
0.0916473
0.727367
19.9301
0.124042
0.186767
9.48676
7.20137
0.464721
-0.826965
0.148
0.052996
9.42913
-0.23862
0.187376
-0.489944
-4.48037
5.19603
-1.0506
-4.84132
-0.687779
-0.531008
0.75534
0.203663
-0.603417
-4.15228
0.0904927
2.79695
1.074
-0.087943
-0.487999
-13.807
-0.471723
0.945387
0.884162
-5.02992
-5.94801
-0.258462
3.57268
-4.26304
-9.96083
-0.457506
1.38573
49.9926
-4.36958
-2.04871
-0.442056
-60.0086
-0.299674
-1.47763
-0.128764
-2.64615
-4.81087
3.82171
1.45351
-0.169128
1.46919
-0.270107
0.321117
-0.552044
-0.0827379
-5.70382
0.761787
0.0509521
0.330423
0.282562
-1.49559
0.204914
7.95971
-0.49595
-0.793406
-1.18145
1.46569
-0.53661
-0.607363
-0.0751135
0.137651
0.314065
150.115
0.285199
0.811093
1.23577
-0.994573
-0.536217
6.25438
-0.335516
1.03223
-0.216608
3.68248
4.702
-0.605051
0.413591
-0.124686
-1.80642
-1.96998
-1.05747
-0.0795816
-0.454386
0.968762
12.9904
-120.974
0.165254
-43.7629
0.270068
0.788703
0.662461
2.86425
2.52565
-0.435695
-0.0358263
-0.469035
24.0462
2.80825
-0.383529
-0.455268
0.643765
-0.748719
3.24114
7.13972
-0.239991
-6.27442
-0.730353
0.120589
2.03586
1.43585
-15.1009
1.65451
0.430842
-1.73945
0.331902
9.61511
-2.63581
3.05283
-1.8593
-0.294171
13.818
0.172484
-1.87314
-10.6926
1.34154
-0.320629
-0.800038
-0.74045
-0.608491
3.48246
0.133617
2.63526
-1.71596
3.76057
-0.113597
-1.34891
-1.63251
1.69
-1.82818
0.953176
0.806025
-1.39766
-6.83714
-1.7309
-0.0571926
-0.808402
0.247794
-0.552099
3.97885
0.0362812
2.59913
-0.803975
-0.900777
2.22751
2.15283
0.577119
-0.481713
8.9961
0.692052
0.924369
-0.0622113
-1.2593
-0.23162
0.0478819
1.47639
-0.167095
0.376537
0.296885
0.784633
0.582783
-0.00116576
0.480094
-1.89039
1.09028
-0.00519369
-50.1769
0.0826739
1.09939
-0.837135
-4.36776
-4.20983
-3.71084
0.0442275
-3.63889
0.796572
1.15138
1.56014
0.226045
-1.23444
0.171057
-7.9334
-1.54253
1.25366
-1.85498
-11.4105
-0.846025
-3.6043
-1.44567
-1.15506
-1.45385
-0.470532
0.0373642
1.32193
-1.15492
-0.143189
-0.658761
-0.151462
9.0515
-0.358446
-0.873613
4.18578
-2.037
1.22224
0.710198
0.0629486
-0.83584
-1.23762
1.08392
-4.32896
-1.55902
-2.21035
-0.485676
-0.250891
0.868252
-3.45148
13.152
1.52999
-0.0544287
2.93555
-0.351855
-0.566878
0.95384
1.54835
-0.835075
4.46225
0.561883
-0.224862
0.289611
-0.737782
-7.66487
-1.72572
-0.526463
1.89407
1.66372
0.0515317
0.984883
-0.542354
2.7593
-0.648616
0.040065
-0.388198
-1.04882
-2.01556
0.548802
-1.67898
0.354216
-0.284827
0.719102
0.312052
2.08762
0.65668
0.600993
1.81591
0.655937
-0.481805
-1.17832
1.16229
0.66594
0.207078
4.45918
0.0479547
0.637282
1.09502
-1.10578
-0.869451
0.260509
10.8237
-0.89141
0.413423
-2.66012
-0.47786
0.111878
-3.62369
9.75991
-0.282474
0.771133
-2.36767
-1.39091
-1.85613
-0.837762
-4.53638
-0.480445
-1.88425
59.7072
-0.752111
-1.11461
-0.305623
1.7791
-4.51191
0.890141
1.02741
-7.25125
2.33712
1.47727
-1.29093
-0.908701
1.16333
8.84653
-5.04255
-1.38441
0.53746
2.87937
-1.74284
-20.6402
0.667731
-1.57583
63.2232
-0.315707
-0.363576
3.42432
-8.08572
-2.96069
-0.369444
-0.222663
-5.68404
0.138438
-1.16147
1.4796
0.0902573
0.383086
1.69489
-1.30142
-0.277775
-9.05369
-0.676682
0.704006
0.0850488
2.2699
0.183307
-0.220881
0.117245
0.314144
-0.669409
-0.534187
-0.0420691
-1.45882
-8.08703
-1.53803
-0.408076
0.457012
-0.339448
0.293322
-1.94967
58.364
-1.95558
-0.150502
-0.101724
3.15618
0.498618
1.1014
0.977779
17.0578
0.313165
-0.429112
1.05215
-7.57746
0.195996
1.31641
0.503044
-0.198313
-0.38543
1.77826
7.93526
0.0414825
-1.85315
-1.72806
0.082969
-0.614369
1.17749
3.58264
-0.371595
1.18913
-0.208079
0.231471
0.635915
-1.93
-1.73113
-3.65711
-2.95351
1.23767
-0.206
0.331408
17.2559
-1.10536
-3.92591
2.04978
1.42793
-0.397795
1.62563
1.70017
-2.10185
4.53651
3.92055
-1.74656
0.283915
2.73036
-0.424252
-1.87006
-8.55815
-3.57972
-1.73268
0.421913
-4.88444
-1.19443
3.37619
0.467627
4.63646
-7.75128
0.452951
-0.423268
0.783147
1.19491
1.18542
-1.20558
-0.870055
-2.34574
-0.139745
-2.43864
-0.168745
-1.98409
-1.15807
4.06296
-0.180832
-0.724849
0.317605
6.96688
0.693232
0.570426
-1.49342
-0.161856
0.894363
5.81681
0.780838
0.0215273
1.96906
-0.630725
-2.81024
0.354147
2.92595
1.42823
-0.0531474
2.42901
1.07032
4.08574
-0.938537
-0.370105
1.57161
0.941758
0.676306
3.00061
-0.0703209
0.0143133
-1.96699
-1.23433
0.936123
5.06602
-0.629523
0.844919
-0.144945
1.40932
-0.147704
-1.10905
-1.64458
-16.4567
-0.37535
0.752345
-4.55109
-0.515703
-0.00469135
-1.27071
2.56923
-17.5095
-2.1483
-7.35604
8.96843
-0.0197631
8.31008
-2.84569
-23.1376
-0.302466
0.0302423
-0.588408
0.0893169
-0.243063
-1.24495
-0.135514
-1.45525
4.50706
0.645534
0.0491297
0.925902
-5.58916
-3.53173
-2.06768
1.43081
1.09384
-0.984905
-0.730269
-3.2155
-1.22013
-5.07546
-9.10148
-1.56575
-1.12823
-0.51339
0.678923
-0.517382
0.438112
5.99433
0.54559
-1.10147
-2.66261
-1.28972
-0.518902
-0.201679
1.48548
-0.235338
0.142137
-1.42312
7.76691
0.435193
-0.792776
-1.56222
1.85167
-0.454695
0.714729
0.224312
0.751503
0.469608
-1.52916
10.2044
6.69826
3.69769
-0.0372585
0.871976
-1.01099
-0.906916
0.113111
-8.17968
1.29768
1.11716
-2.28059
-0.333564
-0.0228739
1.15728
2.72643
0.206694
0.572114
2.54241
1.01135
1.05237
-2.31203
-0.722421
1.5176
0.780263
0.914893
-2.47542
-0.358064
0.541138
-1.36529
0.652744
0.204638
-1.62726
-1.37338
0.592808
1.46818
-1.06891
0.895477
14.3527
0.120153
-0.306202
-1.06855
0.305161
-10.5922
1.2344
13.0405
-15.9982
-1.71596
0.284953
-2.60709
-9.0021
0.773211
1.09846
-0.736864
-1.76783
0.676136
-0.13634
0.442107
0.156787
3.02364
0.359536
0.861646
-0.55161
-3.22184
0.855506
-1.51456
-5.29336
-9.83969
0.203455
-3.45298
-2.07501
1.50465
-1.10083
0.589387
2.7902
0.409831
0.365276
-0.78906
-0.118039
9.3149
-0.294584
0.488048
-0.112873
-6.66185
0.266441
0.920572
0.337201
-0.0447844
-0.636448
0.561577
5.64529
3.42328
-0.632943
-1.28818
-1.48856
-2.75392
-0.0240873
1.11755
-0.868492
-1.14262
-2.20436
-1.07013
-0.0595727
-0.0837866
-2.38413
13.832
0.336603
-4.20631
5.31478
-0.0382136
-2.06974
2.91756
0.333083
-0.734473
-0.172671
-0.113972
26.4088
1.62312
-4.18017
-0.950235
0.568512
0.0310149
1.09076
-1.70176
1.50112
-0.522202
-0.00539536
-2215.72
-0.237834
0.240437
5.53862
5.91461
0.143817
-0.307807
0.0880773
2.86801
-0.198594
-0.292115
2.60365
16.4311
-0.690471
-2.39709
13.2088
1.39912
-0.439402
1.94609
-0.474105
0.286988
-0.37046
-0.125553
0.257367
-3.07816
-0.120034
5.54461
-1.422
0.89816
-0.454892
-0.743404
0.222194
1.41123
0.788144
-1.01993
-3.18834
-1.54273
-0.0162064
0.257671
-0.0827028
-2.28771
-0.118524
-0.5319
0.454192
0.302593
-0.867527
-53.1277
0.838883
-0.719698
1.16677
-1.77976
1.16872
-0.0814761
0.194699
-0.239598
0.455792
-0.250437
0.142038
-0.67072
-0.619045
-3.56675
0.590595
16.1183
-1.89371
-0.365469
0.323203
0.359388
3.74979
-3.9944
1.88368
1.37377
-0.224209
-0.141249
1.09862
1.00268
0.836905
1.21044
-1.68446
-0.131198
-0.636653
0.487582
-9.89659
-0.238199
-0.224397
0.263484
-203.277
-0.226481
1.33756
7.58068
-4.99771
-0.617173
-0.43969
0.240913
0.186198
-3.64956
-2.5211
-6.95069
0.120688
-2.50293
3.1505
0.617023
-1.62832
0.0389815
249.695
1.07723
-3.13739
-0.664262
-0.490135
-0.50433
-0.0845849
-3.56756
1.53102
1.96034
0.600502
1.49271
0.720455
-5.33732
2.59429
0.311488
0.109722
-1.55222
2.83488
-0.264233
0.293109
15.74
8.8979
0.367656
-1.945
-1.76644
0.148556
-0.0655776
-0.831084
0.319778
2.17069
-0.117631
-369.861
-0.393506
-0.141704
-0.368688
-0.00202816
-0.297889
-0.0943805
2.11697
0.573914
1.47321
-5.97474
-2.62316
0.216768
0.0711628
-1.89237
-1.51257
1.09222
0.397705
-0.618559
-0.527934
-0.477831
0.99728
-4.19199
1.77988
-0.626372
-3.75959
-3.9389
-0.342583
-2.4139
3.64742
0.572918
1.04339
1.46784
0.248283
0.737357
2.8428
-0.129191
0.266215
1.30059
4.32369
0.748093
1.62459
1.60117
1.25891
-1.7776
-0.0120635
0.789106
0.542024
-2.60334
-1.18715
-0.922566
-1.05412
-0.311935
-3.19541
-0.460027
-0.179504
0.202388
1.21747
0.420322
-4.1614
-0.348673
-52.1635
0.521176
0.837279
0.543353
0.549723
0.674239
0.0331415
-6.80011
13.0733
-1.07792
0.533063
-0.319523
0.31283
-1.63026
0.1938
0.40929
29.2891
1.13747
1.32356
-1.74847
3.40037
0.799395
-0.202571
-0.126136
-75.2919
4.64757
-1.31987
-1.17293
1.42975
-0.41261
1.67008
2.5289
0.681021
0.76738
0.614612
-0.48317
-0.955666
-1.20841
-2.66939
-0.924331
0.666867
0.608377
1.42793
0.620398
4.11735
6.987
-0.428172
2.9091
1.41084
1.63433
0.522931
3.39301
0.556474
-1.49323
-4.57891
-2.66279
17.6764
-1.80515
-0.720745
-2.12369
0.470871
-1.50628
-0.767815
-0.493862
-0.167009
0.893081
-6.13121
0.0486963
-1.36796
-0.0647543
-0.173215
-0.584365
1.50914
-3.05645
5.16464
1.89786
-1.22113
0.191852
0.422904
1.70464
0.211084
-0.874773
1.39239
-1.11068
0.299169
1.37478
0.815099
-8.93827
0.690511
-0.913804
0.929047
0.229287
0.739567
1.83343
0.183865
-0.680664
1.59302
2.34027
2.89098
-0.596637
-2.37187
0.435049
0.0170103
-0.0847005
-0.201288
5.35269
-0.730399
-14.7077
-0.0144763
1.08611
0.327497
-63.756
2.94392
0.34256
-0.668204
0.272219
0.0775871
-1.23751
0.838821
-43.1978
-4.99182
-1.89286
-0.0600651
0.967723
-0.128511
-0.329211
3.1761
0.0903955
0.181133
0.891172
-0.249334
0.744387
1.14173
0.587894
1.01805
2.31977
13.669
-3.05106
-4.82186
1.81173
0.113132
1.00442
10.0809
0.324986
-0.513827
0.540455
0.431558
-0.544676
-35.9144
-3.10706
-5.53137
0.522687
0.758926
0.392772
-0.492072
2.06776
0.128681
-0.444671
-0.417547
0.193907
0.860437
11.1428
0.272645
-0.0740091
-1.4833
8.38308
0.418107
27.3819
-1.20906
-0.497078
1.27675
-7.67974
-0.510703
1.03578
-0.318973
1.56279
0.703217
0.0811817
-2.20783
0.150597
0.839741
0.824525
-4.1947
-0.0677825
0.14924
-11.6835
-0.441787
2.76099
2.03688
0.123519
0.769072
-1.68301
-2.28471
-1.34296
-0.379659
0.863245
-3.40287
-0.388982
-1.28194
-0.289211
18.8512
-9.45137
3.77714
3.84774
0.927591
2.26403
-0.0215123
5.269
0.0761801
0.786563
0.784732
0.127293
1.10448
0.17826
0.724901
-0.0142172
15.0699
-0.140217
3.27044
-0.0873859
0.408466
-0.400662
0.0722116
0.395264
-1.91641
-9.64521
0.868559
-4.44816
2.23123
5.1579
-6.17192
-0.722369
0.512701
5.03152
4.31102
-2.076
-0.138057
0.580943
1.26071
-2.38815
-0.114614
1.9012
1.81693
59.6181
1.33573
-0.479079
-2.13476
4.42734
-3.75368
0.35353
0.39842
-2.21295
11.0731
3.46641
-0.026503
0.216213
0.62692
3.41281
0.847284
-7.25974
4.63458
0.534752
-0.600159
-0.484708
0.734328
0.399886
1.38613
-0.882179
4.00091
3.49892
0.66199
0.949962
-1.76252
-1.53425
-2.07992
0.0689921
1.73714
-0.441484
3.24143
0.197599
2.93397
0.315742
0.2446
95.1318
-0.158439
-2.49707
2.33546
0.897029
-0.123379
0.388165
-2.14904
0.558417
-15.0755
-2.95244
1.14737
2.18207
0.848725
-1.39662
0.0361395
-2.83983
-1.03781
0.769662
0.3866
4.63392
-0.0748361
-0.412552
-2.11389
0.404848
-1.86955
-1.24338
-1.65056
1.60839
2.99525
-0.796844
114.941
-0.539267
-8.89511
1.84661
-0.0447428
-0.22464
0.884429
0.134641
-0.238987
-0.523949
-2.82168
-0.868641
-1.40636
-11.0974
-21.4834
-10.7184
-0.941847
1.44478
-0.199604
-1.67019
-2.10937
0.994836
0.0540025
-4.23238
2.54111
0.718294
-0.141574
-0.262461
1.00933
-2.80667
-0.0706649
-0.390587
0.0284819
-1.01446
-0.439768
0.288652
-0.230327
-16.5602
0.115273
0.663386
-0.375765
-4.5598
1.06888
-2.52998
5.85625
-0.705651
-0.21146
0.268283
0.212249
0.665975
-5.73198
5.83762
3.03839
4.25444
0.493311
0.273689
0.42333
0.209884
0.215846
2.12267
-0.278049
-0.304614
-1.64313
-4.16017
-3.70027
-2.07706
-0.271554
-3.05663
-0.491137
-1.17436
1.16244
2.92359
42.0784
1.99351
-1.18247
5.78544
-0.320858
-6.84631
-1.08856
-2.97466
1.08953
0.0976639
0.543593
-0.340966
-1.81961
0.351907
-32.2488
-0.601095
-0.578865
-0.508992
-1.41464
0.261633
1.29339
-2.05859
0.175784
-2.21878
0.256646
0.201675
-3.71676
1.49693
0.824855
7.94923
-0.628241
0.910002
-40.1395
0.64226
1.49881
1.06841
-10.4236
1.42391
-0.503691
-2.3828
1.35546
-0.978949
-0.280767
-1.1782
-0.806792
1.833
1.56798
1.78509
0.0781013
-6.53377
-0.186578
0.670996
-2.00858
0.773222
-0.550228
-2.6966
-0.346464
-0.631933
0.373843
-2.85386
-0.74607
8.69193
-2.96422
1.28008
-2.28488
4.3385
-6.33509
-2.54812
1.9227
0.145806
1.18149
9.28248
-4.34748
-17.0966
-25.0992
-1.1011
0.269885
-10.4865
-0.302279
1.84169
-1.90391
0.677209
4.23219
-0.663537
-2.12793
-0.0281427
-0.74607
-0.370923
0.259876
-0.813852
-1.00635
0.653063
-0.831217
5.16636
-0.338707
-0.0844435
0.625841
-0.259394
-0.115663
0.365386
2.85941
1.11864
-0.390989
0.0656404
0.796453
2.32945
0.300467
-1.64303
-0.209937
-2.05578
0.827863
-1.65293
-0.486184
-1.18812
-2.29737
0.383595
-628.103
-0.302749
-3.57293
1.48603
0.575323
19.0697
-2.90554
5.1324
0.707788
-0.921063
0.534836
0.461254
0.921371
-1.56588
0.236171
-0.235769
0.601263
1.41272
2.23473
-0.927691
-3.3191
1.61685
-0.980838
-10.4694
1.00812
-1.33196
-2.05459
-1.95781
0.0355138
0.832046
0.635671
0.723283
0.401148
0.167551
-5.64689
-2.73854
-3.35853
1.03119
0.557459
1.00876
-2.14163
0.417664
1.69027
0.647113
0.108864
-1.23607
-1.69757
-1.56903
0.592808
-53.6152
-0.30376
4.13176
4.11093
11.349
-5.5495
-5.88379
0.0148011
0.88269
1.02333
0.409718
0.516137
-0.406008
-0.199032
-2.31657
0.111562
1.82316
0.275475
-7.79536
-1.34295
0.311419
0.0147231
9.78002
-1.16433
-0.372443
0.149183
0.30337
-0.0567688
3.11295
-0.151714
-1.09313
-4.07461
-2.36647
-0.474018
1.5253
3.31626
-0.41883
-1.34509
-13.8215
-0.706661
-1.04541
1.61823
8.42896
1.32448
-11.9039
0.92912
-4.91202
-1.36059
2.79244
-0.0364469
-1.90052
-2.33229
-1.02817
-1.35392
-1.47478
-0.335601
4.31305
-0.793165
-0.93445
-0.0753913
-0.516211
1.94251
0.662984
-41.2402
-0.502167
66.8736
-1.84345
-0.188172
-1.79389
-0.186637
1.41744
0.103309
0.0509436
-0.414225
-1.13162
1.11204
-0.0881872
5.82418
0.357726
-0.913188
-0.245344
0.568075
5.31838
1.46493
0.692709
-0.0114896
12.2194
2.09576
0.366924
3.99791
-62.5998
1.77499
-8.678
0.904518
-1.50093
-1.00462
0.485804
0.930255
-2.38065
-2.17998
0.0421409
-2.93535
4.60404
-2.5785
1.80162
-0.192771
0.448432
-0.458881
-0.559844
0.279994
-0.131089
-0.18893
0.728635
-1.35879
-0.845097
-26.9027
0.247332
1.59659
-0.817121
-1.78242
10.4537
-2.54801
0.00643825
-7.60123
-0.0163391
0.684237
2.69235
-1.8649
0.0121416
-0.456982
-0.719824
-7.30151
4.96585
0.255762
16.8746
0.176329
22.2584
0.237907
0.919777
-24.3742
-0.943915
-1.39396
1.76728
-1.17363
-1.27528
7.22569
-1.3346
-0.316881
1.86176
-2.11496
-9.58703
-0.464644
-1.531
9.37776
0.440325
0.503761
2.94909
-1.01354
-0.677405
3.85461
0.992768
-0.341237
-0.0835266
-0.202984
0.857202
10.1027
0.370344
-16.8274
0.376536
0.887145
0.267737
-3.54293
-0.142638
0.310141
0.0333725
0.374913
-1.22177
-1.16836
0.675117
9.89835
0.500459
-0.783093
-0.209813
0.764169
0.185236
-0.56808
3.10562
0.597623
-0.381612
-0.41692
-0.225159
-4.94065
0.311546
-0.4554
1.25079
0.64268
11.1663
3.84687
-0.232854
-0.0386082
0.449104
0.447737
-0.223519
-3.34957
-2.43343
1.92893
13.3433
-0.473583
4.23597
-1.77355
-3.44876
-58.869
0.723778
1.3136
-0.517812
0.907509
2.07351
-1.76943
0.579158
-0.134365
0.421239
0.839915
-0.0414475
8.46509
0.819235
1.4563
-0.047795
0.27206
0.176194
-0.450442
-6.21064
0.732125
0.0123761
-1.11639
-3.27919
-4.51119
0.710838
-1.66782
-2.31823
-2.24887
-0.223033
9.24874
-3.59636
-0.757813
-0.00926763
1.59819
0.445995
4.80934
0.762948
0.784617
-3.1198
2.62484
-0.555647
0.305513
-1.19514
-2.57992
-0.173806
1.56909
-8.70901
-0.570667
3.92488
-1.8827
-0.582976
-5.50357
2.57038
0.94554
-0.0623481
-11.4811
8.4769
1.9803
-3.46871
-0.306769
-6.98564
-2.63548
5.46497
0.0593452
0.804804
-0.131604
5.2992
-1.59757
-2.30636
-1.33254
1.7344
-0.213534
-1.10094
2.10577
1.69869
1.22599
-1.1912
0.361406
-0.849994
1.21578
0.373023
1.28774
0.298497
-1.31582
0.977714
-0.248695
0.309766
-0.672317
-0.565178
0.0270996
0.0429786
1.8496
-4.9994
-1.1902
0.887182
0.74309
-2.74185
0.739522
0.130425
0.208128
1.81234
-0.678146
1.20068
4.56441
-0.825541
-7.83965
3.58012
-0.786589
-0.860369
0.570835
1.46122
-2.23222
2.37801
2.8284
0.752027
1.3351
2.91091
0.10054
0.873697
3.39224
21.8207
-0.549006
-1.1636
4.91597
1.68168
0.33518
-0.637049
2.45289
0.204569
1.74883
0.263474
0.0317723
-1.00259
-2.09605
0.288902
2.5301
-0.729248
1.66175
-0.492327
2.68353
-2.1973
1.69139
4.77599
-1.54156
2.95009
2.28326
0.549971
1.78054
-0.178345
0.681885
0.349604
-0.114857
-1.64199
1.52594
-0.218995
0.220885
1.15706
0.264799
-0.330635
-0.341084
3.71838
2.60617
16.9134
0.26986
0.742769
-0.200431
-0.158199
-0.0215902
1.92196
-5.03806
-3.28187
0.305772
-9.75726
5.18151
3.73898
-1.12101
-0.279236
-1.33176
-2.92456
0.057014
0.140773
5.54391
0.122842
-0.867703
0.0558555
-1.03318
-0.714067
0.751787
-0.710065
1.3932
0.24317
-0.623278
-641.321
-4.31492
0.629213
-0.995517
-1.89491
-0.08995
-0.0227938
-0.351466
1.15217
0.833922
11.6211
-0.856281
0.755842
8.42203
-1.68363
-1.61828
0.366673
0.139944
3.72255
-0.721112
0.243998
-1.07431
-14.2935
1.81942
0.648088
-2.09023
-0.57691
3.73959
-0.229802
-1.38017
0.535931
0.337888
0.285877
1.33608
-0.17949
3.99092
-3.88282
0.237928
1.20372
0.19135
0.417039
-0.444305
0.00387651
-1.35914
-2.54284
-3.5122
-0.894528
-7.25744
1.88768
-0.459503
0.685371
0.0212461
-28.1553
0.0329718
-0.365737
-6.05581
-0.435188
-0.374722
-0.831555
-1.8185
0.4625
0.245892
0.774882
2.5581
0.158692
0.198815
-4.25796
5.10567
46.7918
1.81137
0.258932
-1.30103
1.58579
-3.02592
-0.189605
1.89016
0.526368
0.197246
0.58579
-0.480765
0.539597
3.14942
-3.0503
2.56302
-0.317543
-5.53487
-0.209371
-0.522555
1.0889
-0.00613165
0.45089
1.39939
0.0688246
0.813157
-1.37302
1.55932
20.0761
10.8313
0.227883
2.55021
1.44155
-1.46927
-1.94623
0.295475
0.244384
0.347071
-1.93153
-2.62283
-0.159624
11.1708
-7.28269
2.37253
0.369404
0.170146
-0.714573
0.389319
14.5406
-1.09894
-0.840493
1.25831
-0.733597
-1.5263
4.03002
0.737023
-0.855218
0.0444211
-1.70825
-0.677942
-4.47798
-0.319903
0.303372
0.199206
0.728024
0.726791
0.6582
1.41895
-0.0921183
-0.506846
-2.17617
0.735527
0.205118
-1.5346
6.94225
5.20471
-1.48869
0.869715
-0.151844
1.6647
1.46727
0.336031
-42.7643
0.17292
-0.00436707
4.10838
-1.24388
-0.524804
-7.95169
1.02972
-5.27438
1.23968
0.394058
2.81337
6.67577
-1.94155
0.543109
1.2596
-0.328205
4.62352
-7.02563
1.05083
-5.95599
-5.10785
1.88419
-2.07962
-1.20169
-0.569731
8.108
0.230664
-0.70653
0.0500714
-0.179599
-1.00798
1.7571
0.266458
-0.557733
-4.16456
-6.59285
-1.09129
0.0498321
0.246112
-4.44312
-9.21476
0.153491
0.248132
-1.48033
-1.06806
-0.949902
-0.893109
-0.925288
3.14155
-0.407506
-7.24271
-0.459402
2.29893
-0.0945231
-1.46181
0.0819008
-0.399735
-0.746023
0.523075
0.450024
2.46813
3.442
-6.25806
1.11575
0.108967
-0.153798
2.02899
-1.443
-0.668315
-0.709008
2.56215
-1.59275
1.08711
-6.39785
2.10992
1.1951
0.3264
3.46622
0.916754
-0.0131894
-0.576884
1.63519
-0.60049
-1.50967
-3.20176
0.245034
0.069811
0.0564284
1.26536
0.46834
0.298505
0.0438748
-0.332391
-0.0258269
-0.928404
-0.699072
-0.29742
-0.938258
-0.544163
-0.470845
-1.56984
0.269269
3.75999
8.25457
0.871464
-0.662785
-1.82709
2.51063
2.98513
0.516605
-0.758229
1.09874
0.681684
0.392149
-0.183788
16.4036
8.0956
9.24655
-2.88887
-3.82602
1.50328
-1.94264
11.8669
-1.96712
2.16636
0.542502
464.39
0.0243226
5.93716
-0.400216
1.16868
-0.880156
2.85954
0.360073
-0.708363
1.26797
1.07735
-0.0399769
-0.545722
0.73597
-1.11125
-0.708679
25.7354
-13.109
1.87957
-0.977283
-0.229092
2.03845
-0.84292
0.0373725
1.23702
3.02498
3.2763
-2.72264
1.85595
-4.87489
1.94949
-0.0915511
10.8912
-12.5311
4.91203
0.744762
0.408721
-3.26948
-1.17972
0.2785
0.989158
1.18426
-0.728509
1.0737
0.149312
0.277472
133.422
-0.240024
3.63608
-0.0802847
-0.595219
1.344
-1.60322
-0.458143
-0.294443
-1.21462
34.4582
-1.58085
27.7124
-0.564825
-0.458407
2.44929
7.08969
10.2972
0.934947
23.9925
-0.69274
-5.03948
-0.468308
-27.9971
0.404762
-0.544845
-0.456207
-3.33317
-0.24319
-0.653546
0.657058
-3.21685
2.14618
1.32779
0.498468
-1.03451
-0.0146199
-0.662805
2.50628
0.488859
-2.5276
0.890954
0.0195814
-1.07823
0.117492
0.340046
-2.60288
0.532832
-1.98422
0.32982
0.116367
0.71012
0.122674
-0.0947432
-2.43512
0.0494758
-1.8571
-0.217361
-3.74449
22.4777
4.53984
2.35205
-0.619046
-1.01608
-0.573772
1.51832
-0.681725
-1.92171
5.8526
0.553906
-1.56572
-10.0441
0.375705
1.76642
3.81367
2.23846
0.536819
-0.989406
-0.638102
-7.80984
1.97815
3.20497
2.04417
-1.08859
0.48905
0.323741
-0.941199
-0.581357
1.77531
0.762525
0.087186
-0.226689
0.196297
-0.0262489
-2.27195
0.536619
2.15695
0.677624
0.250372
1.84947
-8.55998
58.9812
4.64531
-0.345244
0.222451
-2.47114
-0.198541
0.28466
-14.0373
5.54409
0.304896
0.427198
-0.0317198
1.28788
0.716844
-1.58256
-2.19586
-2.29712
1.44906
-5.67295
30.5788
2.43073
2.3589
-5.393
-3.19372
3.41583
1.12795
-1.71996
21.225
27.4696
-2.33452
1.03225
-1.15779
-2.6164
0.284139
-1.91204
0.626658
-1.9691
0.405624
1.72893
1.28705
-1.31495
-0.0543818
-2.20585
2.05139
-0.967525
0.45481
-2.1453
-1.98993
0.280012
1.5929
-1.03747
-0.0258685
1.25779
-27.5177
1.55911
-0.210465
15.4475
0.8355
2.87521
0.409705
-0.0537564
-4.21819
2.51264
34.1542
0.0255765
-1.10076
6.40143
1.36414
-0.350084
-1.41712
-0.667257
2.38602
36.6039
-1.49197
2.22431
2.98165
-0.279252
-0.699944
-0.192473
-7.79165
-3.15156
0.228216
3.55733
0.632688
-1.85352
0.54891
-5.78974
0.0337049
-0.0568242
-3.5796
0.399827
0.607782
-0.176279
2.12274
0.99811
8.80399
0.811125
0.976796
2.46655
7.11388
1.68763
2.70927
0.102043
0.50419
-1.95291
9.45292
0.529685
-1.52403
-6.41229
-0.0523287
0.0311687
-2.05435
0.548149
1.5985
-1.21702
1.23322
-5.27435
1.55759
4.08757
-1.20877
-5.10881
-2.85217
-0.13003
2.19364
1.10384
-3.35413
-2.44119
-0.298161
-0.85944
0.125244
-0.249789
1.29932
-0.39733
0.465643
-0.104036
0.104487
-8.54944
-1.44713
-1.52859
-1.50587
-4.03406
-1.08066
-0.0121732
0.834989
12.7782
-0.0948092
1.06246
-3.23581
-20.1162
-0.0954598
20.7969
-29.6134
2.1134
0.192949
-0.41633
2.03489
6.57176
0.194711
5.98245
0.883409
10.7732
0.751193
2.70771
0.00667129
0.311951
0.243684
0.312158
-1.3189
-0.213717
0.131969
-2.82923
-5.43086
0.0644982
-0.930265
-2.44044
3.22038
0.455907
0.147915
-0.576497
-0.0802211
-0.435922
0.502247
-6.78608
-0.467678
-21.9555
-1.95902
0.112505
-5.27439
-0.200861
4.98944
-0.954799
-1.77246
-0.519542
-0.477795
0.655656
-1.70088
-0.287724
0.170628
1.74291
0.480656
-0.205004
0.869656
1.2085
-0.879356
-1.98151
1.88824
1.06669
-1.32534
-0.913774
-1.51096
-0.715706
-8.99869
-5.54364
1.10187
-2.78885
0.359849
-0.956872
0.157124
-0.0460624
1.91546
-2.78837
-12.5024
-8.96288
-0.611979
1.83418
1.78064
-6.10313
-0.805381
0.154816
1.22196
-0.699229
-0.111653
0.245811
2.02586
-26.7252
2.00005
-0.994748
105.232
-0.110856
5.56079
-7.29489
-13.4797
1.54521
6.30822
1.87161
1.86217
12.9896
1.74778
1.74997
-0.582108
-0.369037
-0.789123
2.21908
0.270847
0.606939
-0.380625
-2.94602
10.4683
-1.15749
-1.49537
0.429856
0.634517
0.196248
1.28263
0.846981
1.51384
-0.251994
0.574635
0.995542
3.09519
-0.476931
-1.19344
-0.101503
0.48804
7.77779
3.22367
0.292635
3.82504
-0.573195
-1.6602
1.19201
0.395659
-3.38399
-1.15283
0.0848568
0.0848304
0.866416
-1.56168
-4.84178
2.51364
0.694622
0.606655
-0.119203
0.481349
-0.0172136
1.2724
1.20925
0.205026
-0.977425
5.06012
0.338647
0.28586
0.459521
-2.06604
-0.269068
1.17438
0.606688
0.629025
2.16167
-1.38667
-1.68847
-1.48909
-0.756747
-11.7395
-0.171576
-0.325027
-0.154363
-3.25864
0.503647
-1.02031
-2.85662
1.69601
3.30531
-0.327176
-1.37643
-0.10294
2.11763
1.19035
-1.06691
-0.293209
1.20733
0.928766
2.11582
1.21397
3.41914
-0.378434
-0.30836
1.70093
-0.564412
1.89874
11.7842
-0.109884
1.03144
-2.08097
0.262784
2.10658
0.843468
-0.0740589
1.682
-0.056266
-0.683378
0.464999
-0.122471
2.25157
1.45336
0.191751
-0.298434
2.79111
-0.841163
-1.1028
-1.40886
0.135431
1.77952
0.601918
0.434191
-0.300645
-0.26201
-9.38072
-0.0222962
-0.444158
0.970189
-21.163
-0.0480017
-0.504778
-2.00718
-0.857368
2.26723
0.312179
-0.230523
-0.331529
1.24659
1.25006
0.648548
0.239856
5.76634
-4.06102
0.395829
1.75265
1.80645
-0.349525
-0.489722
0.0794486
0.41415
5.88939
0.167311
-1.63639
0.0612324
8.77703
-0.389244
-0.617847
-0.661565
-1.00433
0.0269672
-4.03633
-0.227925
0.911296
0.187447
-1.35432
-0.158801
3.54565
-3.62244
-3.79204
-0.98209
2.27076
-5.74849
0.0757103
-0.356474
0.656952
2.14504
2.00114
-0.636018
4.28029
-0.400023
0.397439
-1.00849
-0.456154
5.30952
-0.118963
-0.402971
-0.628866
-3.00234
-0.299905
2.67221
-0.419896
-1.38391
-0.576457
-0.736618
-0.248855
-0.374825
0.998605
-0.76858
-0.191777
-1.56699
-0.459029
-2.23439
0.0849523
0.0772127
-2.02714
0.150786
0.851183
-9.26445
1.39107
-6.9837
1.46234
-0.419636
0.406599
1.42583
1.34055
2.57883
-8.5514
-0.959015
-0.68276
-1.55168
0.364088
-1.12307
-0.126421
-0.725304
-10.0601
-4.44312
2.09169
0.711949
2.7757
1.75487
-2.27907
0.206278
0.439041
-1.4057
18.3612
-0.671591
14.3683
12.5061
-0.431715
0.541794
0.867271
-1.45623
-0.259451
0.95734
-0.125164
-0.13656
4.8721
-0.0439293
4.09808
7.37325
-3.35381
-2.60325
-1.00458
-0.014373
1.83283
-1.38678
0.753434
0.495952
-0.0220185
3.58809
1.51076
-5.76242
-1.53909
-6.80495
0.3808
6.71681
1.01032
0.0285193
0.185881
-0.646321
-2.91044
-0.412982
-7.71557
2.2314
-1.48533
-0.911507
-0.985812
-1.11458
-0.309151
-1.08455
-0.196561
2.28219
0.758674
1.26644
-0.29889
1.41641
2.48851
-0.506481
-0.688126
-1.42028
4.45473
0.143215
0.0211888
0.507331
0.305617
0.0409825
87.3825
-6.84836
0.545048
-9.53924
-1.37288
3.01984
-3.05172
-1.86509
59.6824
-1.24353
0.962539
2.4648
-3.68689
6.10474
-3.05537
-1.30883
0.356487
-0.0624578
3.43499
7.57553
-1.87878
0.45175
0.07148
0.342083
0.0525536
-0.292681
-0.870097
0.0263726
2.01289
0.00797709
-0.486479
5.25952
1.05113
-13.6369
-0.1511
1.67122
0.713686
-0.428859
-0.509021
1.33578
-2.28308
-0.613328
-0.159255
-1.23125
7.65274
6.14498
-0.397165
0.442858
1.90972
-0.503289
8.20245
7.98529
0.532647
1.7118
-0.389593
0.319553
-0.958649
0.286878
0.82135
4.01674
1.20601
1.4773
-0.538756
-2.17625
5.8257
3.47274
-5.22294
-0.386602
-2.05243
0.42084
-2.94458
-27.6357
-0.402643
-0.0266167
1.16267
-0.175973
-0.717299
-1.85918
0.337155
-7.97439
1.58004
-2.19748
1.18534
-9.77319
-1.48179
2.34803
0.940042
-0.560511
3.35991
2.11132
-1.6635
-12.3394
-0.0119291
0.131794
-0.887624
0.227261
-0.759225
-0.208327
-27.9428
-1.03004
4.15828
7.81898
39.5087
0.556506
7.54337
-0.0542904
0.0118247
-0.0984443
2.03496
0.612238
-4.19107
-0.222627
0.0137774
1.8476
-7.91198
-0.222024
-2.31865
-1.04782
-16.645
-0.0516864
53.3484
0.192899
7.71633
0.681659
0.174095
0.887865
-1.93584
-0.387779
-1.20768
-1.94075
1.0718
-0.0688198
1.08458
-1.42879
0.616447
-1.57287
2.71818
-0.115408
0.546162
-2.33767
-0.170688
1.08682
-0.974356
-0.792507
-0.0988869
0.0963505
0.457915
0.297547
-2.80961
-1.04408
0.24496
-9.61501
-3.88134
-2.35719
-0.158928
-0.546925
-1.62173
-0.0959786
0.304367
0.0919765
2.44926
-1.04406
33.6509
0.271464
0.297881
-0.694989
-0.277215
28.3685
-2.1257
-25.3515
-0.473869
-0.431861
0.789816
0.478277
0.66205
12.1502
0.810017
-0.903463
-1.34152
-0.100535
-1.7455
-0.649367
0.575776
0.350542
-0.493757
0.987783
15.2639
-1.30542
-0.744127
0.332603
3.06558
-2.70468
-0.137731
-1.06527
7.0897
-21.4252
-0.666691
0.828923
1.2459
-1.2989
-7.26302
-1.08833
-184.388
0.244114
1.24327
-4.81596
1.60852
-0.187886
-5.04893
-2.73584
-0.809594
-14.1857
0.576159
3.53354
-2.00804
0.613726
0.0349541
-0.588053
-4.11034
-0.435701
0.0408951
-0.846689
-0.383313
3.51781
-1.64883
0.441144
0.148079
46.8808
0.0675863
-1.54828
-0.373542
0.439825
-2.39896
-17.0724
-2.97204
0.589161
0.747855
-0.942937
0.31545
-4.43623
0.888113
1.20648
-1.45809
0.53085
1.81105
-3.55306
0.0857241
-0.0345843
-0.712251
11.2823
1.51314
-3.48315
-0.227951
0.913973
-4.07063
1.12205
0.115281
-0.624522
2.074
0.367477
-0.928222
0.565743
0.548371
-1.27057
0.191098
-4.34651
-0.544468
14.6539
5.73292
1.94128
-0.35437
-3.4656
-9.34152
-0.0113555
-2.10651
14.748
-0.48287
0.071005
7.36157
0.991697
-0.419379
-0.435539
0.456003
-1.28174
-1.89506
-0.219846
-0.249711
0.264421
-2.46952
-0.681098
-0.141895
0.611096
0.368049
-0.844604
0.224173
0.548916
-1.07676
0.952766
-0.439334
5.45297
2.79483
0.279508
1.55794
-2.6549
1.37892
1.2198
-7.71931
2.85245
-1.01892
-4.18869
0.883003
2.88236
-1.90048
-1.67
1.03534
-5.17683
3.49926
-1.02791
0.160215
0.246443
-0.0252334
1.19232
-0.681253
-0.104018
-30.0015
-0.738027
0.210824
2.98114
1.29432
-0.380332
-0.0306195
-0.068098
-0.908801
0.671454
-2.53971
0.608548
1.02451
-0.280837
-0.610262
0.855943
1.02104
-0.157238
-0.177769
0.849549
-0.38669
-3.02372
-0.677917
1.06765
-0.00516377
-0.393479
1.12619
0.166387
-0.405254
-6.58062
-1.04691
1.9071
1.61044
1.35931
-0.776874
-0.593333
-0.519445
-1.6507
-0.525114
0.263821
-0.38975
0.588729
3.81374
-4.56095
-2.85603
1.72904
9.1338
-3.38106
8.1571
-17.2877
-0.771129
0.19814
2.09698
-0.790994
0.758431
0.151053
1.41833
-2.11564
0.329991
-12.1444
1.30033
-2.03744
-0.413185
1.78981
0.861534
-1.24202
-71.9473
0.490265
-0.0576651
-1.36352
-1.97401
2.89971
-1.731
-0.364693
-0.488452
-0.720886
-0.791111
-1.27514
0.532207
-10.9638
0.962638
0.0891112
-0.101081
-0.429225
1.22378
-5.05101
-3.35107
-2.26284
0.404286
-12.3863
0.888534
3.2162
-2.20148
4.66095
-20.02
-6.30572
0.24556
-0.540204
0.248419
0.583976
-8.47555
-1.45827
30.0207
0.290799
-1.29034
1.68289
0.277395
-0.0477819
2.15932
-1.83661
0.483974
-10.7756
1.51917
-0.372503
-0.0654207
0.716363
-1.43936
-2.21542
-0.276453
-2.83395
-0.061217
0.053518
0.869898
-1.11446
1.83915
-0.4289
0.43031
2.89551
-0.837939
-4.22812
1.92933
-0.912715
0.960639
1.13928
-0.850825
0.499915
1.35578
0.90256
6.23697
-2.31181
-0.641338
-1.01606
-1.06279
4.65086
-1.5498
15.6779
-1.85699
-0.691236
3.02012
2.06932
-1.61363
0.350993
-0.933486
0.026264
-0.222588
0.524932
0.135405
1.88638
-0.840619
-0.806689
0.658279
0.721419
4.11296
-1.98043
0.58096
0.426621
-8.78364
4.39178
-0.95914
0.402671
-0.0054837
-0.933176
-1.81757
-0.206222
-0.399444
0.634491
1.11577
5.31766
-2.65493
-2.98095
0.58113
-24.5013
-0.0447989
0.932089
-1.71575
6.13109
-3.15959
8.176
0.759767
-0.497637
-0.123409
-0.505209
-0.0489477
-2.78545
0.487797
-1.95106
-0.222422
-0.166368
-1.44606
-0.638903
-0.133896
0.853581
-0.356323
-6.72886
-1.79931
-0.131823
4.60004
5.23691
0.476266
-1.28255
0.366664
-0.697834
-5.25303
1.03225
-0.583785
-0.445125
-1.73643
21.545
-0.681439
0.436395
0.23416
0.743983
-0.794417
0.497948
-0.639601
0.855224
0.971828
0.626242
0.227277
-0.57136
0.745206
1.4823
-0.0988731
0.113415
2.69181
-0.831254
-0.138693
16.5827
-0.142795
1.15525
-0.821786
0.815858
-0.80833
0.264237
-0.415199
-7.2054
-7.13572
0.39129
-0.753979
0.289181
2.3759
1.07261
-0.466918
-1.54001
-1.74812
-0.993205
4.02463
-0.798858
1.03739
-0.925384
-7.22711
1.03242
-1.22089
-0.505849
-0.153943
-0.665192
6.41613
6.76319
1.40834
-17.4796
-5.25535
-1.65686
-49.1582
-0.26029
1.14708
-2.93119
-0.298598
-0.0981254
-3.10918
-0.572469
0.244327
-0.715842
1.24646
-0.117207
18.1221
10.7903
-9.06507
0.530142
-0.937269
0.161912
-0.465741
0.352399
-7.13487
-0.775718
-0.824277
53.7199
-1.05
-0.103805
-6.28466
1.70346
15.1015
-0.728751
0.769887
-1.73803
1.01925
0.376922
14.7763
-0.116876
1.86919
0.34749
0.0860346
-3.59509
4.17543
-3.35636
-163.263
5.05839
0.833211
0.94365
2.0501
-5.98433
-0.943388
0.45971
-27.1873
0.608108
-1.42138
0.373491
1.92616
1.12876
0.206217
-2.39872
1.06399
20.9223
1.13772
-1.40665
0.0322941
0.345985
0.181129
-0.0862245
0.426238
-0.758392
-0.0656306
-5.05821
-2.96972
0.186884
-2.76523
-1.02999
-0.700382
-0.309199
0.0950627
16.8546
6.33978
0.251
0.378544
1.78453
0.393181
-0.754964
1.35745
0.113228
0.418444
1.52867
1.06444
-11.829
-0.763511
4.28054
-2.28901
3.73573
3.61614
-5.19503
-1.31959
0.354391
1.59185
-4.62041
0.46186
3.38382
-0.0607117
-0.885036
1.01452
0.209581
-0.398483
-0.339202
-0.0212421
-0.507267
-35.8709
0.0243709
-3.10394
2.0037
0.477979
0.263237
0.63298
-0.974131
1.4739
0.0162583
0.959396
3.02707
0.349509
-0.871816
4.67081
0.780885
-3.05793
-0.419173
0.89396
6.90868
0.616673
0.196388
-2.8236
0.73734
-9.08204
10.9367
-9.01087
0.126793
0.24498
1.53918
0.128502
-59.5326
-1.45917
-0.0200946
2.74512
11.1786
3.14516
-0.255164
0.0934148
0.796426
0.828378
2.97788
-4.10623
1.58989
2.49607
0.237234
-2.45895
-3.17922
-0.393402
-4.90032
-1.16014
7.14285
1.6065
-1.69145
-0.458477
0.140591
-1.59321
23.2098
-0.414023
0.949009
-0.429273
7.17627
-0.0766868
-0.191447
0.00574077
7.71008
0.267921
3.61773
-2.7
-0.86745
-2.4899
5.89115
0.035538
8.18053
1.67903
0.205244
-0.479368
2.32067
0.941614
-0.279349
-0.126471
2.2577
2.95002
2.37365
-1.01012
1.16829
2.00729
1.09029
-0.876647
-4.45591
4.70449
-2.64212
-0.581924
-3.55525
-0.0810853
1.91206
-0.747745
0.909294
0.327302
-2.38663
2.48881
-0.0441599
-3.4429
-8.13882
1.68366
4.97822
-0.243244
-1.72176
-0.909346
0.29151
2.0829
0.142788
-0.572791
-0.298219
1.77253
0.912811
2.43072
-0.176378
-2.13244
-6.16009
-1.68965
-1.05284
-2.70128
-1.29654
-0.791115
2.11117
-4.83921
-0.787182
1.10649
0.187954
0.089753
9.93762
-0.383475
1.70676
0.0887126
1.75896
-0.0712779
-0.504402
0.0641906
-2.09295
-0.937359
-1.34457
0.073129
1.87072
1.04551
3.04799
-0.311229
-4.97943
-1.10191
0.815795
-0.272632
1.68449
-1.57573
-0.0688449
1.33379
-6.78525
0.646309
-2.44028
-16.8823
14.4885
8.57752
-0.904096
-1.39284
0.454686
-6.34909
0.752105
-0.758876
-0.322122
2.19852
6.57211
0.663888
0.701568
2.38012
-0.531174
1.29807
-0.361603
2.85713
-0.00172047
-1.04304
0.0799337
0.128299
-0.686488
1.80518
0.433767
-5.73157
-5.44997
0.342533
185.464
0.616477
0.544589
-0.267652
-0.731026
-2.77533
0.353051
14.2177
0.55974
-1.10938
1.72625
0.382588
12.2678
-0.178377
-0.104114
-3.01726
2.82319
-1.87531
0.230237
3.79335
-0.511739
2.13619
0.0142663
1.21629
0.363111
-0.880479
0.135702
-0.963271
2.21251
-0.69971
0.479205
-0.215636
1.16275
-0.308813
0.258804
0.960703
-1.00032
-0.38645
0.677209
-0.754096
-1.35732
-1.70089
-0.674013
-0.571729
0.958484
1.35627
1.29168
-0.656342
0.968363
0.236538
-2.1434
-0.852507
0.392696
-2.18422
1.37805
0.580702
2.37439
-0.982186
-1.37654
-0.611604
-2.23861
-0.546046
-0.159973
2.06493
-0.433768
0.434609
8.99459
-0.394203
-2.55807
-0.684324
0.16972
0.763138
-3.59023
8.02231
-2.16962
2.41701
-1.08467
-0.792651
0.441139
0.415506
-7.58221
0.47381
1.01189
-0.874763
0.521742
-1.37053
-0.183038
10.8922
-0.0314026
0.429693
1.01478
-1.3906
-0.091794
0.988162
1.22802
-2.83067
-1.33439
3.63365
-1.38978
3.78893
0.468017
0.26612
-0.300395
0.657289
-12.048
0.157863
-0.332279
-1.94735
-0.336166
0.131439
0.317372
-0.709572
0.215251
2.13125
-1.29589
10.3023
-1.52882
0.0293389
1.02937
-0.412572
1.31749
1.35894
-0.625378
0.647881
0.158228
-0.539532
-0.312748
13.3706
-1.03078
-1.53842
2.13863
-90.8154
-0.206899
-12.7558
0.401945
-32.072
0.131731
-0.213649
0.232827
7.0399
1.11905
-0.832715
-1.65947
-2.33338
-1.18611
1.4345
0.086348
-0.418026
-0.434725
0.155344
1.46963
2.69534
-0.00427281
1.14807
-1.26203
5.46657
-0.385231
-0.0124202
-3.78571
0.363855
-331.931
0.612626
-1.08187
0.74914
0.207396
0.236791
-0.970228
-0.463029
-24.3274
-0.760726
-24.099
-34.8956
-3.81593
-6.15332
0.838784
69.775
-2.5875
1.01326
1.90977
0.372857
-1.21556
-0.513167
-2.06236
2.48386
-0.090965
-3.50499
-0.18687
0.425831
-0.394951
-0.100039
-0.499307
-0.4522
-5.28697
1.31881
-0.894204
3.69348
-2.3902
-1.30365
-0.586786
0.194118
-2.20165
0.13581
0.634317
-27.3764
9.84976
-0.0243211
0.242823
2.2908
-0.285882
1.15482
-46.4176
0.231345
1.46148
-0.744006
41.4298
9.89438
16.8923
0.818534
2.05332
-1.97157
-25.5588
-0.265787
0.90772
2.68244
1.40723
6.83109
-0.0652388
3.14103
-2.18774
-3.03224
0.370302
-14.9736
2.19379
0.186324
-0.517699
1.33944
2.97952
0.109677
-0.397198
-0.46695
-3.47828
-0.592918
-9.71795
1.3839
4.26051
-2.02145
-6.51177
0.23256
-0.883013
2.2182
-0.230257
0.953885
0.698685
1.6966
-1.74597
-3.01269
7.27527
2.55634
-0.519954
-4.15273
7.57144
-11.0942
-0.0130332
0.120421
-1.07651
2.97963
-3.54223
-3.94943
4.28324
-10.9118
0.705463
0.056137
0.0183044
-4.39351
0.445313
0.257379
-1.11641
0.35082
-0.102845
1.902
0.35299
0.439133
1.49616
0.441314
0.200158
-1.6436
-4.92985
4.02547
-0.470554
66.5235
-2.17535
-0.537843
-1.1511
-2.15699
-0.0910739
1.82618
-2.44881
1.84119
26.6421
-2.18058
0.584758
-2.12869
0.606694
0.402955
1.67462
-1.63031
-0.0704656
-7.68017
0.331998
0.383149
-0.870514
-2.19788
-3.23821
-0.665587
-0.576713
-0.531214
-2.63532
-1.90227
-0.261608
-6.7416
-0.369515
-7.92847
-0.117405
-0.686433
-0.369208
1.11412
-2.34626
-0.142147
1.00938
-1.82569
-0.23187
1.90572
-0.139155
0.857627
-2.51216
1.76119
-1.19916
-0.173125
0.952985
0.0871784
7.12291
-0.0487438
0.734856
2.02845
4.47005
2.96316
1.2273
0.511549
0.247423
-0.00657766
-0.464721
-0.116692
-1.04493
1.12671
2.01169
-23.9056
-1.33746
-1.15306
2.1133
1.5964
-0.778809
-0.878014
-2.56183
-3.12128
0.711501
0.542562
0.249524
4.37447
0.78138
-14.6975
-0.289454
-0.323317
-3.17973
0.560598
1.92471
-0.722931
2.65739
0.0650696
-2.48089
-0.914747
-1.10071
-0.388636
-21.1415
0.895682
0.676798
-0.573786
1.67232
-4.09739
-1.16461
0.868622
-2.15316
4.40682
-0.445474
-9.1329
0.6401
3.68486
8.86276
27.6557
6.42258
0.265184
0.572804
0.816669
-3.54119
-0.0948299
0.852348
0.461034
-0.556739
0.466362
2.3013
-0.147491
0.951828
-2.59271
1.42034
-0.652601
-0.301265
1.77155
0.83827
2.29084
-0.0655239
-0.495333
-0.147277
0.114325
-5.47968
-4.26734
-2.88928
0.523352
-0.378044
2.54834
-0.509458
-3.47656
1.19569
-0.508008
-0.581179
-37.5293
-0.628145
0.409351
-0.548375
-2.10789
-4.61083
3.78378
1.19489
-1.78806
-15.135
-63.5903
-2.95313
2.88268
0.557805
-0.566974
-7.78878
-0.42147
0.38872
-4.42616
-1.71088
-0.0959064
0.512619
-1.52339
2.36258
-0.122335
0.0755994
2.39619
0.253518
-1.4044
-0.875991
0.623893
-0.189188
-3.00475
2.54057
0.31321
0.823958
-1.37256
1.87072
0.237726
0.244177
1.81551
-27.9033
-0.911997
-8.47046
2.75535
0.579387
-65.5443
2.65497
-0.0587897
-1.01999
-0.264332
-0.925859
-3.12623
2.4998
1.31473
-1.04913
0.349239
0.0871291
-0.5539
4.34776
0.0740282
0.466988
-1.19266
-0.518818
0.157125
19.6298
-0.783264
1.02139
2.89628
-40.7314
1.93826
0.659303
15.8202
0.162898
-0.93556
-1.99672
0.361294
-0.22254
-2.40545
0.046808
1.95565
-1.87554
0.396921
-1.13212
-6.29215
0.141134
-2.75058
0.0349448
306.185
0.293775
0.0460404
-0.0520064
-0.0362958
-0.404007
-1.44558
-1.47593
-0.888961
-0.267495
0.536032
9.34168
-1.36201
1.83457
1.20683
1.76868
-5.44802
0.00359797
1.68915
-0.0774724
-0.479558
-1.85075
1.71457
0.289733
-54.7147
-0.345556
0.400731
-0.0737238
-0.260775
0.261737
-0.238244
0.380796
0.0861727
0.246029
-0.651948
-2.4688
2.26268
-1.52199
-7.2816
1.05707
0.212984
1.39702
-1.28823
706.986
0.470197
0.675283
0.123324
-1.32372
-8.92259
0.0945871
-0.383953
1.05158
3.3433
-4.81767
-0.62873
-1.0214
-2.86082
0.134762
-0.800418
0.232191
-0.438502
-0.776837
0.123258
-0.979835
-14.7662
-0.14748
-13.9859
0.734824
0.702708
-0.862073
-0.159568
1.78558
0.695114
0.539519
-1.79614
-0.360301
-0.604624
0.755888
0.021048
0.317847
-0.306378
-2.84534
-3.45579
-2.13486
-0.576937
-2.4211
3.7043
1.25705
-0.418402
0.0380529
1.96214
0.631586
0.481202
1.94541
-0.590472
-2.15896
0.264955
-3.638
9.15161
0.065517
-0.901858
-0.467968
-18.6821
0.372267
0.520792
-0.38636
2.63201
0.493104
-0.0110283
1.8097
0.218667
-0.0684907
0.194815
0.173662
-1.03141
2.39435
1.03366
3.37846
0.137922
11.3604
-5.91424
0.170833
-15.8
0.340885
-0.774818
4.67284
-1.74356
0.453768
-1.09602
19.268
-0.71225
2.46223
-1.98945
0.401549
1.89928
0.0241763
26.522
-0.28627
-32.13
1.04433
-2.55331
0.416822
0.209023
-2.5855
-1.32581
0.018234
-1.3984
0.485797
1.33852
1.3184
-1.88184
0.548506
0.183816
-0.530654
-0.299444
-0.324311
-0.113694
-0.323511
-10.4859
-0.81261
-1.05312
-1.18459
-0.811054
6.61078
-6.41175
0.232467
2.17652
-0.522181
-0.857808
22.4439
-2.34921
-1.28778
-0.759189
0.619873
1.36303
-0.231815
-1.37992
2.88143
-2.22024
0.217034
0.105895
-1.30074
45.2094
0.00456383
0.127543
3.38699
0.284686
2.50567
1.31055
-0.44456
0.198903
-0.137985
-0.969576
-0.608932
5.54498
-0.763614
-0.792408
-2.59662
0.275427
0.427674
1.00007
-0.80363
3.20686
-0.52962
-0.670286
0.870435
0.127536
0.650475
-3.66278
-5.61385
-1.33554
-1.03354
0.0446997
1.17466
-0.566429
-0.17794
-0.972317
-219.108
-0.176409
1.45296
-1.67439
-2.85584
0.862302
1.93014
-1.05659
-0.473541
1.1933
-0.170823
-5.44806
-4.14638
-0.561641
-0.505094
3.21967
0.984204
-0.336356
1.42486
1.14211
-1.25866
0.351455
-0.820433
1.06058
-5.23281
-25.4798
22.7477
-1.25673
-1.08863
0.125531
-0.313304
14.2486
0.171477
5.51911
0.029555
-0.155885
-194.083
0.237948
0.675487
-0.282465
0.597928
-66.2568
-2.08583
-0.0201102
-1.27711
-6.39344
-0.443154
0.459882
-0.0116352
-4.64427
-3.1218
-0.0471313
9.99553
-1.54525
0.0235447
-0.139024
-1.32257
-4.77162
0.678647
6.636
0.22312
0.922345
-1.84654
-10.6012
0.282582
2.46688
-1.24756
-2.47209
0.743948
-0.685319
-0.0631049
0.548761
-0.246986
5.40559
2.39928
-1.86541
0.447465
0.603718
0.173202
-0.0420185
1.02397
1.11692
-1.32784
-0.157419
-0.490331
-0.93028
0.330285
0.407318
0.59491
-0.0629809
-0.145769
0.63235
0.0143894
0.746556
-0.645269
-1.60345
0.459075
-0.863229
2.19762
1.61018
-3.46494
-0.825153
-1.18736
-1.36309
0.00214907
-0.10994
-2.83621
1.00015
6.20472
4.64961
2.70518
-0.234447
0.35667
-0.0262519
2.42178
-235.51
1.29348
0.836737
-1.09768
5.35612
-1.80776
-20.3563
0.878971
-0.59351
3.77904
-12.4113
0.437887
0.111459
0.120102
1.46972
-121.565
-1.6753
-0.320559
-14.5862
0.955306
23.4808
8.17381
-0.260052
0.426074
-0.698408
1.73668
-1.35566
-2.48482
-2.36604
4.58897
17.7782
5.78251
-0.810235
-3.16316
1.53783
-2.38856
1.71118
3.1241
-0.541654
-1.02836
-1.04524
4.20366
-1.52577
-2.04001
-1.5015
-1.68447
-0.531698
1.48508
0.00433627
2.77813
-3.25721
1.18078
-0.808484
-12.8563
37.3365
-0.641902
0.230583
-0.127475
-1.42163
2.22406
2.75898
-1.98913
0.849681
-3.79691
-0.11744
-0.0634512
-2.59187
7.92198
-8.03991
-2.29988
-0.431437
0.132779
3.49826
0.624855
-0.327768
2.29513
-0.069543
0.867435
0.500116
-0.269587
-1.30389
3.05947
0.238471
-4.56867
0.662503
-1.44318
-1.58376
1.59003
1.06907
-10.6299
-0.392712
0.0730437
0.278652
-1.62979
4.25097
-0.181406
1.99907
0.361354
-0.799742
-1.71733
0.666387
1.19469
2.66837
4.76264
0.150516
-1.27468
1.5255
0.966582
-1.6523
5.45433
-0.481761
0.974065
1.02642
0.975289
-0.36679
-0.476917
-1.64829
0.334111
-2.66065
1.33957
1.58307
-3.94613
0.512691
0.0636835
0.00181417
-5.40506
0.0697645
0.213505
2.97699
0.145538
-6.10992
0.143286
1.45542
5.59638
-0.523401
-1.07637
0.454059
0.947613
-1.71573
-0.843636
0.438449
5.8449
-0.134489
-4.87435
0.471783
-1.76875
3.75988
-0.263323
-0.279775
1.42847
0.607815
-0.190696
-0.304006
1.49112
-0.891131
-7.20848
0.138141
0.564064
-0.460349
-8.44959
0.909214
0.452927
-4.35043
0.177147
1.14814
0.095277
-1.63333
1.06694
0.738894
-0.16966
-0.213532
-0.431876
-3.89408
1.31663
0.102067
-1.10358
-0.0842487
-1.77182
1.63155
0.765972
-2.25654
0.447012
1.94757
-7.49419
1.96826
-0.0285542
0.654126
-10.1806
0.78173
-1.31
-0.812496
0.425411
1.32681
-0.870914
0.921895
-0.109411
1.68884
-0.616393
-2.82494
-1.67162
2.20043
4.56616
0.109655
2.63009
1.76526
0.392676
0.154489
2.69251
2.12914
2.15456
0.834668
-0.257081
1.62789
24.0812
-0.611301
1.46728
0.530701
-2.8342
142.061
3.24027
-1.3531
-0.643555
-0.403187
-0.87399
0.103715
-1.93477
0.019966
-6.6013
-1.48742
-2.89346
2.00605
0.161821
-1.23797
-1.41018
-0.536639
7.54934
-0.138462
-2.00296
1.22236
1.10571
1.18236
-0.415875
2.35391
-0.063074
-0.312221
3.08876
2.40655
-0.610242
-1.31513
-3.22363
0.25544
-0.122162
0.51629
4.51463
-2.2776
0.700572
0.622926
12.4214
-0.122483
-1.67831
-0.465928
1.62999
1.32595
0.0278729
8.18963
0.263227
-0.574207
0.3998
-6.49491
1.0899
-4.83437
-2.57
-3.0171
0.367719
-0.481832
-1.30508
0.66658
1.52947
-2.64527
2.39231
0.624188
2.15073
-1.35569
-0.635925
0.460057
0.69916
0.103623
-0.937569
-0.437873
1.86606
-0.032346
1.67352
-0.433987
-23.0032
0.0512184
-0.0226324
0.554866
-11.4421
-1.26183
-3.00605
5.82829
-1.73967
0.671276
-0.707254
-0.596779
-1.69576
-0.604947
-0.245449
-1.158
0.218188
1.28983
-3.4675
2.93442
-0.442363
1.37676
0.367996
1.24938
0.106204
0.358667
-4.56418
-1.8471
-27.1299
0.0372063
-0.872184
-0.742181
-0.312322
10.5217
1.12463
-2.40878
-0.364193
0.733796
1.42774
12.7542
0.167865
4.26738
-0.00927374
-1.37841
-2.60195
-3.76031
0.0694379
1.07879
-0.637315
18.8822
-2.72714
0.522321
1.75101
-0.512685
-0.260395
0.377572
-0.279767
19.7431
-0.397123
0.142268
-0.562048
1.24704
0.00950061
19.7579
0.0837379
-1.58668
1.754
-0.107139
0.0674094
-13.7464
-0.506221
0.470481
-0.212962
0.548537
-0.207181
-2.33763
-0.477204
-0.109778
-2.50484
5.86434
3.17994
2.37417
1.84996
-1.11972
0.584814
-4.14908
-4.96548
-0.577823
4.15977
0.238264
-11.6751
1.52029
1.42857
1.53213
2.16986
-1.03464
-2.8048
-0.287749
-5.70715
-0.907934
11.0986
2.40989
-0.296605
-4.71423
-5.94281
0.784561
-0.0901011
-0.129256
-0.478573
-0.036379
-0.634828
-0.676152
-0.0896103
-15.9228
-1.28583
0.145326
-0.284372
0.0804331
-0.222756
-1.96737
1.71124
0.95042
1.23395
10.9049
-16.7175
1.11845
1.09873
-4.81263
2.68572
0.438601
1.16361
-8.90372
-0.414033
-0.148891
-9.30576
-0.0557196
-0.13728
-0.166379
-0.998626
-3.25617
-4.18935
1.00892
1.01226
0.335875
2.76236
3.61965
5.84417
-3.59301
-2.89413
-0.755184
0.118549
1.6698
1.79582
0.137254
1.59021
1.57322
0.554624
0.00212716
0.0548094
0.593919
0.56376
-0.250096
-9.82996
1.05356
0.478532
-0.815358
0.643439
-0.70335
16.2978
-0.498715
3.48904
-2.90477
0.684467
0.923664
0.822862
5.46236
1.55446
-0.81318
0.500906
6.04939
-1.13294
-0.338851
2.83893
-0.223053
0.210679
14.0334
-27.7712
-3.19095
0.143241
19.3112
1.5594
3.25472
-5.66595
-0.121132
0.783036
-2.49252
-0.196648
-1.80243
3.63006
-1.05919
-11.5371
-0.437767
-1.46923
-0.885066
-0.431555
1.02542
-0.504953
-0.801024
-1.4055
2.06583
-0.167599
1.89285
4.00909
0.690496
-0.542271
0.491359
-1.67095
0.740602
-7.65428
1.96188
-0.624793
-0.449806
-0.0959288
-0.351601
-1.33604
0.0197339
2.60672
0.22287
0.314455
0.408436
-2.16157
3.81511
1.13591
-1.00143
2.57761
-0.422406
-12.9995
-0.929656
-4.90976
-0.0268627
0.0464842
-0.579577
-3.1788
-0.937481
-2.8069
-0.0370299
-5.27646
0.432433
-3.87484
-0.0165996
-1.73754
0.33308
3.26845
4.84614
-4.10979
-0.440843
-0.278285
-6.52245
5.02256
7.16952
0.055368
0.0955358
2.47883
-10.5309
4.25448
3.67886
-0.506018
-1.95663
-0.348351
0.920341
1.64516
17.3086
3.50123
0.633692
0.0342203
-1.65735
-0.736443
-0.147789
48.9702
2.05511
-0.852589
-1.68494
-1.05323
3.19039
0.887749
-11.0592
1.10456
1.83563
-0.188651
1.15263
-3.17965
4.85373
-0.0816172
-1.65314
-0.897343
23.3398
-3.8005
0.51107
-0.406708
1.49986
6.2225
0.755548
-0.0588341
3.74691
2.86631
9.47655
-1.90141
1.01635
-0.242144
-2.35931
4.97472
4.85402
11.8917
-0.676581
-0.433139
-7.03202
-0.9258
-2.41111
-0.323525
-7.48218
0.284035
-2.71443
-2.05889
-0.497555
0.19131
1.97395
-0.978996
-0.623897
0.399883
-0.286872
2.62235
-0.379274
-0.571221
-0.991306
-1.73471
-0.245106
-3.49716
-2.54477
0.286585
-0.333218
2.51313
-2.71012
0.0059671
14.4903
6.53313
2.71406
2.29489
-4.34602
-4.06011
-0.777982
-0.771951
-0.720842
1.81332
0.38367
0.308266
1.066
-1.39531
2.48671
23.5808
2.30135
-1.25432
2.85666
4.08202
0.556879
-3.31774
3.41532
-10.4508
-3.72304
0.293048
-0.738904
2.87525
-2.84333
-3.18956
-6.26043
-0.984292
-0.182791
0.96501
2.30173
-1.41727
9.07092
-40.2864
-3.68964
1.69248
-1.40951
0.231154
-0.44778
0.125984
0.309714
-0.853638
-0.0189752
-1.02144
0.886717
3.31526
-0.00490112
0.0916738
-0.473193
-26.7364
7.40169
-1.1005
1.19194
1.98814
7.47992
0.981684
-13.2645
45.1317
3.57126
1.02187
0.184747
-0.911847
1.40924
1.01099
0.741324
0.428655
-1.37205
-0.370321
-1.6118
1.08089
-0.832197
-0.15547
0.270923
5.21883
0.0218202
12.0078
0.69467
-0.113566
0.396149
-0.308024
0.172479
-0.504065
-30.7377
0.111533
-0.299248
-3.56555
-2.67454
97.1193
0.282722
7.23711
-11.9803
0.453915
-0.290205
-0.0729002
-0.830568
-3.42634
-0.0357796
-2.5134
1.43062
1.01298
-36.5899
0.448027
-0.775294
-0.748485
-0.444093
-0.619979
0.216268
0.754079
-0.932533
1.20427
-0.634879
-2.06814
-0.847728
9.77852
0.277078
2.28918
0.270772
-0.32927
0.626315
-0.93696
-1.1164
-1.36071
-0.00795421
-0.571979
0.123968
2.75827
0.494546
1.87088
-0.0218938
-0.424873
-0.802767
-0.0646969
-0.38314
-1.76145
1.48081
16.549
-36.7853
0.172413
-1.32325
0.257238
-0.726776
-0.161857
1.23603
-0.0773633
0.424915
-0.730059
-0.093013
-4.24028
1.90632
6.38897
-7.80253
-0.0496948
3.49146
0.474151
-0.183449
5.25366
-0.520595
-11.1408
0.0169938
-3.94624
1.36664
0.0661455
-1.01772
-1.12046
0.701478
0.619864
-0.47462
1.4535
3.0215
0.409978
-0.0636144
-27.003
0.193567
-0.778213
0.214292
-3.21908
-0.256628
37.2815
0.17738
-0.10022
1.48653
-1.74911
0.640466
1.98352
1.51694
-2.04611
-3.17461
-0.544942
-0.904706
4.57226
-7.45583
2.21145
0.817071
12.1638
-2.06021
0.871466
3.33535
-1.618
-5.4307
0.0690207
-1.0093
-2.05948
0.529376
-6.60724
1.22341
-1.07281
-0.421491
0.885529
-1.63427
0.161296
3.15278
0.971264
1.27633
1.37544
0.732865
1.15365
1.35953
-0.156585
1.01209
-6.54927
1.6569
2.48821
-54.5929
-0.0453611
-0.159774
0.701211
2.04245
-5.75765
-0.484388
29.2177
-5.43705
3.97276
-0.350154
-1.96405
0.21629
25.0722
1.04367
-0.232063
-2.62057
0.217889
-0.472695
-1.34697
0.308403
-0.397878
-0.235694
0.433278
1.81012
-0.397562
1.87924
-6.84268
2.02148
-2.52881
1.82265
0.960001
-0.428885
1.63456
0.331518
-1.49657
-9.52306
0.950928
-5.82385
-0.100401
0.496446
-3.11867
1.18843
0.693767
-20.4302
2.75708
-0.25872
0.675029
-2.31047
3.04221
-1.08326
-0.763533
6.12878
0.857952
-8.53181
-2.96143
-0.518197
-0.117394
-8.29129
-0.712576
-31.9733
-2.61978
2.59276
0.751377
-0.771126
2.12042
4.04344
-42.9882
-3.56362
-0.00190853
4.31815
-1.86679
-1.12162
-25.0599
-0.148539
0.220499
0.133918
-0.471603
0.553721
3.09475
-1.7709
-0.740706
-0.541469
4.50631
0.873587
0.525219
-0.763023
-0.748343
1.82092
0.471093
-0.549829
0.072098
-66.069
8.69855
-0.107572
-2.41988
-1.97793
-0.129288
0.177705
-1.33881
0.339427
-0.0388419
1.20544
-0.712123
-0.0548363
0.972376
0.20784
-1.56725
51.1953
-1.72072
2.48626
2.66783
6.60635
-2.69265
0.392476
-0.460061
0.874635
-5.2692
-1.83931
-0.842234
-0.155163
0.79483
-0.728297
0.663224
-13.708
-1.68887
0.159086
0.39521
-0.121896
0.629641
-0.602179
0.420172
2.43144
0.837238
-1.07226
-6.88761
1.73874
-1.32166
-6.05339
-1.25708
7.95336
-0.140688
1.02636
-1.25018
0.569774
-0.526032
0.940415
-0.240999
1.06541
-0.409093
-0.700788
-0.433997
-0.368347
0.602681
-1.2166
0.213606
24.0322
-6.40982
-4.61261
-0.115271
-0.0915374
-13.0988
0.996757
-0.177884
-3.0375
-0.464434
-0.0689827
2.171
-0.632011
-1.89888
1.19438
0.723883
7.22436
-0.278493
-0.230851
-1.04663
3.03911
-0.619548
-4.2672
0.379198
0.127604
-2.26979
-1.89871
-0.199075
-0.100343
0.420601
-4.17319
0.705426
-0.592875
0.382341
-0.0235383
2.31861
-0.385063
0.16583
-0.579633
-1.32575
-0.932444
4.06304
1.25403
-1.67585
2.30642
-10.5836
-3.15561
0.662656
1.2913
-0.901798
1.18445
-0.356739
-0.797048
-0.717199
-0.0891892
-0.384195
0.94884
-14.3184
9.77422
0.557506
-0.714214
10.4224
-0.76834
1.3629
15.1901
1.63403
-0.346723
0.150129
1.33667
3.10394
-3.33028
4.79479
-0.709248
1.43521
2.34163
-6.08758
-0.450708
2.65919
-1.99092
-0.953658
0.89522
0.588122
1.8297
-0.90778
-144.292
0.845554
0.647784
1.16833
-14.9445
-3.11866
3.44921
-1.21992
1.22908
-0.814734
-3.99407
3.80302
2.56779
0.428834
6.48014
0.416728
3.17854
-4.15942
-1.41557
-0.319194
0.940728
-0.00415355
1.13634
-3.70847
-1.02015
-0.220637
0.390713
0.52505
0.700474
-1.28562
0.868752
0.771702
10.8448
-0.163297
0.920848
0.797216
-0.322004
1.57943
1.44362
-0.0854819
64.4119
-9.28582
0.713596
-2.20627
3.06764
0.678799
10.9723
-0.0199737
0.937819
-1.2172
0.820114
-0.36583
-0.090038
14.7365
0.648215
0.916454
6.00003
0.743975
0.0487195
0.17134
-0.731609
-0.506525
0.274645
1.01307
-1.21033
0.232294
-0.291855
0.377037
0.236578
-0.792935
-0.567151
-0.00468949
1.50722
-0.168838
0.0272444
0.524915
-4.24812
1.29711
3.89167
1.12623
0.726214
8.24869
0.762906
1.90384
-0.10477
2.66796
1.28432
-1.869
-0.854707
3.54672
-1.28739
1.22427
0.428844
3.16996
0.953603
0.327348
1.4487
-0.0527588
-0.603704
1.7623
3.5874
1.48643
0.213284
-0.359832
2.70773
2.92622
-0.539243
0.90887
0.297124
-1.88217
2.00929
1.79679
0.148292
3.40729
8.58205
-5.18916
-0.381529
-0.01114
3.12908
-0.156884
-0.297693
-0.464885
-4.69891
-0.07768
-0.197849
0.649383
-11.0971
-0.0534807
1.19178
-1.65507
0.533723
-0.884453
-1.01047
-3.45291
-12.7638
-1.54716
0.112646
-4.03262
0.147019
-1.47964
-0.555768
1.33216
1.77904
-1.2299
4.94641
-0.806443
3.65567
-6.86289
0.543779
-0.820875
-0.971729
-1.94873
7.77333
0.278747
0.662501
-0.492438
0.415227
-1.52016
-12.3073
-0.0346358
0.847585
-0.893277
-1.78538
0.0383803
0.425227
-0.522507
0.826452
-0.820295
0.629441
0.730157
0.831509
0.828525
-0.661172
-0.400833
-1.34688
-0.119461
-369.431
0.970996
0.178696
-0.835752
-2.21268
-0.632076
-1.33698
-1.71128
0.034083
1.51081
0.369672
0.738795
-1.00807
0.494309
-6.37672
130.709
1.66654
-5.35124
1.19419
-3.53423
-1.49838
1.44061
-0.0477954
0.586467
-0.0148261
-0.408023
0.824908
3.25321
1.7457
-0.326881
-0.436678
-0.367153
-0.844451
-0.0456398
0.171124
-0.0776894
-0.143118
-1.5485
0.499208
-2.63471
0.305169
1.58413
0.144399
0.139484
0.627763
1.55302
-0.63898
2.40198
0.266413
-0.873826
2.36889
-0.423577
-6.53227
0.716448
0.124712
-2.74923
-1.25963
-0.553496
-0.272072
3.40907
8.16535
-0.136877
-1.58076
3.80505
1.14179
0.973283
-3.47351
0.643558
6.28342
0.831275
1.93016
8.05761
-0.0929999
0.54224
-3.12199
-3.92318
1.99099
-2.50287
0.991216
1.4506
-0.0415115
-10.5428
0.144343
-14.1382
1.10651
-1.79954
-0.646724
1.58324
-3.18656
0.67129
-0.655412
1.41423
0.687463
-0.729337
15.7762
19.0594
0.327313
0.032915
-2.74544
0.0974344
4.10729
4.97494
0.0872561
0.375466
0.00325213
-0.000954213
-0.25881
-3.09843
-1.60234
-0.388378
-0.288265
-0.675214
3.69034
-0.726713
-0.112193
-0.0983072
-0.557129
0.993105
13.8611
0.17455
0.325841
-0.355296
0.277964
0.731764
-2.59594
5.5085
4.76977
-4.96132
-0.930326
-9.74379
1.22181
-0.625793
3.47704
-1.36809
7.97495
0.771541
-0.0477763
-0.357934
-3.19992
-6.1947
2.78531
7.4683
-1.9475
39.8723
3.60138
2.72726
1.29655
1.58729
-0.258989
0.972643
5.4253
0.344172
-0.880154
1.83253
0.852049
1.25702
-1.58377
3.40302
-1.63479
-4.30981
-6.81424
0.0235416
-0.0830316
1.08358
12.6023
1.47707
-1.02123
4.15054
-1.58565
0.457703
0.979237
-0.0325811
-1.79997
0.868576
-0.190821
-0.117898
0.0659952
0.844272
1.12478
1.22348
-0.797116
4.84472
2.32393
2.12749
-8.08149
0.294685
-1.0701
0.669004
0.708957
-0.824867
1.4438
-0.285044
1.71662
-0.49615
4.17956
0.279607
0.764145
-1.18234
1.02815
0.918842
1.76837
0.878923
0.312589
1.16935
0.709184
-11.038
2.57528
-1.76657
-0.239995
3.18032
-2.67646
3.1317
0.146416
-1.51685
-4.22567
3.65365
-5.78952
-3.24783
-0.213782
-3.08822
2.96101
-3.88031
1.10667
-0.437983
-71.7143
-1.38455
1.48898
-2.3693
0.970659
0.043472
4.13656
0.00901199
0.424708
-0.923754
-0.876331
-1.46783
-0.579241
-2.59986
-0.619782
-1.63229
-2.08549
4.3261
-0.393908
-0.454676
-0.0207163
-0.0393925
0.60723
-1.46305
0.490421
0.0574152
0.526149
-2.37318
2.60747
-2.84296
5.65514
0.469687
0.894872
0.613867
0.599242
0.426359
2.29155
-12.335
-2.00697
0.281749
-0.858004
2.14666
4.0672
-0.0822496
-0.175606
-0.243814
0.814879
-24.8858
6.1747
-1.1498
-0.950432
-2.02344
0.145665
-0.266288
3.44956
1.14492
-2.30648
0.777631
-4.16648
-1.49939
1.44207
3.23119
-0.430822
1.82063
4.74965
-0.682947
-1.4404
-3.1473
0.900209
-2.30683
0.844708
0.896944
-0.152815
0.960549
-0.0831546
-1.44115
-0.507586
0.256716
1.72006
0.331788
5.57846
1.28275
-0.237099
-10.3949
-3.13327
2.07463
-0.700815
-6.1424
-7.89726
-1.31888
-0.895775
-0.0798762
0.609596
-0.340098
1.14807
0.0384359
0.400722
1.00236
-0.453912
31.5613
-0.839627
-0.53689
0.380789
0.621905
-0.065548
-0.205488
-1.20677
0.183235
3.7344
-0.309795
-1.21465
3.81163
0.654809
3.85127
-1.11532
0.564549
4.53747
-1.94476
0.34344
-0.0764061
-0.143712
-1.39141
-1.35767
-1.46821
-3.12019
0.738028
-3.33895
5.4085
4.38955
4.84644
-1.29368
50.9485
-0.86214
0.21598
2.18403
-0.234556
0.0187626
-0.317786
-0.312324
-0.366284
3.55383
-2.89437
1.19113
-0.853514
2.58546
1.49189
-2.11336
-6.40772
0.145482
-55.504
-0.571572
-0.615642
5.12309
0.854041
3.72274
7.89271
0.515921
2.21479
0.482774
-0.497018
-2.02984
-2.12734
0.8431
1.20946
2.63533
0.51899
-1.79469
-0.268622
1.99733
-2.12494
-0.166916
1.31834
0.117089
-6.21547
0.126574
6.61223
-1.23974
-10.439
-6.69193
1.12644
0.349013
0.470964
-0.556423
-0.0649437
3.41402
-0.281505
-0.551335
-1.2959
1.24982
0.230972
0.568859
-0.173331
-0.0475307
5.80567
0.0446615
3.32162
-0.607939
0.0154805
1.12035
0.943478
-0.954473
0.213508
0.300393
0.061326
0.848948
0.500769
-8.08688
1.57676
1.81991
0.0516588
-4.03896
0.0289015
-1.14745
-0.187167
-0.540118
-4.4731
-1.78126
1.9459
-0.513654
-1.31444
15.209
0.0715245
88.1766
-6.60719
-0.657337
0.00473101
-1.2509
0.638399
1.94734
-1.20198
1.02151
-2.09764
-0.968047
-1.39799
0.925297
-4.08639
4.62352
-0.816102
37.0632
1.14264
1.71469
1.61378
0.340508
1.44015
-0.931527
-0.980689
-4.62051
-10.4517
1.77709
1.68375
0.0974135
4.47451
0.82192
-1.17132
-0.0350855
-3.67279
-0.891761
3.08955
-1.85801
-2.49597
-1.2124
0.487595
11.4944
-13.1871
0.489459
0.896525
0.271097
1.00347
-5.1286
0.374203
-0.551272
-1.22593
0.572747
-7.26825
-0.997035
0.281008
1.59766
2.64066
-0.112548
0.689571
3.97469
-0.626107
0.39758
0.481204
1.79404
-1.43955
0.113146
3.34445
-1.60176
-0.469995
-0.115555
1.76915
0.975101
-1.05031
5.39704
-1.37046
0.829353
53.4388
1.39205
1.31646
-0.163845
-0.351232
-2.08802
-0.76178
-21.0345
-0.223352
-1.61814
0.402881
-1.82725
-0.594197
-2.14428
-0.6499
0.317886
-0.720264
-0.261886
2.25356
-0.247157
0.559071
1.32872
-0.404613
3.35815
-1.49975
-1.32068
1.34718
0.649232
-4.50991
-1.25925
-5.18032
-2.24198
4.64329
-4.91873
-0.307289
1.40811
-0.186019
-0.556474
0.218211
1.86821
-1.17476
0.223426
0.0218514
-13.7465
-0.908468
-0.163236
0.468248
0.0792351
-0.4217
11.7234
-0.204902
2.98385
-0.982342
-1.91633
1.98842
0.154808
-1.00046
0.605699
-0.23105
-1.1851
-2.17975
0.1786
-0.00872893
-2.56338
-2.75759
-0.173985
-0.108304
-0.834631
0.815745
1.39018
3.57337
0.0311164
2.55593
0.126913
0.145724
-7.72077
0.388182
-0.753573
-1.01566
-0.889446
0.00292215
0.192018
6.34587
12.3082
-1.32754
0.600596
1.03155
-0.854419
9.92411
1.05613
0.634067
3.72825
-3.55413
-0.953923
0.603379
1.57435
0.939969
0.630834
-0.389117
-0.124002
0.0090519
1.02819
0.509011
0.715899
0.169485
7.77816
0.815546
52.318
-28.5318
1.16304
-9.31897
-0.597607
0.154426
22.5215
2.46459
1.12992
0.881977
-0.0265561
0.335418
0.568709
27.8586
-0.232777
1.43959
0.407106
-3.19382
-0.694776
-14.3684
-0.306263
-0.337061
0.288413
0.595033
0.864207
-8.5771
1.11536
0.101981
-2.03816
-1.41944
0.190931
0.144547
-0.0754974
-1.81505
0.17134
-11.1033
-1.754
4.98069
0.799719
-0.0619656
0.703529
-1.3944
0.752747
0.326046
-0.721549
1.24442
1.05813
-2.77045
-0.456525
0.087762
0.588854
1.98601
-0.205405
0.694815
1.01672
0.277706
-2.79484
4.11814
-0.0338941
-2.67332
-1.41012
0.0450061
0.479862
0.0208578
1.20667
0.849928
-5.5756
14.7193
0.597376
-0.458026
-1.31772
1.50706
-0.523963
-0.206379
0.177208
-1.15574
0.182065
0.839665
-0.258581
-9.90581
-0.164945
-16.9362
0.375072
1.35906
20.2244
-1.28072
0.425632
1.12811
3.18026
0.560322
0.270558
-0.799413
0.945515
0.25694
0.396676
-8.00236
-1.78576
0.230319
-0.474042
0.229314
0.614146
-1.22111
0.964473
0.439568
7.94039
-3.49992
-0.793731
-2.64095
1.45422
1.45377
-3.88211
1.04956
-0.721945
-6.26589
-0.162095
-43.9094
-1.78361
-2.47724
86.7291
-1.05239
-6.13733
-0.65703
0.155473
0.523851
0.246311
1.15392
1.13287
-0.835373
-0.692876
12.5991
0.615556
0.53377
-2.64832
-0.102622
-0.14353
6.29662
-1.0933
-0.362616
-0.367677
0.406838
-1.25669
0.414242
0.384
-0.903077
0.598122
-0.539198
1.46654
-2.99496
0.791286
-0.776513
-2.63601
-3.67559
0.757257
-0.673746
-0.547748
-0.380435
0.734917
-1.86019
-0.231463
1.55081
-0.0309081
0.0221609
-0.972277
-5.31628
1.01537
-0.877348
0.695996
-0.878946
-0.994717
0.593017
-0.284655
0.391522
8.31899
4.79774
-8.40355
-7.68823
-0.468494
0.411353
0.317403
-1.77683
0.484823
-0.271419
-1.89672
-0.102185
1.53334
-2.70108
0.081391
1.06816
0.837319
-3.34134
-0.244708
0.563698
-0.111035
-31.2449
-15.3673
0.284082
-5.3836
-0.363816
-0.221344
8.46264
-0.269942
1.74095
2.30683
0.71155
10.934
-1.27595
0.283282
-0.436552
-0.768532
-3.26084
0.797336
-1.00588
0.415399
-1.62958
-0.67198
-0.555544
0.0211221
0.481159
0.662854
2.30078
-2.34739
8.41847
-0.462056
2.09361
-2.08711
0.351584
-0.95894
0.667344
-7.80299
-5.32261
-10.9545
-1.06592
-2.00478
-1.25709
0.626031
-39.0068
0.348817
1.85094
4.5114
-13.6777
-1.40156
0.180966
0.651559
0.514734
-0.407498
-0.380126
-100.251
-0.385429
5.17366
-0.850823
-2.38339
-1.82625
-0.863707
1.92238
-34.3179
0.855124
0.851559
2.13984
1.43817
-0.310997
2.39279
3.34478
0.0995063
8.95938
-0.73783
-0.0793185
-0.722028
6.23024
-1.56508
-6.21636
-2.34986
-1.47518
3.12895
6.6313
-0.959558
-1.88726
0.478799
-2.37869
4.32399
-0.86421
0.839635
-4.89562
2.78201
-7.4526
-0.154568
-0.702764
-0.418406
0.0658013
1.43714
-6.1026
-1.60979
0.556915
-1.64371
-1.02184
0.491127
-1.22035
2.58266
-1.12424
-3.76266
-3.28497
-0.434712
-1.79329
-38.8929
-2.44391
2.86067
0.748044
-3.95028
-0.281952
2.27118
0.889161
0.361411
1.24726
-0.432216
-0.82674
1.38811
-0.283362
0.497691
5.08894
-0.637329
0.172417
6.97731
1.19249
-3.34218
0.771034
1.76533
0.300045
1.26647
-1.29913
-0.691468
-1.35023
0.695736
-41.5388
-15.3219
0.217194
-122.263
-0.0514654
2.08814
-1.09434
12.683
0.27509
1.01944
0.229436
0.485662
1.01227
0.917184
-0.324084
0.0800532
0.447675
0.865527
-0.171279
-0.76231
-0.15434
10.5107
-0.297593
179.251
1.767
-5.96528
53.9805
7.01528
1.38798
3.8377
0.508615
-1.78275
-2.2755
-0.269212
-0.750172
1.05131
0.338433
-0.158082
14.2177
-0.519177
1.52607
-1.59548
0.237366
-10.8391
-0.311749
0.142717
1.65447
-0.0782603
2.57181
-30.4675
-0.28936
1.26282
5.39177
0.0607898
-0.195317
0.116671
0.548896
2.49944
-1.03075
0.206323
-3.09353
0.0603013
-0.26977
-1.71761
1.08841
1.26859
-0.99292
11.9507
0.0584876
2.30124
-0.766709
0.285325
-0.171614
1.93515
-1.15293
-11.1953
9.12411
1.88617
-0.895266
0.805575
9.40137
-5.1663
0.705829
-0.0972807
-1.09721
0.58688
-0.928514
-1.02371
0.132357
1.97964
-31.4246
-1.92069
-0.674205
1.18077
-0.332757
0.0419867
-1.45175
3.58398
-0.850014
-2.15993
-0.803315
0.87658
-0.557209
0.264829
-3.07703
-17.1642
-10.6165
1.39764
-1.07869
1.169
-1.31613
0.306991
-1.18664
0.163047
-0.310967
1.55227
-1.05898
1.44277
-11.427
-1.10329
-2.25143
-0.548036
-0.398189
0.435189
-0.42759
-0.372474
0.461509
-6.05835
-0.798158
-0.279514
4.40364
-1.19539
-0.546202
0.0299398
0.053737
-0.0511304
-0.267961
2.45519
0.941991
1.6715
2.61933
-0.949559
2.22007
3.46707
2.86369
17.6765
0.0639467
-0.763041
-3.52661
-5.53805
2.66866
0.379344
-0.0256289
-0.52524
-1.11812
-5.85338
-2.27249
0.143487
-0.519838
-0.0985821
0.00229009
1.45409
3.52417
-0.182283
-7.5242
0.502626
-0.00363067
-3.53707
34.8287
-0.143963
-0.354623
-1.33174
-1.29785
-3.18489
-0.0670159
1.47226
-5.40884
-0.825702
0.689995
0.830055
3.09549
-1.72849
0.497979
0.232257
-0.0801397
1.17595
0.439951
0.52177
0.0647538
-0.297551
0.0932659
-0.866334
-0.615235
-98.8986
0.305156
-0.809687
-0.923255
3.10481
1.85043
0.0996513
-1.851
1.20992
3.4584
-0.724572
0.167086
53.5917
2.31661
-0.315583
4.12544
1.43008
-0.0310685
2.03457
-0.360861
0.524444
0.123803
-1.51462
0.761232
-0.824267
-0.737153
-0.195306
-0.265968
-1.37764
0.336259
1.86921
-1.09967
0.955916
-0.0980306
-0.838729
-0.564622
-0.857206
-1.85929
-0.0375155
5.02828
0.419841
-0.061948
-7616.13
0.19876
-6.61937
-1.30305
-0.513457
1.14585
0.9297
0.977594
-2.8201
1.08706
3.90941
-1.43742
0.681147
0.0794484
0.0901176
-1.52434
4.4352
3.20926
-1.29145
6.79519
-0.415358
-12.5257
26.3493
-7.89627
-1.48867
0.0441422
-2.39393
1.36308
-0.645428
-2.78209
-0.0704214
2.19971
-0.474788
0.367555
-0.396081
-1.53365
0.503713
1.39155
17.3716
0.42317
1.85693
-0.221418
0.201074
0.195307
0.869602
0.675115
-12.7076
1.48963
0.278248
-1.81908
56.0559
-5.35041
8.98261
4.64747
-0.654039
-0.261018
0.913669
0.296871
-0.416387
-5.69816
0.468149
54.7914
0.524718
0.57871
0.489659
11.4033
0.181492
-0.730714
5.4336
-0.590886
-0.974148
0.275202
15.6408
-0.657816
-1.75293
-6.93471
-1.0393
-0.388246
2.9578
0.0292745
-113.193
1.20539
-11.453
-12.8207
-2.13064
-1.13873
-5.9291
3.48991
-0.216754
-0.243709
0.136562
-0.859852
0.997251
1.12734
-3.60402
1.31946
-0.132886
0.294588
-2.1668
1.30617
-0.343939
-1.84391
-3.58208
6.18805
-2.95415
-0.826426
0.376147
-0.415653
0.15603
0.807826
-0.0241173
0.780906
0.238707
-0.605016
-0.377273
-0.882422
-0.392041
4.02028
-1.13152
43.2992
-20.6821
3.19118
0.324316
-0.764643
-1.09653
-0.0145473
-2.7944
-5.6165
0.30704
-0.410529
-1.89611
3.00223
-3.22944
-0.465393
0.474471
0.104674
-0.221697
-26.802
13.2096
0.0952163
-9.45098
-7.30062
2.28463
-2.62199
1.23656
0.467303
-2.45547
-0.233997
0.856479
1.21381
0.653984
0.0158048
0.809806
-2.25358
73.2461
1.20065
1.76296
7.31119
-0.258318
4.57052
-2.34134
0.00873684
0.515749
1.24649
4.47758
-2.53755
10.0161
4.02834
-1.36222
-0.195014
33.7263
-4.87504
1.04536
-1.70574
-8.21838
-1.51321
-1.90501
0.347489
-0.390651
0.185746
1.52448
-3.28343
-1.98343
0.758415
1.48946
0.226965
-1.96023
2.5379
0.459871
1.19152
15.4457
-0.151044
-6.38955
0.237375
-0.143838
12.6025
2.67089
0.0681885
-0.652083
-1.88277
1.00688
0.228495
0.741831
-1.17724
5.38383
1.50397
0.434052
-11.2451
0.0538553
3.67102
-2.75471
-5.69716
-0.336801
12.4979
-0.089133
1.03525
-0.359581
0.350184
2.9228
-4.40867
-0.555617
-24.671
-0.963312
0.381552
-0.586078
-0.247828
-0.0514331
3.06133
0.677264
0.0702277
-0.812133
-1.48868
-2.95561
0.68755
0.638369
-3.78294
2.32729
0.393772
0.0710615
-1.33899
-1.15755
-0.0132613
16.7541
-0.0449892
-0.388402
0.0848667
1.72135
-2.09445
-1.38107
-1.35806
7.98658
2.89199
0.257215
-1.17974
-2.19334
-2.51812
3.14515
-4.68869
5.95729
-0.251062
0.36619
-2.15153
0.699138
-3.22088
1.35033
0.810591
1.37979
1.50926
1.33269
-0.449203
0.650974
0.548997
0.441211
-0.406943
-0.971869
-1.38074
3.22376
-1.26034
-0.581141
1.79434
-6.35314
0.774241
0.117856
0.223911
1.86949
0.360738
0.505387
1.78191
3.29592
1.54432
-1.71234
-0.0953755
-2.86068
0.227728
-8.36609
3.21497
0.505527
-3.15917
-3.36497
-3.32483
9.16611
1.25464
-1.5777
-2.6451
-0.653176
-0.106044
-0.991484
0.345772
0.779269
0.472506
-2.29224
-0.614868
-1.5604
-3.3921
0.396493
-2.33763
1.18661
-0.107316
3.3075
-0.531059
0.0989015
2.34464
1.85006
1.4422
-0.722674
-0.131132
-1.07672
0.187349
1.24141
0.741495
-1.17358
-2.30724
0.823733
0.78183
-1.76008
0.172372
0.383792
0.922085
0.567599
1.78039
0.291774
1.22638
0.0568859
1.47582
0.301133
-1.54578
-4.8569
-0.952114
-1.59401
-0.0389749
3.52398
1.22821
-0.906041
0.804149
