3.20526
-0.443304
-5.26575
1.26306
-0.826197
-0.200651
-4.00475
-0.512435
0.0242091
-0.576056
-3.60316
-0.668673
-1.17756
-1.09113
1.37952
-1.53734
0.353114
-4.15404
0.452801
-0.277738
220.911
0.218301
0.140631
-11.147
1.35258
-0.309586
-0.974724
1.04644
0.420291
2.21786
-1.21109
0.320055
-0.430096
5.02982
0.149329
2.73176
-2.24874
0.913954
-0.262807
-2.83028
0.709297
-1.31941
-6.42094
-0.684374
9.06017
0.703454
-6.88896
0.152429
-4.84089
-0.73608
-0.262938
-1.5212
4.01344
-0.238847
-3.29001
-0.420664
-15.7283
-0.709176
0.624084
0.37635
-0.329065
0.342313
-3.53843
1.27716
-0.199429
9.47447
1.76327
-0.446366
1.01496
-2.08724
0.535136
-0.132858
0.612659
0.0833977
-0.166345
8.20353
-0.916736
-1.68308
5.57938
1.26048
0.365897
5.92836
0.554027
-48.5229
-0.324925
-0.722227
-0.258162
-4.77602
-1.26447
-0.795825
0.582753
-0.894577
0.102971
-2.18089
-4.13596
0.627622
0.430929
0.395484
-0.779498
-0.404063
-0.528839
-0.648981
1.24108
0.693695
1.21839
0.0396739
1.26597
-0.491229
3.7636
17.3338
0.143394
2.25112
-0.585951
-1.03653
1.42704
0.0278189
6.93288
4.02492
1.35793
13.0718
-2.29316
-7.58307
-37.3751
0.12631
1.08916
-1.12457
-1.09611
1.52503
-1.27864
0.352116
-4.74803
0.185364
0.425242
0.375971
3.50431
-5.91108
-0.233417
1.89898
1.08412
0.171864
0.138163
-6.63156
0.733779
-1.25717
0.33955
-0.0140148
0.547614
0.0933601
-28.1784
-0.110759
-0.259705
-0.0350803
0.145292
3.42073
0.630728
1.61592
-0.265929
-0.0818757
2.11441
4.09255
2.1827
-0.362528
-7.2385
0.205904
-0.276827
4.23603
-0.122954
2.94661
-0.593904
-4.34479
-6.21204
0.0956022
0.94662
0.0941146
-2.52349
-22.7392
-1.14535
-1.89273
42.8911
0.578001
1.31466
1.63878
-0.0887875
0.684204
-2.11811
0.368475
0.50635
-0.193416
-0.289592
0.205354
-0.0841932
2.41411
-0.0175431
-0.896505
-0.00589943
-0.0486824
0.884494
0.330188
-1.28323
-1.78406
0.518529
-0.430754
0.470435
-0.166994
-0.0210196
-0.0213927
0.0127434
-2.86966
-0.878104
0.140088
0.1365
2.44917
-0.170124
-3.50487
-2.36169
2.35416
1.69745
0.254164
0.345056
0.254609
-0.172076
0.493835
0.23407
-4.20041
98.0444
0.691281
2.55656
16.045
3.32621
0.300916
-0.22532
-1.96614
-0.553489
0.0139793
1.26573
-0.630796
0.257276
0.898741
0.562034
0.66511
-0.0765572
2.38759
0.739977
1.87359
0.496391
1.56939
-29.2136
1.32619
-0.108019
2.25634
0.88902
4.19356
0.529662
0.489972
-1.99236
-0.931445
-0.0043674
0.186228
0.78487
3.03253
0.26673
-0.0356142
2.15781
-1.27217
1.06218
0.0294099
-51.6512
-0.32082
1.18436
0.0643363
0.297152
-9.53913
1.32145
0.249295
-2.34406
1.01169
-2.07369
-0.866133
2.1668
-0.591539
-4.68709
2.14456
47.0371
0.710312
-0.809876
-2.14601
-0.526855
-0.018357
-0.422605
0.40679
0.27601
-5.04713
0.210859
-4.61443
-2.35254
0.475283
0.814338
0.191363
-1.07588
-0.200517
-5.7783
2.23339
0.343314
-2.99213
0.596595
8.48609
0.27691
-0.344437
0.113642
1.04115
-1.27926
0.201947
2.4649
-1.51466
0.592263
0.694786
1.02018
0.434929
20.462
-2.3784
0.467777
-0.630655
-4.78182
0.529667
1.08292
-1.12166
-0.236172
-6.26833
0.524709
-0.422308
-0.671258
0.483438
2.24072
-2.64358
0.849423
-1.17285
-10.2536
-0.30883
-0.28077
-0.257588
-0.385996
0.561018
-0.553087
-0.492883
5.40323
-1.31635
4.74185
0.40668
1.31436
8.90621
1.1188
6.45587
-0.172611
-4.91655
0.242424
1.92042
0.0897097
-3.81085
-3.177
3.99105
-1.48553
1.36337
-0.0279219
-0.346061
-1.87259
-0.519518
17.7989
0.15366
-0.512152
0.367839
-0.977615
-0.259741
3.39477
-48.8417
4.14227
-3.15824
2.20032
-0.153896
0.481264
-0.528431
-0.128458
0.604176
0.827907
0.107886
0.532481
-0.790016
-0.409598
-0.803539
0.202616
0.732379
-0.371369
-1.55333
-1.65975
0.208576
-8.74025
-0.791595
-0.655516
-10.4201
0.410282
-0.463046
-1.04278
2.99806
0.743178
-2.72576
-0.221229
0.107971
-4.29621
-1.40923
-0.6631
-0.700813
-2.44952
3.12705
4.17322
-0.280285
0.111472
0.927589
-1.74239
1.42448
-0.106606
-0.00715986
-0.683963
-1.62704
-0.0162292
0.252953
1.35101
-0.861515
2.21611
-0.106823
2.37015
0.579701
-6.82896
2.8942
-1.43963
0.220292
-0.163129
-0.651264
0.548295
-2.7238
-0.537793
-0.768023
2.138
-0.104475
12.7969
-0.265602
-3.5888
-0.29419
0.281114
0.914051
-1.84461
-0.459681
-0.201245
-0.87713
0.0651087
-125.281
-0.790655
-2.03479
0.453497
0.812175
0.983966
-0.956009
-1.86166
-4.36579
-8.03808
1.29156
2.56824
-0.773471
-0.352146
0.287006
0.050862
-2.52246
-12.1671
3.03057
27.2104
0.658455
0.340184
0.995578
-0.193042
-0.35036
-1.65171
-1.26032
-0.505059
-1.55363
-0.93391
0.0786254
-0.236552
5.83901
-0.585623
0.0315304
-0.631509
0.33569
-1.15521
-0.255868
-1.12782
48.9608
1.05612
0.447747
-0.34986
1.26643
1.35174
0.275137
-6.25763
-2.98156
-4.77302
34.1391
-2.91927
-8.31216
1.99375
8.10734
-0.578814
3.99318
-2.28919
0.353458
2.02843
-0.479923
-1.16705
1.73293
2.74855
-0.856126
1.40749
-0.963015
1.00662
0.412104
0.778483
-1.02495
-1.08538
-0.410274
1.57315
-0.751966
0.61856
-0.351385
0.218048
0.346025
1.5889
-7.59925
0.174717
-5.06347
0.650476
5.09255
1.53296
0.367988
8.504
-1.23996
-9.30238
-1.17349
-1.4346
-3.24851
1.01749
-2.35396
1.06892
1.76461
-2.34592
-0.191469
-0.966421
-0.720607
-0.474823
-1.51221
-2.37586
0.543102
-0.377045
-3.2299
-0.788073
-63.8189
-0.769074
-1.20253
-15.082
-20.2181
0.167453
2.16053
-0.435846
1.96902
-0.134464
0.346167
-2.78824
0.65917
-0.917128
2.18076
0.98363
-1.07282
1.51806
0.419906
0.794132
0.241372
-0.196779
-1.23746
0.875796
-0.644326
1.79082
-2.9366
-14.6663
-3.09473
23.7003
-1.16934
-9.34028
-1.16315
-3.05574
-18.507
-2.02617
-8.32723
-0.640302
-0.00952999
47.8758
2.25489
0.0348419
-0.144258
-26.8109
-0.480205
-3.21518
-1.1127
13.0968
1.94853
-1.02413
1.58931
-0.297443
-0.623549
3.82248
0.330232
0.259661
-0.889551
1.83325
-0.390226
250.005
-1.34973
-0.280808
1.19736
-0.0805274
6.01381
2.59436
3.87774
0.0160332
0.113235
7.00477
2.62132
-2.32278
0.494779
0.477727
0.773598
-1.78631
-85.3079
-1.8074
2.2657
2.48811
1.86342
-0.242874
0.583467
-6.44432
1.29038
-0.332164
0.0319553
-0.244772
-4.25989
0.112281
0.589195
0.0767389
0.48192
-1.64915
-0.971092
-0.22527
0.565676
-7.83949
-29.921
-0.382806
-0.260135
0.558512
1.63369
16.1778
-8.41624
-1.17766
25.1584
-2.99982
-3.76447
-2.291
-0.733623
0.244092
2.77076
-1.28084
0.406427
0.377233
8.57498
0.218559
-85.4723
29.3683
1.45556
-2.59917
0.918218
-0.547586
-0.381275
2.19366
-0.656596
-1.20415
-0.208691
1.04279
-0.155217
-0.591057
9.8177
-4.19527
-1.25892
-0.729313
0.558618
-0.829989
-0.214543
1.15442
-0.606196
-2.25815
0.734685
-0.780186
-26.4188
-0.0778071
-0.342955
0.493674
0.882894
-0.0982121
-1.36778
-5.56358
-1.4232
-1.64652
-0.653317
1.26159
4.32184
-0.45242
-39.1334
1.73239
-0.126596
-1.1474
-0.0710656
0.430852
-3.16383
-0.94338
1.88084
0.330049
0.103839
3.33824
1.32955
0.103759
-2.35863
274.974
-0.453695
-0.504522
-0.119212
0.243257
-0.849167
-13.4096
-3.1331
1.9122
5.3064
-3.37912
-0.68009
1.71076
-0.695298
0.11856
2.51523
0.25366
1.09347
-0.586731
-2.35771
3.51799
17.2731
-2.68625
-3.12247
4.89821
0.139159
0.280089
1.00139
-0.831241
-0.250275
1.74713
1.25968
0.649711
-0.00995584
0.578955
-10.2161
-0.531209
0.0752492
5.69495
-1.4281
0.361431
-1.94844
-3.57867
8.92057
0.735298
-17.9335
0.799281
1.23646
-0.977226
1.05151
-0.243464
-1.81996
-2.26391
-0.876693
0.968108
1.06366
-4.47804
-64.235
-2.99304
-0.25364
4.62549
-6.66322
2.58204
3.46038
-0.326431
0.240899
2.37956
0.743472
1.94033
-0.950116
0.374039
-5.41598
-0.408582
2.71763
-0.737837
15.8021
5.58676
0.691603
-0.258239
-1.31127
0.777774
-0.733096
5.35641
-0.134101
10.671
0.760718
0.513502
-11.3143
-1.79018
0.212302
-0.305685
-0.352074
2.17179
0.833997
0.371195
1.25278
-0.567784
0.155053
4.46267
-1.48107
0.492529
-0.131245
0.379174
-0.88805
-1.00526
-9.21094
0.901371
-4.60889
-1.10616
-1.12499
-0.840895
0.108125
-2.53553
-0.86958
-0.388058
-0.60881
0.326732
7.82725
0.109569
2.08746
-0.139267
3.477
-0.0273765
0.157013
1.4809
0.000501757
-0.548569
1.30546
-3.68561
2.63953
-1.90633
1.20541
1.34292
-27.5767
0.0384426
-0.216139
1.41568
-1.99784
-1.13384
1.42194
2.16317
42.1948
3.9167
-2.10025
-0.385399
-3.85431
1.84626
0.430342
0.183559
-1.18277
0.931823
-0.736064
-7.72708
2.56665
3.72291
-0.0974718
-0.702505
1.30617
-1.24815
0.671884
-1.41344
1.26049
0.296276
1.72475
1.29446
0.0451082
-0.999213
0.256487
-0.755481
1.47367
0.528696
-3.31424
0.163311
0.246152
0.0434528
1.11386
-0.577301
2.49996
0.389022
-0.492107
0.404371
-0.888679
-1.72471
-0.195792
-1.1557
10.9287
0.651973
0.616095
-0.589359
-1.6609
0.757861
-0.903722
-2.87295
0.228111
452.524
0.353605
1.06759
0.762426
-0.609755
2.84115
0.351164
0.0413696
-0.234473
6.16568
-2.58641
1.27967
-2.65251
0.304629
0.402274
-0.600675
-0.400307
0.0240426
-3.26034
1.11506
-0.187117
0.206404
0.900174
0.532825
0.665176
1.0498
0.134
-0.809483
-0.179533
3.62966
0.856976
-3.06609
1.17541
-4.32799
-13.2421
0.0730353
0.472506
0.0807306
-1.60884
0.626216
-0.703141
0.0102951
0.0159037
0.961479
-0.141129
1.66279
-1.36226
-35.0046
0.0180234
-0.937152
1.2538
-1.34386
-0.470373
-1.56365
-0.28871
-0.0220741
-0.232829
-1.51974
-2.50001
-0.857399
0.0861371
2.53589
-0.615664
0.91736
-0.226661
-0.0961124
-1.2799
0.169498
0.387368
6.36107
1.5153
0.871931
2.27445
-1.51242
-0.204184
1.99785
-2.83002
0.681224
16.0416
0.423823
-0.786637
0.0339348
3.17489
1.88318
0.762574
-0.336786
-0.821162
-13.1846
0.264981
0.0822467
1.44046
-1.70068
-2.72497
-3.23127
-0.934648
-0.0669158
17.6381
2.2452
0.248457
1.77712
-0.560984
0.281811
-2.35026
0.663379
-1.2084
1.08696
1.46221
-0.108776
-0.217303
-0.703772
-0.0494634
0.128614
2.74881
0.027566
-19.8905
0.153192
0.0338305
-70.1731
-0.523411
9.95218
2.49179
-3.35606
-0.463422
-1.85469
0.0675372
-0.0120548
-0.782989
-4.60861
1.30762
11.388
-0.217389
-1.34178
2.31435
2.56749
0.0838329
1.18195
-0.155313
-1.5234
-0.747514
1.34265
0.923627
-0.585348
0.438176
-0.0614187
-0.445255
1.33989
5.80508
3.30725
-18.124
-0.693636
-0.41844
-1.00298
10.3865
-0.416644
-0.356025
0.957007
-0.533989
-0.672424
-0.85887
-0.759891
0.626041
0.763048
0.912094
0.389152
0.370252
-0.54391
2.54671
0.0916572
-3.84537
0.705932
-0.0679593
10.307
-1.20941
6.26368
-0.706694
0.15682
-0.160038
0.985753
-4.29536
2.89236
0.349604
-2.49045
-0.0511579
-0.689947
0.0618238
1.26509
0.248682
0.136599
1.3262
0.0416278
2.37409
-2.07438
-107.308
-7.35391
0.159226
-1.25344
-0.850694
-0.463263
0.514942
-0.701756
-11.5825
-0.54495
-0.322704
-0.833869
0.202782
-6.19452
-0.0172225
-1.12822
-0.979399
-0.539569
0.694111
0.774162
-0.614298
-0.310791
-0.088493
0.8412
0.923448
0.288141
3.56944
-3.50108
0.0958988
-2.7825
0.462087
-0.716685
0.360632
0.522293
4.67913
-0.987324
-0.209496
-0.243424
0.803483
2.68917
3.31225
-0.542144
1.70616
-0.546722
-26.7675
-4.36245
-1.2091
0.326557
1.06447
2.21908
0.87897
-0.368986
0.65903
1.99
0.0270332
2.50647
0.491581
-0.588642
-0.571104
-0.0273544
-1.11098
0.886498
-0.762837
-4.08545
-2.04029
2.03786
2.78414
-1.10346
24.3502
0.385333
0.618838
-0.801339
-0.175113
2.50158
-1.00393
2.17704
-3.90397
2.14269
-1.35155
-31.2871
0.906344
0.773249
0.236936
-1.95809
1.19642
0.337604
0.985203
-28.4452
0.716623
0.0851319
0.190779
3.96161
-2.90538
-2.19202
1.42347
-0.0638917
0.855567
-0.115924
-3.06035
3.20879
-0.174241
-0.929679
-48.3111
-3.05995
-0.380469
-1.79527
1.47554
-0.7095
0.829366
-0.994219
-0.451301
-0.855752
0.549921
1.00129
5.57213
-0.10096
0.673998
0.0339102
-3.61157
4.57789
-0.182504
-0.906997
-0.207489
1.26709
0.694751
1.89683
0.384661
-0.314447
-0.42565
-0.0706137
-0.635466
0.229862
2.91533
-2.38186
-1.3912
-1.40415
0.611923
0.731665
-0.309399
-55.4539
2.78344
6.43973
-1.25988
0.23536
14.3105
1.0836
-1.09585
0.17362
-8.48625
-0.72176
0.321253
-0.212884
1.23333
-3.14452
2.07686
2.37823
-1.57123
23.6683
0.182974
1.02051
27.5491
-3.11238
-0.248971
-2.02083
-1.63568
-7.43388
1.1455
-4.41319
-1.54595
2.92835
0.356913
1.28402
0.549486
0.187605
-0.398264
-1.1293
1.00229
7.37825
-0.235762
-3.30033
-2.79582
0.92441
-0.0445355
-4.28175
-0.555888
-0.89817
-1.01755
0.187846
-0.592415
12.5109
-0.624707
0.57357
5.66439
56.8469
8.20118
-1.08196
-0.252584
-0.492616
34.0307
-2.13191
0.0441865
-0.458923
-7.22108
-0.139402
0.236114
1.02602
-1.09146
3.00244
-0.234284
-0.170411
3.12976
-0.36515
0.335991
1.41761
0.968114
0.482556
-0.131603
-4.56169
0.840681
-0.264653
-2.86351
-6.96298
2.56417
1.13151
-0.0809307
-0.298971
0.398888
-0.61814
0.350552
0.679564
-0.196869
-3.91306
-1.38678
1.79097
-4.63712
0.965221
55.5596
2.80979
-0.781519
-1.78822
0.432224
-2.07496
-0.814297
4.51023
1.52763
-1.24305
0.514696
0.363128
-0.42342
-1.09076
0.312179
1.41314
-0.778358
0.381808
0.544653
-0.474035
0.100977
1.74346
0.500203
15.8725
0.590208
0.236617
-0.0829157
-1.26097
-2.75962
0.692345
1.54379
0.150607
-1.07806
2.75792
0.38189
1.26353
-0.847356
0.965971
-3.63057
-2.36314
2.59694
-50.3192
4.12177
-0.502515
0.265491
-12.8507
-1.9845
-6.85849
0.0800404
3.29217
1.13026
-1.97907
-0.809814
-0.921621
-1.13617
0.665113
1.82494
0.24078
8.90075
0.621548
1.14049
0.392098
1.45404
-4.01864
-0.932929
-2.76218
-0.195188
0.0327845
1.00624
-0.417504
-2.0315
0.2291
-1.28601
0.420769
-1.07548
-0.181372
-0.965824
-0.596371
-24.3583
-13.8896
2.51612
0.695892
0.527994
-0.0387951
-7.44321
1.6065
-8.57731
-3.01518
1.89104
1.39255
1.11903
-5.39235
1.08442
0.971448
-2.74287
2.05286
0.594139
-1.46633
-0.683095
-0.766821
-0.326756
-0.134815
-3.228
-0.622086
-0.0609819
2.98888
0.855204
1.82868
0.872439
0.466719
-23.4988
-1.46033
3.48528
0.295144
-1.8358
0.285584
48.775
2.27594
-0.577026
0.444018
0.663214
0.00529283
-25.0991
1.16794
-0.688722
-0.615987
-0.196814
5.13233
0.341119
0.0162757
-1.37865
-0.0700869
1.40226
0.0876632
0.681598
-2.45551
0.0870459
-4.94451
-0.586851
0.44933
0.379439
-3.8629
-0.047494
0.988328
-0.0732364
0.588075
0.938712
1.72955
8.86393
0.870987
-1.10489
-3.67777
-0.00977753
3.09863
6.96795
-0.0276299
0.625927
1.21779
-0.504538
-4.55922
-1.25742
-0.123094
-0.223988
0.816986
-0.654878
-0.133842
-1.52711
5.45251
-0.41701
-1.22958
-1.02659
0.673067
2.34329
-1.05821
-0.7518
-0.748855
-17.4011
-1.37411
-1.29757
-0.556203
-0.616318
-0.366211
-0.361034
-1.06904
-0.242535
-1.92939
-3.38512
6.66904
-0.0437386
4.69727
-0.53469
-9.46624
-12.3526
-0.01577
-0.469311
-2.20298
-2.52948
-1.67501
-0.94126
-0.0231607
-0.163392
0.325757
0.746375
0.149045
0.941331
0.0265504
-1.32249
0.275852
-0.621084
-0.211598
-0.380696
-0.0577387
-3.99744
0.214351
0.317509
-4.94615
-0.798514
0.497491
0.0326296
-1.05124
-0.155405
-4.39289
-1.7706
-1.60858
-0.514662
4.31653
0.995976
-1.3402
-0.37397
0.541248
0.224336
-2.82655
-0.545568
-0.489762
-0.959821
-0.683254
0.467922
0.709075
1.53829
-46.4616
-0.710517
0.144049
-1.2582
-0.648857
-0.233069
-0.880877
-1.75506
-5.6327
3.03379
-0.610176
-0.0704077
0.890345
6.26922
0.706901
0.705255
0.291904
0.323224
1.6512
-0.446329
2.21988
15.9965
-0.264858
0.0026913
1.12998
-0.145387
1.70391
-5.52038
1.1249
0.492947
5.36909
-5.55573
0.170396
-0.836813
0.87144
0.763184
-6.35291
-0.830314
3.86406
-1.00442
-1.12857
-0.468791
-0.110791
1.03401
1.35508
1.5377
1.35721
-0.0558201
0.980843
-1.16626
2.53242
0.40847
0.0313833
0.432197
-1.92563
0.643769
1.64536
0.718417
-0.456566
2.6552
-1.90524
0.0761891
-50.619
-0.917218
0.710239
0.351053
0.31006
0.674384
0.702693
4.42659
-0.1213
-0.668012
-0.0748061
-0.366642
1.64715
2.77793
-1.13922
0.189615
-5.16309
2.8553
0.862127
0.665747
0.187317
-3.0037
1.61694
1.67499
0.740788
-2726.03
0.504601
-0.82493
0.292547
0.235795
0.262084
-13.7787
-1.36598
-1.27965
0.852552
0.429825
0.479385
0.901206
0.61291
-0.447878
-3.09643
0.201233
1.90437
0.226797
-0.105267
0.204102
-0.906095
10.8706
-0.813637
0.547296
-2.64919
-1.47744
1.82951
1.02915
1.3282
-0.978045
0.00899424
2.19513
-0.840442
8.42918
-1.2701
-0.562006
0.0780677
-0.535354
0.162998
-0.155095
0.110502
1.36587
3.49667
-2.11068
0.617726
0.739213
0.273283
0.0699353
-0.083995
-1.03543
-0.399941
-5.85636
1.3406
-8.09258
-1.20024
0.90132
-4.22716
-0.791237
2.54521
0.472763
0.0690648
-0.592319
11.0404
-2.01212
8.14058
1.53504
-0.718381
0.648367
0.729947
1.78991
4.3472
0.711637
4.77153
-0.175559
43.4589
-0.479316
1.07192
0.0169072
-0.778234
0.354382
0.717916
-0.653932
28.1383
1.08185
-0.864696
2.33384
60.2256
-1.4726
0.809127
0.769309
-0.177353
0.606528
-1.30936
-1.42045
1.35999
1.96005
0.355233
0.846957
5.71824
-0.893666
-0.401565
-0.294601
1.00317
0.520713
0.537986
0.0742199
1.4655
-0.210915
1.18491
2.11562
1.26918
-0.866519
-2.21766
-0.373246
-0.495331
1.7161
-0.494116
-1.49968
1.80998
-0.344024
-1.99375
6.1526
-4.59279
0.204728
0.153367
-0.739234
-0.655319
2.74038
-0.142988
0.307811
-2.8787
2.97841
0.323875
-2.27327
0.520954
-0.57008
-1.03088
-0.600392
9.48949
-1.26552
1.10654
-1.26831
-1.43124
18.3419
1.43099
0.176544
0.529392
0.502865
1.55496
0.200729
79.5206
-1.41421
0.013467
-0.122242
-0.0101289
-0.681693
-1.77294
0.115268
-0.919307
-2.40203
0.580275
1.62699
3.60952
-5.29007
-0.0536562
0.243639
0.0976601
-23.3629
-1.99493
0.593275
-0.968624
0.715637
-0.6807
-4.49829
54.0824
0.614488
2.02045
-0.0355638
15.6124
-0.568426
-1.29054
-28.8892
-0.492262
-0.165381
0.784081
0.723965
-42.8523
1.37211
-4.28312
-68.8359
0.643446
0.418062
0.742921
-1.39071
-0.101236
-1.39112
2.94993
3.67945
-0.525359
-13.2269
1.11867
-3.83839
0.28354
0.390919
1.23794
-0.101658
0.129201
0.462972
4.34673
0.989897
-0.872269
-0.181572
0.32088
-0.818038
-0.173129
-0.988159
2.16105
0.640191
-0.197522
4.95971
0.814322
4.91878
-7.97296
-0.0802972
0.654774
-0.0708199
5.59789
-1.38599
-3.14969
-0.109699
1.08231
-1.75894
-0.631382
-0.420824
22.2939
2.74449
0.485799
-1.18726
2.93593
0.358032
-0.171388
0.915991
-21.4424
-0.194345
21.1355
-0.0164939
0.349314
0.0840513
-0.789563
-0.385265
-2.88649
3.66396
2.83509
-0.923629
0.0493497
1.72242
-0.44076
0.389955
-1.92383
-1.89779
2.67765
-0.248235
1.4412
1.12598
1.25654
-0.844948
-0.953372
-0.543105
1.14225
-0.213588
0.753919
3.1337
1.33566
0.316182
7.86298
1.56564
0.583509
-0.561687
0.785587
0.553901
-0.919034
2.59458
-0.261985
-0.546717
-1.69555
-0.103383
-1.37939
-0.600387
0.136789
0.730762
1.32683
1.62876
1.31168
0.668914
-0.215347
1.76527
0.827167
15.6427
1.02368
-3.84404
-0.232441
-0.304364
0.113566
1.57268
-0.486484
-0.268644
-0.0286269
-0.891786
-1.25305
0.0714887
-0.427315
1.03204
-0.0294302
-0.158246
0.820981
-2.00826
0.749473
-0.831339
1.04608
0.00757739
0.27422
10.1662
-1.00726
-0.343882
0.245979
-0.0745905
-0.946912
-2.13828
-0.297756
-15.8493
-0.300987
1.66562
4.02239
-0.196467
-0.524328
0.742793
-0.577227
-1.15873
1.15947
-0.692146
0.461141
0.104769
-1.12894
0.951107
0.0102693
-2.33531
4.08802
-37.5214
-0.979261
-0.377524
-0.0994551
-1.61837
1.7843
-1.3259
1.88664
2.1127
-0.591804
3.16652
0.742159
1.08912
-2.19288
-0.317909
1.49169
0.857219
-2.81371
-0.858693
-3.07445
0.877196
0.0824053
-0.790599
-8.93282
-0.537059
1.62343
1.89565
3.21205
-0.239998
-0.293068
-29.4332
0.611687
0.53019
1.77855
0.279181
-3.15463
0.298318
-0.0377759
6.02774
-2.85286
-1.59736
0.409599
2.04086
13.8599
1.90845
0.238709
-0.353592
1.40629
0.0554484
-1.05072
-1.07843
-1.13757
2.59232
-0.497912
0.0661323
0.40123
0.843544
0.456501
1.49477
2.19642
2.163
-10.7955
2.26015
0.138803
0.197923
0.874608
4.72387
-0.275593
-8.46148
-0.356737
1.02994
4.04009
-2.082
-3.38785
-0.170871
1.31492
-1.33317
0.161582
0.0834291
1.00464
1.67703
-15.1021
-1.6166
-8.48061
-2.10645
7.8885
0.401045
0.0302528
-4.1712
45.548
1.78871
-0.702546
0.145264
1.75702
-1.09012
4.73698
1.95402
0.974833
-0.344736
-1.59998
4.66908
0.585542
-2.06754
3.03118
-0.35046
0.0772195
-3.17201
2.41244
-0.254058
0.245036
-1.25711
3.3033
-0.538846
-0.247143
1.46047
-0.93402
6.70542
1.04256
-1.33607
-7.76003
-0.641595
-1.78517
0.764228
0.0501276
0.977713
-0.366639
1.38396
-1.49424
0.157189
0.0335268
-0.491531
-5.38487
-0.860154
-0.141606
-0.680785
-0.468335
-2.7832
1.99708
1.70166
1.86563
0.485387
-0.272803
-3.28686
1.80336
-0.105597
-2.45944
0.367574
-4.23464
0.886939
11.2351
0.634785
-1.37193
3.17991
-0.171726
-0.342172
1.08567
0.764227
1.5967
-0.0362618
-7.50127
0.409689
7.72831
175.734
0.340585
1.09922
0.147891
8.03105
0.94511
23.4728
0.303322
-0.593299
-0.403331
1.64917
-0.694999
-0.02974
-0.725525
-0.916329
0.458708
0.787665
24.5015
-0.675221
-2.22126
29.6558
0.0562329
-0.19212
0.129263
-0.0334882
-0.38319
-0.249835
0.590444
0.561902
9.02722
-0.201916
0.688222
-0.647755
0.364043
0.169189
2.05457
0.628601
-21.298
0.252
-1.88373
3.26015
-0.72649
-0.0910828
0.032221
1.30241
-1.59311
2.6363
-0.367404
0.0118753
2.64742
-1.56406
-3.35468
3.63315
0.0461966
-2.53493
0.298893
2.38023
1.60119
1.6495
-3.65948
1.02306
0.745464
-1.10794
-1.01725
-0.708477
-0.62359
-0.95214
0.0768424
0.899843
-0.40687
0.734688
0.52027
-1.16155
-0.601604
-0.0232573
-3.05833
10.685
0.591061
-1.28019
-1.50753
-0.551408
-0.0408374
0.169844
0.0135987
-0.699115
-0.199347
1.6083
0.40125
-0.0113249
-1.56907
-3.54043
4.5598
-0.969132
-1.16923
2.29815
3.03679
0.52406
-0.445941
0.169159
-2.87712
-67.3803
-0.316669
-0.706801
1.25461
0.243649
2.20287
5.70166
0.578143
0.322094
1.05974
0.37829
0.199681
1.7768
11.4799
-0.362227
-1.40958
0.707313
-1.8772
-0.764009
-0.951805
-0.0799547
0.577056
2.54348
1.18502
0.394765
7.34237
-0.714348
1.71621
-0.230306
1.7969
0.480984
0.684091
1.42934
1.38248
0.978872
49.0575
0.383239
-10.4595
-11.2486
-0.121784
2.46176
-2.08755
-0.621669
0.0887238
-0.434534
-1.33538
-1.04967
-0.465683
1.55598
1.22027
-0.322585
-5.65282
-0.566412
-0.896481
-0.270194
-0.989596
-0.249709
-0.170444
0.0477186
5.59437
-1.78536
-3.7404
0.588081
-1.07001
-1.14047
8.50733
-0.823444
-4.45065
-7.19394
0.35957
0.031363
3.42295
-0.599757
-0.856712
-3.9747
-0.177017
3.2418
-1.89704
-0.0613233
0.0639322
0.369021
-2.00051
5.23455
0.667547
6.87208
0.61363
31.6796
1.23416
-0.67161
11.775
0.533578
0.749277
-1.41482
0.48036
1.06519
2.2855
94.8486
-1.019
0.338942
3.14069
0.225952
-11.4729
-0.441996
-3.98437
-0.391328
-5.23193
3.02775
-4.9515
-20.9397
-1.42609
0.187738
-0.112352
34.105
1.06933
8.96567
-0.831034
0.640286
6.32197
1.2388
1.05318
3.62082
-1.76973
-2.8697
3.05965
-0.211405
-0.274148
0.210004
0.137634
1.27769
0.793623
0.502924
-9.06018
-2.46858
0.0219013
-3.36584
1.00055
-6.35273
-0.153825
-1.34597
0.350806
2.38742
0.57871
0.267243
0.205716
-1.03656
-0.96354
-3.43372
-0.173046
-77.2639
-1.05591
237.367
-0.100128
0.922247
1.5366
-102.152
-29.1986
1.13292
-0.412691
-0.95507
0.309099
2.25293
-1.09187
1.0126
0.947989
1.60853
0.596453
0.52873
0.322458
0.164584
-0.834414
-0.737861
-3.14811
-0.263529
5.22247
-0.472148
-1.117
0.616414
0.529381
-14.0778
2.43467
-1.14091
0.116355
-0.537064
-0.138544
0.187585
0.673851
-0.398353
0.412027
-1.08281
-1.96216
2.83554
-1.13387
-2.71723
1.18589
0.861461
3.58475
-2.71916
-4.27995
-6.09366
-2.44869
-0.155047
-0.440928
13.2857
9.6951
1.14787
-3.49021
0.122737
-1.22024
0.693534
0.0722024
-5.23017
-3.37454
-2.80879
0.380767
1.39414
0.406829
-4.45306
-2.79546
-0.108352
-13.7733
-1.72391
0.0730203
-0.045817
-1.3718
-0.721121
-0.938684
0.204504
-0.949265
0.242942
-0.87381
-1.76076
5.65662
-1.62859
5.43714
-6.0633
2.04293
-0.229428
-1.1214
0.486109
-0.280908
-0.257806
-1.32304
10.7729
-0.390359
-2.48984
0.71968
-12.2244
-0.283605
-0.68921
-0.729146
-0.541887
-0.354866
-1.72552
-5.33986
0.0751629
-0.149655
3.00368
-0.548646
-0.189167
2.5724
-0.132165
0.00867223
-0.32481
-3.96809
0.613939
9.52303
0.476237
0.218082
0.206119
2.8614
0.0609119
0.777372
0.543932
1.56315
-2.36751
-0.439681
0.241449
1.03902
-1.96609
-2.13865
-29.9452
0.13205
-0.218705
-0.820553
-1.81038
0.108749
0.312084
0.164687
5.9317
2.07961
1.44885
26.6958
2.8597
-3.02879
-0.0402571
0.363415
-8.30611
0.745174
3.20083
-0.0255973
-0.221362
0.9771
1.3387
0.217617
0.00205089
-0.432403
2.71736
-17.7556
1.14581
1.1013
-0.0746878
-5.94752
3.73569
-2.28828
0.587693
-0.245031
-21.3932
8.15584
-0.0230908
0.366578
1.77175
0.36434
-12.5097
2.18674
0.0758908
-47.2153
0.894458
1.39338
-0.167065
-0.794287
0.585522
2.80223
0.470627
1.16368
-0.985317
3.45376
3.262
0.504074
1.14288
1.50186
-0.243597
-0.569968
5.36968
9.40457
-1.55063
0.0769428
8.23389
2.60596
0.728199
3.23244
-0.00477439
-1.14457
-0.511714
0.0395079
3.03966
-0.76379
2.13153
1.5179
0.211268
0.914196
0.746388
0.497726
-9.82886
-8.33898
-1.38986
-0.601668
-0.727594
-7.55638
-0.482983
-0.474421
0.904105
2.40896
-0.815433
-0.397348
-1.31361
-2.70346
-0.281804
-1.87039
4.03578
-29.1127
-2.77923
-0.843932
-1.90109
0.720983
0.116926
0.590211
0.0287745
0.22272
-8.01978
-1.71458
0.853909
-0.84734
-0.218192
-0.0511408
0.803607
-19.2001
4.50556
4.33873
2.5495
0.547449
-0.467754
-1.77056
-1.33084
-0.826225
1.44541
-0.164517
1.73599
-0.0135636
0.75612
1.03379
0.0675388
14.1838
-0.0718169
0.569903
-1.0224
3.38515
-2.95543
1.5194
0.839798
-1.32743
0.989232
1.23695
6.28636
-1.41452
-2.33236
-0.181141
0.113155
-0.137712
1.46553
-2.66347
12.3544
2.42123
-0.701098
0.738886
-1.0864
-1.56948
-4.45338
-0.768253
1.4948
-0.175492
0.684158
-0.78622
-1.00237
-1.6994
-7.47513
-1.13593
1.23155
-0.924825
-1.77332
-10.7396
-7.38053
-0.926975
23.2586
0.435142
-0.767481
-0.483324
-0.845104
1.50024
0.363649
-2.37478
1.06102
0.789882
-0.320046
-0.0746722
-2.14906
-0.1856
6.75572
-0.205442
0.245186
-3.20178
-3.42119
-1.60319
0.725288
2.64777
-1.20872
-2.9542
0.0904642
2.00512
0.909356
-3.30503
-0.533143
-40.548
1.18761
0.639077
3.02126
8.1117
27.0273
2.34729
2.5513
-4.33222
-0.377548
0.252465
-0.0382944
1.41683
1.58159
1.56694
-1.62483
-0.237031
-1.68061
2.1819
0.472208
3.13264
-1.22947
1.75693
18.528
-1.40721
-4.04531
1.87731
-1.62569
0.437084
0.681121
2.00682
-0.207547
-0.896022
-0.534159
-0.318366
-2.95508
4.11475
-0.613434
-4.98391
0.102634
-2.16608
3.27573
-0.130144
-0.100037
-0.735239
-1.78295
1.45058
-1.97413
-0.373593
1.51955
87.7227
1.31088
1.15552
-1.90367
1.08885
2.43857
0.0513564
-0.0430447
1.68675
0.564611
-0.0461637
-3.38234
3.43028
0.572485
-10.9692
4.5844
0.543506
8.35482
-0.703325
-0.16032
-0.247231
-0.513922
0.733068
1.01185
-0.564209
0.183204
-0.767364
16.418
1.97081
-1.34068
-1.43889
2.5194
-0.723011
0.160171
-0.698859
-1.2548
4.99084
-28.5469
-2.86988
0.334468
-0.401373
-7.83742
1.97448
1.3632
0.0714347
1.70339
7.20431
1.03681
0.287032
1.11649
0.977823
0.605571
-2.0449
-1.74381
-0.606658
-0.164016
0.0892345
-0.444883
0.550215
1.68233
0.174742
0.0631125
-3.31451
-0.19616
0.748454
1.36199
-0.292988
-1.03838
6.28415
2.23774
21.1974
1.04765
-0.563424
-0.555621
-0.0108191
-0.133305
0.977886
0.785951
-0.113254
2.67263
0.684814
7.99458
-0.0923365
-0.33478
3.99904
0.896725
-5.23512
0.453153
0.664082
4.55926
-0.556494
1.40895
-0.379859
-0.801858
-64.4616
-0.0483067
1.53722
-0.341979
2.05645
-0.413451
0.0369747
-0.187195
0.452479
7.65587
-2.80827
-1.45497
-1.25333
-0.390021
0.187634
2.53097
0.462773
-77.9167
0.822403
-1.58959
1.26233
2.58776
-1.06911
0.403376
-1.7085
-5.49651
1.16215
-1.88176
10.5728
2.71953
-2.85491
0.304553
-0.406585
1.93317
-1.82224
-2.7678
0.73635
-2.28341
0.803936
-0.231053
-1.17461
-0.1646
0.536346
-1.36368
0.573201
1.14315
61.562
0.0612919
0.625312
-0.558961
5.32223
7.53068
1.19959
-1.30456
-0.310089
2.54892
-0.414187
-38.7726
0.965817
-1.07474
0.348183
2.65644
0.6738
0.751226
-0.111169
-2.57907
30.4282
1.37231
4.73722
-0.179975
-2.65653
-0.129335
0.158281
-0.941854
1.1756
-4.23057
1.61341
1.07029
0.789877
0.677422
-0.737526
0.0184796
2.31891
-0.64166
0.772184
-1.10247
4.15609
-0.020147
-0.988262
0.2253
1.22882
-9.02576
0.570068
0.836869
26.6274
0.868898
-36.5721
-0.489056
8.11158
-1.25749
-2.12261
-2.15014
-2.04629
-0.179555
0.686919
-0.510985
2.66192
-4.84124
1.76642
0.951556
-0.524158
0.735956
-2.1076
1.97498
-1.87443
-0.17622
-0.0811566
-0.898495
-0.144186
0.295892
12.9379
-0.270073
0.778013
0.131899
0.0995921
-6.87432
-0.243644
-0.488955
-1.80978
-50.4605
-1.58198
0.319832
-1.74858
-0.026175
-0.570126
0.873919
0.575377
-0.515737
0.261992
-0.186546
-1.4211
-0.262243
-7.87639
-0.0224008
5.19233
-1.40409
-0.154236
-1.41118
1.49275
-0.150034
0.188834
-1.02962
-1.12559
1.98392
20.3645
0.357353
-2.97119
-1.12766
-3.73613
-0.453825
-0.687615
3.99426
-0.60924
-0.147382
1.03246
-0.0195705
0.525834
-27.7196
0.939081
0.116072
15.7121
-0.2103
0.955374
-0.957682
0.0980557
1.32861
-0.368713
-1.50849
0.409394
-1.14046
-2.36409
0.423354
-0.995047
-0.87811
-1.74445
0.186847
-0.785116
-0.458206
1.34857
-0.43192
-0.430912
0.19407
0.650199
-0.261092
65.5251
-2.51083
-0.342663
-0.186413
-0.443579
-3.38105
0.267788
-0.602341
0.750878
-3.91829
-2.20281
-3.28707
-3.70238
0.28857
3.77044
0.76641
2.81542
0.423681
5.69148
-0.480059
-0.681645
0.247602
-0.825177
-1.5915
-0.109503
1.02001
-5.47367
1.86382
0.181431
0.37038
-3.2733
3.00377
0.473478
33.1485
2.77066
1.01485
-0.364284
-0.286766
-6.14207
-2.24548
3.19151
69.7485
-0.988097
2.43226
1.24023
0.203797
-2.25858
0.28811
-0.722376
-1.91841
-1.33215
0.078723
0.353283
-1.62857
-1.69071
-4.49003
-0.503219
-0.873938
12.0423
0.639691
8.8514
4.20633
-3.42305
-0.310149
-2.72831
-0.349644
-0.0812698
16.3336
0.214747
2.63935
-0.839526
0.607562
-0.0954141
0.419928
0.642487
-0.0858394
1.13892
0.219048
0.493107
1.24811
2.10629
-0.0988373
0.59589
-3.60271
-0.881519
1.53799
-0.314851
0.459083
1.49559
11.4012
-0.14204
-0.731816
1.31524
-0.615852
-0.551274
-0.533949
-0.123628
0.320227
0.063331
-0.462105
-0.565732
-0.354392
-0.772766
-1.36588
-4.18689
0.413212
0.15883
1.56661
-10.7443
-0.589071
-2.00467
-1.80627
-2.99055
34.2244
0.973016
-5.69637
-0.930692
12.0684
-1.08099
0.592057
0.516096
1.30363
0.0450643
3.25176
0.421028
-9.64189
-0.585387
-0.620687
-0.399365
-2.9743
-0.951545
0.0584673
-0.0301733
-0.0563657
0.318273
0.0398586
0.714908
1.37108
-0.410023
1.06344
0.420539
-1.71324
-1.61714
-0.00604736
-0.287846
-0.153192
-1.1277
0.314107
0.0661578
0.0595257
-0.901299
-0.0491539
1.89855
1.87785
0.036014
0.989761
0.902155
-0.914596
0.413732
0.599065
-2.62291
1.04849
-0.10643
27.8353
-0.00168582
-0.0669745
-0.0171773
-5.56841
-0.679198
-1.04723
-15.871
-0.433073
0.816644
-0.0258981
0.552525
-0.11643
-15.0956
1.0436
1.23716
0.308119
-0.698145
0.42589
0.158278
0.35357
0.217274
1.81312
-2.20832
-0.565538
0.29598
1.26941
0.00889569
1.36301
-0.611099
-2.2042
-0.447709
-1.21265
-1.18643
8.4559
-0.288894
-4.00431
0.897257
2.61498
5.29735
-2.20095
0.145251
0.611415
-2.23611
-0.129979
1.1927
15.5424
0.276048
-1.19578
2.47058
0.585043
0.0538731
2.87419
-1.09659
0.463567
-1.08844
-0.325932
5.86007
0.241193
-2.41343
1.06353
3.31875
-0.677676
0.803546
1.67551
-0.179822
-0.240665
-0.357207
21.9192
0.12345
-1.35621
-0.0509945
5.57367
0.699074
-4.42316
-0.714188
-1.80287
0.912125
-7.87995
-1.42086
0.827668
1.70276
-1.46045
3.94075
0.236111
7.94655
1.71512
-3.36896
-377.336
0.76171
-2.42073
-1.38563
-0.125637
1.22388
3.87866
0.924579
2.198
-0.313572
0.871739
-5.63407
-0.883143
-1.54826
-1.29994
-1.17173
-3.02504
-1.12759
6.69261
1.06681
1.22945
-1.54656
-0.614866
1.26778
0.794033
0.427529
-0.755086
0.229791
-1.50833
-0.153378
0.293946
-2.5017
-0.559401
0.427293
2.63345
-0.0659861
1.31373
-0.287261
0.110974
-0.351292
-1.40181
-1.69701
0.144132
2.3717
-0.290061
4.23726
-0.816885
-0.00549526
1.23238
-0.789641
-2.71816
2.12639
1.87267
0.264568
-5.50032
3.47964
0.658296
-0.0379198
-55.1785
6.93311
7.19814
-2.54044
-2.20306
0.0167511
-6.95791
-1.85163
1.12969
0.357934
-0.0182388
0.55351
1.97453
-5.39789
-0.902889
2.53953
-1.29968
-0.182895
0.75987
-0.209986
1.32664
-6.3154
-7.32057
0.331723
5.88433
-0.0818596
-0.9865
-1.53037
-0.68846
-0.181583
-0.995977
-6.0004
-1.40092
-0.593701
-1.85579
0.693793
-1.77001
-0.281604
-0.59604
0.478255
-0.208818
-6.896
0.244446
-0.027092
-0.767695
0.655011
-1.88904
-1.07711
-0.327349
0.777815
1.9355
0.664741
-0.148494
-0.909173
-0.695603
0.189188
-1.63622
0.0157758
1.9256
0.300842
0.813529
0.989815
-1.84945
0.0267079
-6.38516
-0.17016
0.581615
-0.150693
-0.97566
1.04444
0.137059
0.528963
-0.711951
-23.2877
-1.25685
-0.808406
0.794852
0.995748
0.131472
0.890217
1.15964
-20.3436
-1.6239
-0.188128
3.79891
-1.76316
0.219084
-3.02079
18.8122
19.1239
-0.459914
-1.2746
-30.9696
1.54381
-7.22643
-0.229234
0.31372
-0.822098
-1.67588
-0.649605
1.58349
-0.81953
0.257246
0.180503
-0.166258
0.00212565
-0.726927
0.538751
4.84967
-1.65859
24.7549
-55.559
-6.38928
0.448599
2.24926
-2.50686
0.349635
1.93825
-0.531561
0.179773
-0.296228
-0.850301
0.359121
-1.55883
-0.76591
1.88035
-4.21731
-1.35338
0.563241
-4.86753
-0.0605021
1.13353
0.402521
0.0612445
-0.215454
2.49528
-0.885892
0.0438012
-0.91415
-12.5436
0.100108
0.71641
1.90327
5.56112
1.9383
-0.414105
-3.24551
-2.30264
11.4534
-0.384048
-0.317656
1.97736
0.223275
0.0789532
0.504675
-0.858434
0.604252
-3.62609
-2.09439
-0.492546
-0.281013
-1.55451
-1.56683
-9.08722
0.117785
1.18385
-0.598156
-5.81487
-0.138418
0.581234
-1.5315
-0.0452142
18.1026
3.4795
-0.58327
0.475626
0.250848
-0.176541
6.15444
-0.223473
0.158057
-6.30771
-0.815996
0.912161
0.437397
0.99655
0.241525
-0.640745
6.05761
-0.381157
0.593227
-7.7517
-0.191634
1.49176
0.559354
-3.49888
-0.715177
5.3868
0.823425
3.67957
1.74511
1.03644
0.695983
0.692172
0.26518
-0.390201
0.616365
-5.11732
2.21529
-0.679338
-0.280201
-2.30313
-0.166181
1.70905
-0.731617
0.747844
-3.61225
-0.815352
0.583927
85.6682
-0.377346
0.0643218
4.02149
-0.242426
-3.81646
-2.14956
-0.891604
-2.49366
-0.0827578
0.515354
-9.65397
-2.16879
-15.555
-1.66134
1.2157
-0.990699
0.0798371
27.51
-3.55617
4.56817
-2.22638
1.03244
4.03482
-0.0960385
0.374075
0.405959
0.183761
-0.392182
-1.2241
-1.46881
-5.21899
0.263602
-0.273538
0.064762
0.383287
1.13576
1.97561
-1.21622
-1.175
-2.30924
-0.225161
-0.659339
-0.0873668
2.26679
0.397419
0.198824
-0.0269861
-15.7367
10.8215
-0.978448
0.0838127
0.52965
-0.0298123
0.197727
-0.147403
0.134517
-0.715923
-4.40934
0.529944
0.325908
24.248
2.3894
-0.308185
6.60448
0.222874
-0.508758
-0.145877
-1.03478
-0.915319
0.369978
0.0722587
-0.540761
-0.123587
0.0326745
-2.80771
4.15398
0.97018
0.762824
-4.75085
676.255
-9.09363
-12.4802
0.224413
0.825108
0.385771
2.88453
-1.6126
0.51354
0.176425
0.0695848
0.212801
-28.1376
1.92246
-0.193246
-0.933447
6.36839
-0.00169229
-0.608412
0.0141725
0.536995
-0.914446
11.4642
0.155905
-0.621529
-0.905
6.31539
0.866434
-0.616547
0.587391
-8.30135
0.887155
1.61494
0.752702
-0.542493
-1.38183
695.753
0.553104
-0.590021
0.34967
2.38976
3.13937
0.339816
-0.294319
3.04652
1.11429
0.962905
2.81582
2.37405
0.808668
-1.77586
30.0528
-0.0338283
-2.22488
-0.0397939
-2.6302
-2.00341
-1.85795
-0.942806
-1.43304
0.900664
3.87378
0.909228
1.03732
-1.3981
1.3036
0.652855
-2.56687
1.34996
-0.209085
-0.222878
5.15764
-2.08579
-0.671551
17.8331
0.907564
0.672668
0.651399
140.363
9.41416
0.684596
1.05517
-0.633719
0.0125489
0.631057
0.721978
-14.4214
-4.50367
1.67637
-0.0785209
-2.60577
-2.41474
-1.06696
0.935082
0.468195
-3.06483
0.20323
0.229323
-0.370076
-2.41676
-0.817798
12.2736
-0.402089
0.557558
2.32106
-0.58064
-0.566467
6.49906
1.25088
1.55486
-0.788963
-1.20383
4.69585
-3.14661
-0.28665
0.309926
1.41278
0.133997
4.00659
0.336729
0.31619
-0.748032
1.05466
-1.06177
0.309233
-0.758236
-1.91204
0.430205
-1.00312
-0.433948
1.60369
-0.93781
-0.480054
-0.605291
4.63917
-2.04911
-5.33108
2.65792
0.220825
-3.53831
-5.17015
0.662836
0.0239102
0.193955
0.563194
5.91833
1.54532
-6.89977
0.3759
1.88687
0.304046
0.192668
0.658408
0.0393791
-0.990411
2.23672
-0.465086
7.83479
0.713469
1.00224
0.526272
-1.82743
0.378189
-0.324219
6.24871
0.855643
0.0959689
2.74255
-0.639661
-49.6075
0.117816
0.449436
-0.168389
7.12018
-0.202529
0.664144
5.09003
1.21093
-2.75882
4.10232
-0.226909
1.20009
-6.70232
-0.941414
-0.654762
-0.162558
1.9094
0.061546
-0.912104
-3.70693
-0.945623
1.23477
-0.0151884
-5.19994
1.77499
-3.03429
0.633925
0.353117
-0.353252
-2.45427
-1.09632
-0.54347
3.29673
0.816803
0.563126
-4.63446
0.876726
-1.16639
0.330671
0.968601
4.03096
-0.949213
-1.23697
0.465166
0.765955
4.54082
-0.810849
-1.83085
0.117543
0.188695
0.4601
0.124364
1.93297
-0.268897
-2.75457
0.0534826
-2.93874
-0.0478333
0.528864
0.769373
-0.236558
-1.30962
0.780263
-0.378512
-0.00980324
0.844582
-0.0414537
-1.05349
0.702302
6.36103
1.35396
1.68318
-0.53973
-0.649616
3.56299
-2.69336
-0.284239
-0.108353
6.83944
-1.5207
-0.479263
-2.14425
-32.1537
0.268002
-0.851699
0.819156
-2.68195
-0.169416
-0.652069
-0.291179
2.08004
-0.249188
1.63142
1.8801
-0.226854
-0.525562
0.316107
0.194386
-0.479493
-0.614062
-0.152435
-0.323365
5.2646
-0.34645
-2.68799
-0.20987
6.2012
-1.65772
0.293794
-0.55574
-0.724875
0.244759
-3.03009
-0.482916
-170.167
-0.123406
-1.09589
-3.86018
-0.75121
0.218834
4.96684
-0.500635
0.0978431
0.0527257
0.206627
1.8343
1.01038
-0.380512
3.08525
0.914734
-0.306231
1.0168
1.22827
0.130371
-0.126326
-0.660938
0.0555534
1.5286
-0.878565
-0.922616
-3.23992
-0.895174
1.72073
-11.678
-0.237498
-7.22862
2.27159
-0.60663
2.49251
-8.79879
2.70376
0.859698
-0.41221
-0.212775
-0.622178
0.0973398
0.591133
-0.245479
-0.368208
-9.78447
-4.25211
0.65488
0.44641
0.385137
2.45507
2.42116
-1.14511
0.42822
-36.1763
-0.309194
4.52112
-0.51816
4.44123
-0.208503
-0.24847
0.137223
-4.25543
-0.308659
-1.5773
0.690932
0.083149
7.10464
9.21404
-5.70831
-0.928686
-2.13752
0.100143
1.02546
3.90278
-1.38255
-9.27187
4.65007
-0.749939
-0.50535
-1.00891
-0.0697626
-2.95789
-0.0609157
0.572147
-0.997936
0.273154
-0.399616
-1.15915
-0.519742
3.63545
1.18815
-1.51988
1.18901
3.38861
0.665274
-1.78804
1.00628
-0.648195
-0.145898
1.15641
0.472209
0.379864
-1.55738
-0.0453899
-0.733864
-0.197708
5.02056
0.500145
-0.776998
0.260469
1.31576
-0.851548
4.08386
0.168074
-1.21782
0.350349
0.105303
-1.18812
-2.40997
0.402218
1.00689
-0.117708
-0.87897
3.16008
-0.629772
0.0663903
-3.2773
4.87424
3.76972
-4.89114
9.29882
-1.83748
-0.375896
-0.722303
-0.480959
4.46197
0.722507
0.280884
-0.632137
-8.93363
-1.42441
0.441649
-0.308998
-2.36548
8.02135
0.916878
-0.545762
-1.06711
-0.258244
-6.2147
4.82211
0.408594
0.375368
0.383562
0.0373087
0.500474
-0.135425
1.18668
6.27813
-1.19684
1.82136
0.353011
1.07921
-0.882621
0.389609
4.88624
-0.230956
1.22182
-0.685999
-1.46488
2.5614
-0.007574
-1.46062
1.08445
2.55351
-2.77578
0.575145
1.47766
2.11139
2.82074
1.94668
-0.788342
5.66089
1.31684
-0.471557
-1.22278
-10.1676
-1.62943
-0.70534
-216.411
1.67563
-0.496599
-0.577303
-26.106
-0.331815
-5.19576
-2.22526
-8.12208
2.31478
-0.00811145
6.28395
-0.0381023
1.88537
0.503683
-1.00974
-0.475618
-0.116487
2.07524
1.79788
-1.48709
3.81296
-0.030609
-1.77569
0.144237
0.878036
1.41604
0.0205669
-151.073
-0.512767
-0.356437
3.73012
0.547108
0.528473
-0.611254
-2.19293
1.99425
0.047281
-0.35746
0.757836
-0.819791
1.69618
-0.327494
6.3987
6.96687
-0.322578
-0.400335
-2.21373
-0.325196
8.95559
-0.148559
-0.512391
-12.2011
-0.777087
-0.0391873
-0.0529981
-0.193001
-2.16919
-4.3979
-0.385264
-0.232703
7.56428
-0.628228
0.0312827
-4.6023
-1.44739
1.78159
1.26988
6.74107
0.0658865
1.38725
1.14068
-0.170116
-0.57427
-1.92996
-2.68951
2.13141
0.205342
-0.427931
-0.523946
1.20248
0.0792811
0.55923
0.826331
86.9883
-0.275621
-0.219391
-2.30501
-1.70556
-0.724967
0.370545
0.116189
39.7211
-0.673772
-0.0685627
1.18697
6.94206
-0.714633
0.116125
2.49017
0.0295738
0.187607
-1.09368
1.20464
0.881453
0.576652
-4.30329
0.794026
1.03922
1.06065
-0.991841
-1.71498
-0.883176
0.150794
63.0896
0.285693
-1.49106
2.23128
1.12595
-1.25727
-2.02808
-6.70208
1.2303
0.359422
-4.46796
0.292172
-0.0424713
2.97964
-0.669899
0.446196
-0.0913864
-0.686847
-0.84426
-13.0473
-0.529514
3.63199
0.398066
2.31394
0.174789
59.9028
-1.13324
-1.67426
-0.747977
1.7077
-2.06354
-1.35503
-0.429198
19.4325
-3.06302
-0.675777
1.46189
1.10449
-3.04294
0.171214
-3.26628
1.74504
0.198374
1.67896
0.546379
-1.77264
2.20835
1.03564
1.18963
41.7519
0.416054
-1.53627
0.557284
0.00711632
0.018149
-0.346065
2.32337
-0.26866
-10.3916
-1.62371
-7.07525
0.407111
1.9381
-2.54696
0.542309
1.18703
-7.48805
0.195958
1.34402
-6.47323
2.99076
-436.798
19.3488
2.32699
-3.34676
1.42225
1.12582
-0.807313
-0.437562
-3.92534
0.167781
-1.50551
13.0059
-0.201767
1.17717
0.211239
-9.97274
0.428445
-1.61248
-0.224665
8.36304
-0.0837924
-1.29007
0.88687
0.106761
0.210192
-0.03258
0.638648
1.89364
2.09834
-3.22299
-1.88604
0.827317
0.267048
4.6974
0.424132
-0.279588
0.874337
2.20442
-1.31361
-0.409209
-0.095089
1.1587
-0.885278
1.21591
0.0952256
0.612031
0.209311
-0.55104
0.550494
-0.467146
-28.59
1.03219
-0.338886
-0.79315
1.02054
1.86604
-11.135
1.43454
-0.817228
2.84395
1.91196
-1.09465
-1.03956
21.3576
-0.746192
-4.10439
3.10103
4.26555
0.590124
-0.873153
0.0229626
-0.47167
-0.149756
-0.814141
2.50682
1.80791
0.270759
1.37894
0.227449
-3.16088
-3.90758
5.38645
0.399642
-0.545819
-0.321133
2.83038
1.63023
0.934143
1.42341
-0.0132387
0.249425
-1.14215
-0.419909
-0.544474
1.48008
0.362918
0.166225
18.9058
-1.42837
0.141626
0.209964
-4.95995
-0.189167
-0.00631371
-1.61595
-0.137768
0.267135
-0.135936
-1.0563
2.92717
-1.7012
1.02956
-1.42426
0.832469
0.430244
0.226658
-2.17386
0.0053208
-5.39105
2.20291
-0.707548
-0.88459
-9.97558
3.47781
-0.40547
-2.77258
20.3468
0.589647
-0.719492
-1.31247
-4.24298
0.684292
4.57621
0.576043
0.115913
-0.616441
-0.417924
-0.684398
-2.56684
-7.1354
1.75855
0.0374869
1.56801
6.43967
-4.64118
0.4232
1.73987
-0.910967
-0.388939
0.334664
1.39137
0.187883
1.66585
-0.139617
4.5127
-0.0774363
-2.05332
11.5765
0.979646
0.682881
1.00878
-0.891474
-0.215285
1.67519
-0.137794
0.0752093
2.02763
-5.97808
-1.05814
0.498952
-0.166815
0.414907
2.80511
-5.35467
-0.318549
7.01039
0.7082
11.0189
-0.85053
-3.77627
0.314955
-0.064692
-0.5621
2.70193
0.865316
-12.471
1.86971
-4.19363
-1.44699
0.16667
0.337857
-2.22279
-1.77204
-0.215447
-1.51118
0.385708
2.21576
1.02636
-0.231071
-1.96183
2.19223
-3.51536
2.22765
0.6206
-0.454076
-22.7558
2.22439
0.0214553
-64.8888
-1.8506
-0.00730755
1.74268
408.669
0.672082
44.5132
0.0754531
-0.333557
2.09802
0.227021
-0.812908
-0.1947
-0.629371
-1.415
-5.29345
0.540698
-0.443492
-12.1847
0.271183
0.758739
0.871209
-0.037171
0.641944
-3.41742
0.256753
0.0613228
8.77741
-1.17727
0.0852412
-0.382376
-0.333019
0.66597
-4.39007
0.846798
-0.35968
-0.50899
-0.980351
0.994203
1.449
1.53319
-49.0278
-0.895
-2.22165
57.4783
0.764017
-0.775386
1.60526
-1.1283
-42.0669
0.316259
-0.575811
-6.54204
-0.0928134
-1.43266
-0.372735
0.953676
0.0663824
0.500662
5.12333
-0.47438
0.0365298
-0.399845
24.7681
7.09143
0.491056
-0.0691789
0.685845
1.37741
-0.243812
-1.05907
-4.60111
-1.07061
1.02073
1.07505
1.26642
-2.50604
0.0864872
0.0430195
-0.582379
0.202957
0.722453
-1.59778
0.168403
-1.04137
0.199006
7.0639
-1.05071
-2.00405
1.38771
0.275318
1.66574
1.58359
-6.65743
1.44816
-0.753531
0.791205
0.743948
1.25826
-1.63693
-1.44564
2.68747
34.7343
0.0556212
1.57215
8.23454
-9.54385
0.713735
0.321637
-2.8637
0.0783961
0.54036
-0.0172476
-2.08648
-0.180225
0.194928
-0.0562588
2.27361
2.54595
-0.67294
0.139164
2.73377
-1.37933
0.726486
0.382995
-0.746984
2.46885
-1.32681
-1.16613
-0.0984471
-0.517504
-0.127696
0.439051
-1.23187
-0.0353477
-1.74822
5.96895
-2.3928
0.43865
-6.64176
-7.99049
0.856161
-0.250623
-1.72822
5.05793
-0.500434
0.757041
-3.83653
-3.07084
0.156567
0.498568
-0.973315
-0.142046
17.2189
0.982227
-0.36394
-1.37044
-266.962
-2.31656
56.9462
0.518181
-0.691766
-1.40783
-2.11822
-1.42253
-1.83383
-0.186068
-89.0156
-59.6101
3.82211
0.00753774
-2.50276
1.07284
-1.04097
0.972754
1.22655
15.3268
0.689212
-1.4726
-0.339803
-8.72145
-2.84753
-1.37721
29.6836
-1.31335
-0.669094
1.08785
0.567107
-1.95541
3.43068
1.9383
0.314158
1.1727
-21.301
1.6383
0.400608
1.24798
1.0543
0.531109
-0.380461
-9.19402
1.95404
-0.24116
1.11216
0.303358
-3.27916
1.49617
-2.10048
0.737396
-0.790213
-1.78925
0.103665
-0.290563
0.503682
-3.40741
-1.43807
-1.5048
-1.92056
3.80017
-0.192427
0.521092
0.608525
6.04665
0.777162
-0.084548
1.18023
1.06235
0.822147
-1.00626
-0.59165
-1.37473
5.4079
-0.686986
-0.789868
-0.0373355
-1.98705
-0.864526
2.2952
-3.55045
-0.233749
2.28797
9.36108
0.916922
-2.94937
-0.783708
-0.245672
0.172275
0.178327
1.20012
2.36132
-1.04237
-6.3562
1.15577
-0.190356
-0.419502
-1.90702
0.0205219
1.35205
0.46086
-0.898603
1.19705
-5.31615
-0.848234
0.74904
-0.0435468
0.248084
3.05903
-0.831337
-6.15926
3.25847
2.23674
-0.719252
-125.089
-0.305449
-0.581737
-0.0884981
0.927162
8.68889
0.0561455
0.254436
0.82352
6.9568
0.700324
0.270767
1.02246
1.22476
-2.58336
1.22993
1.09422
1.66756
1.77575
-1.65917
0.410633
-4.06866
0.0861672
0.618502
0.274935
-0.283652
-0.401416
1.56312
-0.277892
0.187845
-0.675315
-1.74033
-0.121244
4.20454
-13.1962
0.2975
-0.619987
0.788636
19.0171
-15.9765
1.03964
1.09622
1004.42
-6.31198
-99.5303
-3.29529
1.71915
-1.25835
-0.513112
1.12615
1.41928
-1.55697
-0.676987
0.235235
-0.144066
0.829002
1.04752
-2.37306
0.388292
-0.423041
-0.254474
-1.03324
-0.183904
-1.13923
0.270052
-0.492453
0.988204
29.3829
-1.69164
-10.6671
-0.344118
308.578
4.7833
-0.275998
-0.56938
-1.23236
2.2874
-2.69995
-0.955465
0.51884
11.5603
0.596318
3.07725
2.90244
-0.570196
-0.176911
-0.123673
0.834824
2.75931
-0.448322
-1.24234
2.06388
-1.90638
-3.01136
0.264502
-0.890951
0.0204358
2.39214
-0.0223212
-9.47046
3.23496
-0.833473
1.45825
0.957279
0.227853
-0.862747
-0.564777
1.02952
1.11912
-0.158173
1.12583
1.04765
0.227581
0.330235
-11.4943
-0.984056
0.362601
-0.825506
0.0189886
0.975584
-1.01917
2.45292
1.28531
2.20373
0.784865
1.18593
6.81831
-3.04718
1.89495
1.52707
4.52756
-12.1485
-2.87641
-1.83432
2.25915
-0.447729
-0.086832
-0.184364
-1.90491
1.0039
-0.312566
-0.93395
-1.13329
-0.7726
-0.0676344
0.651181
0.138581
32.4194
0.233249
4.87613
-2.49252
4.70286
-3.94548
-0.488812
0.126345
-0.362125
-1.82671
-9.15583
-8.72312
-1.08701
-0.45293
-1.10677
-0.595644
1.59603
0.333765
7.81711
0.35295
-17.018
-0.728868
0.192487
2.23801
1.70487
-24.7649
0.608912
-1.44476
2.33076
-2.52836
0.256474
0.378365
-29.4681
-3.04699
-0.336174
0.114927
5.32482
0.26685
-0.00030579
3.7092
-1.29675
-3.20051
-3.95485
0.567284
-0.158429
0.341054
0.967971
-2.83925
-0.553948
-0.422702
-1.00896
2.82103
-4.22904
9.94762
1.85583
2.04026
-1.2175
-0.0654019
-0.316375
0.92041
1.22033
0.054102
-0.362223
-1.21856
-0.689268
-0.632532
-0.729426
-0.835313
1.37746
-1.30534
-6.54639
0.212217
-0.0232069
0.301097
-0.300752
-1.3491
-0.982285
2.91287
0.532385
321.384
-1.06866
0.0596564
1.43735
0.52694
-13.5068
-0.823846
-1.17187
5.55598
-1.49041
0.616165
0.661725
-7.29525
2.56717
-0.27519
-0.565748
0.489311
-0.296301
0.634093
0.88787
0.0438442
2.17915
-0.354939
0.961989
-0.360561
-1.22112
-2.80065
-0.715644
1.25682
0.480508
-2.36231
-1.37818
-0.963046
1.68116
1.11837
-0.70153
2.60389
5.04855
-0.0162221
-4.46809
-2.09605
-0.870824
6.12585
-0.506193
-0.969241
-1.71036
-0.154979
-0.116274
0.36273
-3.32518
0.962339
-0.431497
1.52297
0.44444
4.65242
-1.46569
1.68372
-0.550072
-2.70797
0.0704945
-0.6688
-1.13213
1.16244
-1.885
-3.92058
-0.120575
-0.353905
-3.3554
-1.14851
0.502448
0.829705
-0.538861
-2.32451
1.06141
-0.959048
-2.21769
0.280149
1.36339
-0.366937
4.82223
0.199469
-1.20248
-1.83076
16.5526
1.07025
-0.199967
0.107872
0.356516
-1.57609
-0.673616
2.7769
6.38483
-91.1708
3.91985
-1.146
-0.430512
-1.40262
5.46968
1.01921
-0.730782
-0.215863
0.338904
-1.05442
0.940451
0.815816
2.31309
-0.838258
0.199455
-2.80538
-0.766538
1.26088
-2.13163
-2.78919
3.5361
1.65162
-1.34719
-0.472935
5.91582
4.19595
0.632295
-0.458368
0.181498
-0.353719
-1.86023
-0.700555
1.44199
-25.8601
-0.265721
0.646095
25.352
2.21577
-130.64
1.32921
-0.837078
0.914883
0.118949
-1.46527
-0.477116
-3.29249
-0.24317
-0.342677
1.21968
-3.16658
0.132597
-0.953666
-0.194353
0.510912
-0.186197
-12.526
1.46006
2.94189
-1.89931
-0.187544
-15.211
5.00947
3.90867
1.33166
-0.197971
1.90756
1.19888
-1.56933
1.45139
1.72913
0.768199
0.174708
0.23465
-2.6087
-9.53323
0.860323
1.18446
-2.27455
0.762339
0.514478
-2.65904
-4.44321
-1.07362
-0.865071
0.891036
-0.919351
-2.03754
-0.116027
-2.66595
-8.24447
2.24676
0.597236
0.380879
0.28788
-0.034786
-0.18993
-0.218145
-1.42337
16.9362
12.5135
-0.468282
-2.72303
-0.417153
-0.0361515
0.17181
-9.70656
2.43528
2.18931
0.535277
0.632825
0.420514
0.676268
-0.159172
1.53679
-0.849738
-0.493944
0.563246
0.689348
0.533819
1.02554
5.4731
0.343247
-0.0128789
-21.2154
-1.39797
2.02036
0.326498
-33.6204
-4.01202
0.397143
0.0680489
-0.866961
-0.702546
1.37619
-15.4278
-1.58991
0.568346
1.43282
-0.154113
1.03067
-0.214745
-1.66338
3.38755
1.5975
0.432218
-0.549604
0.877999
1.22774
-0.727209
0.758294
-7.02639
-0.461186
-0.216895
0.789515
0.454899
-11.4578
-0.418095
-3.07073
-5.87337
-0.771736
-0.390798
-0.205932
0.119603
-2.772
-0.45983
-0.0654717
0.317726
0.0498621
0.445038
-6.68196
-0.293459
0.722824
-1.01035
0.928975
-1.88793
0.110305
0.194141
37.4093
12.4281
2.32251
0.663076
2.30621
3.02287
-0.508909
-3.62113
14.0818
-1.68813
-0.836096
0.178119
0.793001
0.911751
1.05126
0.768198
2.89574
0.440311
-0.0462379
-1.55778
0.547065
-0.900869
-0.308588
-0.698073
-3.28063
-0.717653
-0.246543
-1.38893
-3.18159
0.37638
12.6889
77.2302
-5.01096
0.238621
-0.109778
0.136794
1.69578
0.304513
2.34312
-6.00232
-0.28163
-2.98832
-0.264936
-0.730132
1.77861
-1.2805
-0.295978
-0.373246
1.63198
2.16902
1.44706
-1.01803
-33.5248
-3.06384
0.0813172
-1.58454
-8.00836
-0.127886
-0.676825
1.25302
0.0206394
-223.991
5.05923
0.0177323
1.045
0.548845
2.79219
0.0148961
1.37775
0.107101
-0.82127
-5.11047
-0.19322
0.74998
-0.809554
0.289744
9.50698
3.39575
-3.36698
0.579697
-0.87143
0.0151302
-1.00369
-0.30137
-1.77408
-0.642335
-1.55989
-0.434174
-1.95939
-0.771019
-1.5035
-23.1421
1.9212
0.166628
-0.236088
-0.354853
0.419591
-0.613341
-0.12451
-32.7449
-1.21697
4.46093
1.53529
1.60622
2.35636
0.317378
-0.182438
0.901536
-34.1637
0.655348
-0.852326
-1.58034
2.65547
-5.63728
9.11458
-3.43983
5.12778
-15.8034
0.532426
-0.463346
-4.05896
-0.0395206
2.7007
-3.50091
1.2009
-0.465656
-3.76785
0.573942
5.1806
-4.20149
-1.16014
4.10123
0.680171
0.0354517
2.02743
-3.84401
-0.783828
-5.33618
-0.105851
-1.29836
0.586161
-1.60256
0.0822346
12.1106
0.345527
-0.111383
0.0717598
0.0477935
-1.94327
0.374645
3.88721
-0.645641
0.486384
0.929878
0.812284
0.107076
-1.92333
62.5089
-8.8384
5.66283
0.79659
2.2652
-1.4728
1.60946
0.701344
2.19095
0.0344385
-1.10711
0.189826
-0.127453
1.45988
1.1367
0.950182
4.92696
12.2215
-0.271452
20.8361
0.138443
0.943953
1.15359
6.56541
0.434633
-0.9626
11.8829
6.68731
-2.32399
-0.53783
0.478125
1.10542
0.496793
-1.4323
0.447845
-0.108706
-3.2908
-0.281799
19.2682
0.0101157
-4.10165
-0.134017
0.212481
1.26788
-1.55712
3.43476
-2.34141
-0.449673
-1.03289
-0.0259043
0.967153
0.168031
-0.865813
8.27467
-1.33549
2.20412
-1.14796
4.51125
-0.213022
-0.379024
-1.32874
1.24095
-0.561585
1.54956
0.696748
-0.408785
-2.73836
-2.16928
-0.370692
-1.60099
1.10554
0.663325
-0.897636
1.42679
2.73999
-1.81123
-0.611677
-0.307063
0.116595
-5.4381
-4.09389
-0.114114
-2.65503
-0.982025
1.5583
-4.89695
-2.03524
0.416939
-0.430696
-0.12522
-1.67961
-0.206899
0.426328
0.325076
-6.09884
0.774002
4.68492
0.0549354
-0.0175596
-9.88896
4.83551
-0.163647
6.7336
-0.632173
0.611959
1.62263
-0.93423
-3.57575
-0.045221
-1.73388
-0.0621998
16.0936
9.05281
-2.34985
6.02872
0.958579
-0.00274997
0.0180582
-0.342917
-0.275162
2.69462
-0.0840901
-0.227119
6.53522
6.13444
0.820078
-5.30445
8.75178
-0.911117
2.96956
-0.687279
1.02371
51.8165
-2.62041
1.47945
0.183294
0.98479
2.02033
0.144627
-3.01366
-0.703401
14.5567
-8.06985
-0.139724
-12.3107
-1.56439
0.699798
8.84959
-4.36734
0.375044
1.15105
-0.486167
-0.780935
0.3871
0.0702814
-0.428414
39.1572
0.479899
-1.54218
-5.20818
-1.69731
-3.11987
-0.884569
-13.097
-5.44619
4.34055
-0.0442682
0.478301
-2.29466
1.97984
-0.494256
-0.422324
-2.01014
-0.730567
-0.0594015
-1.46976
-0.387476
2.41692
-30.1478
0.739184
-2.83703
-1.3132
-0.333944
-1.28352
0.562633
1.2066
-0.507976
0.85645
0.473144
-28.3154
0.516099
-0.488035
1.82978
3.01207
2.2251
-0.968151
-0.316559
0.812665
-1.01044
-56.6327
2.27746
-10.7455
0.0959127
6.9539
0.985147
-1.75308
0.64386
-0.492494
0.577153
6.2051
2.62765
-0.905451
0.151922
-0.720352
-63.0719
1.58742
2.74378
1.51112
-0.736866
0.928596
-0.616997
0.656019
-7.32448
0.314684
-1.81582
123.33
3.4706
-0.00431728
0.250162
-0.218896
1.67698
-2.55278
0.0803708
-5.97084
11.5525
-1.33052
-0.35187
0.569995
1.24208
-1.09511
1.45861
1.89448
-1.58191
-4.59516
-2.50357
1.20769
0.720504
0.463863
-1.35777
-0.916066
-1.80319
-0.449982
-0.091418
-9.58039
-0.397151
0.11594
-0.38061
-0.685623
0.227745
-0.342464
1.77275
-1.29005
0.16266
-2.02821
-0.829675
-0.214792
-2.08222
1.763
-1.73351
-0.244967
6.19068
0.0602874
0.0454036
2.18345
0.662674
1.54315
2.33444
-0.845203
-0.137188
-1.14235
0.838988
0.00670879
-0.801081
-3.61193
0.26984
4.73004
0.155991
-0.161518
0.861253
2.16444
-1.22872
-1.06831
-1.00231
0.00893361
-5.23174
0.494551
0.210302
-0.642935
5.20518
-838.151
0.416806
-0.407974
0.390499
-0.0334551
1.90491
-1.41469
1.78627
-4.6023
-1.08577
1.79639
1.51699
0.689604
-3.83962
-1.09607
0.0407919
-1.00959
4.1166
0.730212
2.51339
2.39478
10.9647
1.67274
-3.3687
-0.161991
2.00179
0.921043
-0.903461
0.794722
-63.8342
-0.431791
-0.159708
1.9699
0.495962
-4.85265
0.316778
-1.90251
-0.159861
80.7839
4.10033
-0.122044
-0.346969
-0.786847
0.969029
-0.655581
0.205801
1.37634
-72.6173
-0.995592
-1.11667
0.351131
0.758519
1.18444
-0.50484
2.12167
-2.46002
0.518605
-2.55609
-1.32573
0.0519265
-0.466992
-2.75087
0.399927
3.03672
0.315
-3.7687
1.27527
2.56783
-0.215825
-2.34539
-0.407084
-0.399713
6.21176
-0.515662
-0.747858
-0.902418
-0.380216
-0.0552743
-1.08446
29.5904
-0.481983
-0.0333678
-0.200135
-2.32098
1.43882
-1.75129
-1.73224
0.835065
-0.22956
-17.1695
0.661546
0.710857
-11.4218
-2.91227
-0.778491
11.5655
3.89193
-0.745984
-2.29157
0.164109
3.42023
-0.786001
0.277334
2.68327
-0.410562
206.469
0.272698
1.92444
1.92819
-3.70878
-1.46124
-0.0790707
3.90701
0.78175
-0.247454
2.43407
1.40517
-0.164672
0.258064
0.341645
0.100676
1.75493
0.436428
0.00322528
0.698692
-0.340782
2.14748
-0.127249
1.44608
8.3008
-1.4331
-1.69033
0.0969554
0.131481
0.381734
-3.33656
3.16874
-3.99997
-7.13104
-0.0835183
0.437083
0.372388
2.16927
-0.654825
1.0034
0.0787755
0.106953
-0.0889683
1.57006
0.0184603
-0.924797
-9.55866
-3.34894
0.078111
1.31732
0.519597
-1.07774
-15.1319
2.60468
0.554473
2.03412
-3.06477
-0.387735
-4.3654
-1.31695
-2.51516
-1.76001
0.492124
-0.821836
1.61001
-6.03692
1.75292
0.605638
1.35538
0.528497
-1.10983
0.175439
-0.229549
82.1123
-1.32297
-5.65524
1.17307
-0.703782
-0.40381
-9.59713
0.499754
-0.554963
-4.91929
-1.0068
1.05284
5.36576
1.32667
0.382116
-10.6411
3.31975
58.1266
4.36907
0.310438
-3.79168
-1.71771
1.23583
-0.540803
2.87953
1.43712
-1.01147
-112.005
-0.443046
3.5731
0.302167
-0.28276
7.86214
1.31147
0.392312
0.927371
-0.905147
3.64774
0.364466
-8.28365
-8.1154
1.70939
-1.05476
-0.377625
-0.188789
-9.36274
0.349542
-15.7592
-2.35574
-1.15176
1.24
1.75261
0.913858
0.109844
-0.135562
0.840582
2.3579
0.182362
-0.0773627
1.4502
-819.08
0.884181
-0.311358
-1.27779
-3.07562
-0.670671
-1.59959
-0.834497
-0.286943
-4.91078
-1.77597
-2.10475
-32.0571
-0.246076
7.86845
1.22349
2.57099
-0.566515
4.36214
-0.226864
0.0896888
0.589839
1.06736
0.0387291
-1.65606
-1.65355
-1.69804
3.28528
0.813225
0.14628
0.350441
37.7967
1.43793
2.56517
-0.0685678
-0.385016
0.381611
-2.14445
0.543074
-2.39456
-0.194541
-10.914
-0.759964
0.0803838
1.0895
0.405069
-0.440244
6.29608
3.44599
1.12595
93.3976
3.68964
0.556979
-0.1756
-7.55086
2.70484
0.870699
3.3633
1.03639
-1.49104
1.72264
0.507793
-4.72087
-6.34399
-0.191343
0.186662
0.501962
1.61608
0.762469
1.52738
-0.205206
-0.491136
-4.86179
-0.8174
1.32618
-0.701806
0.700019
1.41152
3.23295
-0.957229
0.692093
-1.03298
6.68015
-0.736154
2.13137
2.15917
-39.1066
-0.156817
0.696992
1.582
-6.49749
2.59312
1.55728
-2.3869
-1.36352
6.08141
0.223715
-0.0782544
-5.40396
44.35
-3.3321
0.719532
0.147463
1.13042
-0.874156
-1.56713
-0.274382
0.217147
0.847504
0.649582
0.332626
-37.1344
-6.57852
6.70534
0.55405
-3.57746
-0.463545
0.859464
1.52493
-1.26396
1.28414
-2.96898
-0.296445
1.604
-1.52696
-0.367369
-0.269794
0.036826
0.279083
0.0304813
-12.4878
-2.36371
1.16103
-1.41642
-3.36304
-0.384211
-3.23919
1.28873
-8.86818
-1.01336
1.71735
-2.71772
-0.217695
-0.648834
-1.85322
-10.3481
-0.477368
0.0228217
-0.609089
-0.823209
-1.5419
-0.441105
0.737937
-0.834921
-0.805685
0.962558
-0.577987
3.42373
0.803363
0.286079
0.218245
1.27296
0.67052
16.7782
-47.894
-0.0453175
-0.0964438
0.468349
-5.36609
-1.0718
-0.643353
26.5321
35.1774
2.22641
-3.77428
1.53036
-0.214844
-0.360079
-0.0878837
0.305912
0.358681
-0.347339
-0.402497
3.99686
1.46627
-0.686486
-0.220814
-1.78717
7.9712
-1.6853
-0.233351
0.554872
-0.371
-0.131006
-2.64792
-1.28095
-0.588464
4.803
0.220793
-0.0747205
2.35491
0.685507
-2.47956
-0.261821
-0.364403
-0.0379122
1.06462
-0.492133
-0.195615
-1.21229
0.45938
0.732019
3.06649
-5.52809
1.52938
1.02968
-2.55974
-0.968288
-0.56903
0.0828718
-0.530492
-0.0332495
3.1113
-1.86681
0.151559
-9.72995
-0.104876
-1.15108
-2.13676
0.267463
41.5014
6.67177
-9.3995
-0.533363
-1.267
1.0949
0.165042
-0.691708
-9.20507
-0.782054
-17.3357
1.44666
0.474107
0.723852
-0.339106
0.751498
7.57803
-0.0421031
-15.5995
1.50724
0.672531
-0.856939
-0.880793
8.5197
0.287714
-7.31269
-0.271936
0.53173
6.06568
-2.80458
0.173213
1.01703
11.5114
0.969488
-12.2715
-0.322278
0.0324373
-0.789961
-0.217096
-0.140151
0.588164
0.0639694
2.06747
14.1257
-1.05106
1.08254
-0.92115
-0.338467
0.115816
0.535402
0.918721
-1.12317
-4.56429
0.0293378
-1.48459
-27.9882
3.38549
-4.99082
4.48134
0.35215
1.14589
12.2782
0.129507
0.342907
-2.5464
-1.49332
0.298934
0.991921
-3.35716
-0.549905
0.985147
-0.451199
-10.1197
-0.302173
0.454703
0.358186
-0.450023
20.102
-0.655008
-50.5954
0.521706
-0.155698
1.59545
0.809174
-0.217861
0.229405
0.137706
0.711692
0.131603
-2.56748
-1.84113
0.0600042
0.13965
-0.954408
0.25258
3.87612
-0.279389
1.6785
-0.820958
3.1445
-1.33974
-0.430749
-0.120257
-1.27527
-0.104513
0.142911
-0.719901
0.10307
-0.244862
-0.259092
-0.909659
-1.26408
1.13282
33.5024
0.0521165
1.78532
-0.0249269
1.51815
3.20135
2.15512
-0.721193
-0.817418
0.325272
1.96061
-7.51095
-0.759155
-0.134525
-5.9936
3.02971
-2.4612
4.09887
-0.0411606
21.0206
0.228638
-1.38527
-1.71249
-0.96293
-1.15018
1.68732
0.671558
-3.62761
0.0692096
-1.70508
-14.7626
9.18115
4.00862
-0.384407
0.163072
-5.53866
1.25635
-7.91907
-4.20235
1.63275
-2.32342
0.113309
-81.7999
-0.309544
3.61198
0.399107
-2.3639
0.308076
-0.129443
6767.27
-1.1045
4.34538
0.680325
-0.415479
-0.459876
1.16697
-0.968011
-3.75819
-0.377846
0.569087
-0.56621
0.334422
-9.36088
-0.529264
0.326186
0.27176
0.0318225
0.155469
-0.517495
-0.303086
6.14037
-0.463766
-11.6516
0.736887
-0.414549
-0.562656
-0.460167
-0.14751
-1.31605
-0.852742
0.547709
-5.59111
-0.220913
-0.348712
5.23753
-1.07357
-49.3046
0.388052
-0.87922
-23.0987
0.449821
-2.50794
1.95486
-1.58214
-1.31709
-3.02107
-2.15291
0.190824
1.72957
2.99725
0.714584
0.236333
-26.1375
-1.56068
-2.22841
1.76023
0.0591125
-0.592704
126.722
0.26465
-0.63066
1.4408
2.35673
1.51587
-1.06314
0.936756
0.205853
-4.3918
1.81861
1.09628
-2.51737
-1.09295
-0.0172368
-3.16825
-0.0847336
2.33936
0.238873
-0.0398702
0.823824
0.0983157
0.834902
-0.232345
-0.604336
0.23205
-0.0977379
0.317976
0.809551
-8.7716
-1.14482
0.54235
0.762515
0.345998
1.31635
0.0757192
0.213482
-0.0201448
0.187999
0.603575
0.296252
11.2215
2.04126
-8.46673
1.16377
-0.920879
-1.05699
-0.207197
-0.848797
0.931538
2.75934
-1.10708
4.81737
-0.169065
1.51925
5.0175
0.867629
-0.531713
3.41316
-5.52978
17.5352
-1.82192
-0.037896
0.162764
-0.38378
-0.176994
-1.68896
-0.365754
0.856027
-12.1399
-1.5236
3.41362
0.759695
5.09158
0.0441915
1.72178
-1.60189
4.05081
-0.476593
-15.5051
-0.828913
3.47081
-0.848055
-1.05834
1.54317
0.218703
-3.0568
1.06644
1.03851
-0.387686
2.73985
1.67136
-0.507253
0.076456
-1.09966
0.762828
-0.737909
0.722443
5.69591
1.4081
-0.57293
-1.56034
0.960501
10.5729
-2.06493
-0.844686
3.311
6.83262
1.7053
-0.364932
-0.762613
0.442158
0.132027
2.87737
-5.67202
19.5771
0.0836815
-1.80524
0.0644355
3.18379
0.213177
1.94287
-0.857916
-1.0574
-0.0699752
0.10399
-10.306
-3.77581
4.12493
-5.14067
-0.780236
-3.31059
3.60315
-11.7234
-3.42485
-0.128083
-0.750266
1.68078
-10.4596
0.839957
-33.9682
24.3853
-1.54178
-0.315731
-0.598738
-2.64888
0.859059
1.98633
-0.859208
-1.11412
1.29809
-6.23702
-0.0347289
-3.24742
-3.74085
-7.81297
-0.705271
-257.972
1.55687
-7.99792
6.14955
-0.285273
-0.319433
0.0721356
1.4041
-2.0924
-4.02544
1.67324
0.0874546
-0.152227
-0.564169
0.728446
0.909854
-0.573207
-0.442173
-1.15458
1.35253
-0.962811
-1.06529
0.613251
-24.296
-1.98617
0.251589
1.42246
7.12106
-1.78362
-0.260617
0.474741
-0.646637
0.613138
-1.57771
-1.06013
-0.375113
-0.352931
0.398395
-4.11405
-2.18652
-0.721737
-0.601073
6.29511
-0.837869
-13.3981
-1.31343
-0.137032
3.68269
0.0201667
-0.652728
15.1503
-0.367895
0.356216
-0.104125
0.432414
-0.142775
4.6075
-2.00153
-7.44575
0.071526
-0.0327011
-1.86255
1.62679
-0.0812317
0.39579
0.198447
-0.785996
-0.151121
-3.64205
1.32825
0.249108
1.96258
1.39409
-1.25047
-0.750098
-0.124538
0.608793
6.87416
-0.136938
1.58333
0.121989
0.740202
0.578022
-2.63707
0.0104376
-0.668551
-0.0870823
-1.11492
-1.66275
-2.77339
-0.100203
-1.26859
0.642201
-2.29551
0.164889
0.279722
-0.763651
-0.51804
-8.43111
1.53409
0.554826
-0.188024
1.20067
-1.11533
-64.4802
-0.345038
-1.50271
1.17478
1.24514
-2.36338
0.389133
-0.0817753
2.07214
-0.793372
1.45937
-0.758799
1.08033
-0.245134
-2.02965
-0.996359
-1.19957
-0.325867
-2.26752
-0.405956
-4.12965
0.340317
-0.990807
-0.361908
-0.292608
-1.15381
-0.647359
1.99745
-5.07142
0.530701
1.00935
1.68006
-0.126027
0.164332
-0.518064
-1.50978
0.0275696
-30.3283
1.36058
-1.09826
-2.70614
0.107265
-113.972
1.09167
-3.24021
0.438314
1.8454
9.85283
-1.5019
-0.502766
-0.170627
0.104993
-7.96436
1.18708
0.625587
-2.64873
-0.202331
-1.71603
-2.31599
0.476839
-3.57727
-2.55406
-1.00275
-0.172234
0.0845252
-0.132327
0.386961
2.2534
3.36907
9.253
-0.511678
2.27138
6.43803
1.00397
0.801063
-41.6261
0.256823
-2.1691
-1.38991
1.08548
0.128612
30.9824
-1.10101
0.901691
-3.75872
0.436116
-0.14121
0.0656415
-3.09433
0.112068
0.157707
0.482091
2.21239
-7.29939
-0.58029
-1.34337
-19.7917
0.00986262
-1.18826
-0.35828
0.576354
1.89045
-2.93202
1.96563
-0.536579
157.948
0.143627
-0.459514
-0.932226
3.38739
9.6733
0.320986
0.407356
-1.12425
0.0231029
0.865037
1.37184
-3.03226
0.147806
0.401332
-2.39072
0.114081
-0.591622
-4.12678
-5.4156
-0.730942
-0.761353
2.41929
11.1175
0.824713
0.169804
0.317649
-1.04706
-24.1179
2.07271
-1.52315
-0.992802
-1.98388
1.47456
0.406958
9.37908
-5.93442
-11.5825
-0.132762
-16.2755
-0.734803
0.571959
-0.8888
1.86051
-0.760984
-0.399179
-1.20092
-0.197632
1007.66
1.42121
0.176629
-5.91589
-0.313426
0.727495
0.924207
-17.9944
1.55054
0.50456
-1.6058
0.740917
-0.359163
0.2978
-0.192192
-12.5935
0.0852979
-2.04782
-3.94702
-297.229
1.93741
-3.5964
-3.04951
-17.1749
-0.564155
1.04072
-1.26527
-0.0705882
0.978757
-1.84404
37.7341
11.1425
-0.080112
-0.913322
2.25466
0.170756
-0.245963
-1.70167
0.591293
-2.61533
41.512
-0.916203
0.984051
-0.877715
0.333603
-0.0608632
-0.453879
-1.61023
-1.28061
2.52812
0.689571
1.57045
0.67185
0.539154
-0.220094
0.146689
-3.4014
1.88675
2.03884
-0.644846
5.25219
0.0626481
0.390547
-36.1531
-0.189122
-6.46455
-0.495077
-3.52408
-2.43483
-0.55191
-0.293377
-0.759454
0.0178415
1.30823
-3.15698
-0.957541
-4.15764
-0.678256
-0.620904
1.02352
0.970885
5.95413
-22.2391
0.117094
1.05101
1.44178
-0.0939655
0.292377
2.0232
-16.5534
-1.94414
0.191024
0.997891
-2.78455
1.23536
-5.39544
-1.21523
0.328536
0.173248
-0.345066
-1.15565
-0.83866
5.02986
0.331452
-1.54592
-2.27718
-9.13794
0.144537
0.853667
-0.00917722
-18.0659
0.864372
17.078
4.8241
-1.07959
-5.17729
0.99835
7.22028
-1.16756
-2.20865
-1.39498
-1.4017
-0.49884
-0.78861
-1.83625
-0.38795
-0.724189
2.27944
3.7549
-0.175473
-2.18231
-0.394647
-0.573378
1.36857
-2.72872
-0.0074382
0.399711
-0.567655
-0.0525282
-4.134
-1.84155
104.965
-0.237946
-4.67777
-1.10198
3.72981
0.980692
-6.99623
6.57487
7.66244
9.78819
0.00697549
0.502136
0.767517
0.955766
1.00174
0.363389
0.00614231
0.974398
-1.31505
-3.38557
-2.9108
-1.89764
0.448196
-0.446957
-0.827203
-2.18461
-0.999358
-3.96767
-0.32805
1.56356
12.3917
0.666954
13.3865
-5.40663
-2.10168
0.230017
-0.00673719
1.32141
-3.45477
0.318498
0.193215
-35.7734
-1.4363
0.84218
-2.80883
0.0359937
0.672747
-44.1264
6.68396
-1.59033
-1.50318
-1.04768
0.353892
1.62145
1.51206
1.99705
-282.539
0.157666
1.01097
-0.298168
4.7127
-0.0321474
-0.710963
9.25942
0.989139
1.91423
1.14762
0.881777
-0.204786
0.220696
0.344739
-0.213372
-0.213628
-1.65697
-1.04715
0.224928
-0.108277
0.851443
-0.376451
0.0266884
-0.227839
1.07798
1.30659
0.298724
0.757359
9.10722
2.4686
-0.67997
-1.35747
-0.231312
-0.550305
0.402326
-2.66577
0.527149
4.98817
0.230404
2.74018
-0.137214
1.03173
0.753039
-1.14923
0.343241
-0.200893
-1.59191
-0.741919
0.59934
-1.39875
-346.868
-1.27191
0.836782
-0.0633699
0.401009
-0.603809
-0.0419691
-0.679789
-2.31241
2.01966
-267.311
1.5014
-0.527458
0.858153
1.49657
6.10299
1.1576
-0.387461
0.148944
1.53289
-0.235092
0.601805
-0.832834
0.415091
-3.11389
-1.29577
-8.60575
-0.470314
-0.922481
-2.75083
-1.30957
-0.349269
-3.65016
2.4454
-0.394156
-0.646069
-7.10639
-13.1182
-0.582926
-1.43739
-1.42563
0.0805121
-3.51783
-1.35622
1.0539
0.167316
-1.77517
1.00571
-0.834334
0.23071
0.0752969
-0.885627
-0.726975
0.843395
-1.37627
-0.519932
1.85748
-1.58878
-1.94825
0.0282137
-1.52948
0.604565
1.27198
-0.786591
-0.363413
0.731099
-0.133624
3.94053
0.0909981
-0.133308
-0.0951516
0.150068
-1.04104
0.172594
-1.04525
-0.326339
-0.555194
0.0842937
-2.65595
0.405132
-0.0365446
-0.475082
-0.670559
-0.272487
3.40336
0.892113
0.229149
2.45118
0.216051
-84.303
-1.17012
-1.11928
9.52278
3.97657
-0.428699
0.576474
0.867323
-0.70221
0.204215
-5.94815
1.28888
-0.671144
3.88116
-1.07784
-0.0455187
0.0514401
1.57143
-13.8451
0.754821
-6.80852
1.49899
-0.392035
-0.107
1.94853
1.48099
0.259851
-0.116874
2.14505
0.328318
1.15796
-22.1554
97.3585
1.60023
1.02842
0.759946
6.0233
0.429937
6.4171
-4.24702
0.977433
0.211713
1846.19
-2.94336
1.06728
1.52423
-3.1446
0.822876
-2.28996
0.239912
-1.84942
-0.327424
1.62383
0.593918
0.553563
-2.90222
1.53329
-0.756115
-0.256666
0.020424
-0.361933
-1.02435
0.91615
1.11311
0.243586
13.0312
0.250192
-4.009
-0.69769
2.29903
7.2151
-1.02683
-0.729323
-0.964716
0.264147
0.473772
-0.052786
-1.38373
0.60101
0.252515
-2.0583
0.45045
-0.321404
-2.4237
-10.4612
-0.285631
0.186463
-7.62202
0.923844
0.378685
0.423873
3.27439
0.133931
-3.82599
0.269265
-0.774134
3.28566
-0.256108
-4.94649
0.161208
0.966878
0.386504
0.921315
-0.0421715
-4.01319
-0.601436
0.2697
-10.9437
-0.028304
0.923521
-2.83511
0.197606
-0.256433
0.515679
-3.29994
-208.408
0.0197456
-0.515137
-5.02697
-3.23738
-0.495264
0.715109
1.36473
16.4718
-2.93259
-24.3376
0.293113
-0.772093
3.27974
-0.874133
4.53822
-15.0872
-4.17074
-2.11427
-3.58908
-0.0109605
-0.824026
-0.114799
1.2508
-0.1796
11.0759
0.663347
-1.75864
0.212996
6.30767
-1.21336
-0.998511
-2.27549
-0.601996
-0.965468
0.561272
-1.36575
13.3695
0.174671
0.984704
-0.408885
-0.945545
0.122713
-0.171283
1.60619
0.930332
-2.33727
7.66964
-1.20582
0.963706
-3.55884
-2.77337
1.17008
-1.03609
-0.119201
0.383743
-1.44583
-3.75171
9.0818
0.358126
3.51821
-0.295804
0.062296
2.11405
-4.10797
26.7444
0.161677
2.77317
1.4135
-7.06095
0.609363
-2.85311
0.027829
-1.31012
-0.607143
1.19506
-1.77677
-1.75724
-0.602563
-0.552367
-1.28674
2.58488
3.49118
0.733166
-1.03074
1.44876
0.244775
1.41335
-0.342963
-19.1685
0.273906
0.439352
0.954805
0.636333
16.6756
2.27779
-0.384151
-0.694652
0.0479755
-6.10637
-1.01333
-1.7512
0.62558
0.639286
0.627545
-0.186587
0.141817
0.000665751
14.5106
-2.15568
138.247
-8.38712
1.16146
-17.1313
0.0897694
-1.82252
-2.91871
-6.69145
1.72959
-1.52207
-1.31863
1.76487
1.69271
23.8514
-0.418835
0.461435
0.979237
0.617929
0.465348
-14.3992
-0.616546
-0.0453927
-0.210022
-1.53142
1.492
-0.0307241
-0.774577
0.0639532
-1.21951
-1.96082
0.208852
0.657922
-2.04226
0.20955
0.179953
18.6916
-0.6023
-3.61848
-12.7119
-3.05034
25.4978
-0.295243
433.082
-0.507959
-5.10801
0.652021
-0.662785
-0.249443
0.395253
-1.53819
-0.159146
-0.21008
0.437295
1.7814
1.68239
1.87988
2.61719
0.166047
-1.39575
-0.21867
-0.0498515
1.15667
38.1304
-25.9015
0.946661
2.66096
0.239719
-0.4573
-3.85159
0.913535
0.340971
8.16395
-5.58414
-1.12831
0.094047
1.11425
0.0910021
-1.39475
0.243194
0.603011
-0.114656
0.960957
1.75908
1.46613
1.56828
0.503205
-0.0980114
-0.557489
-2.5221
1.99588
-77.7159
-0.681802
0.0113371
2.4263
2.13376
0.192755
-2.05347
-23.895
-0.648265
2.45796
-0.432522
0.512343
-0.596152
0.415979
0.5719
3.65816
0.210674
1.52728
-0.10099
4.32009
2.66708
-0.164672
1.99774
-0.561359
-1.32496
-0.2407
-3.19637
-0.403713
0.000458179
3.08398
-0.639917
1.79547
-0.323388
-0.504969
28.5826
2.92541
-0.319048
-0.670894
1.61788
0.485048
2.34223
-0.183536
1.68846
0.464922
0.4869
0.406306
0.440347
36.2086
-0.250451
5.23865
10.3525
2.4345
2.54862
0.954333
0.192862
-0.246004
-0.215072
-0.811514
-2.04645
-4.17408
0.160463
-1.60702
0.292135
0.0758763
-9.6689
-0.00578109
-0.498129
-0.173786
-1.63351
0.0873376
14.0954
0.0786212
1.53804
0.507126
0.91874
0.361956
-0.140529
1.64584
0.576095
1.54993
-0.434539
0.256313
-0.5681
-0.61499
-2.0465
-1.2103
-0.472926
-0.538474
-0.167888
-10.271
-0.150218
-2.18005
-0.663924
2.63151
10.7086
0.0797735
0.836464
2.2004
-1.03728
0.631319
-1.36953
3.50193
-2.52201
-0.0474385
6.23928
0.887699
-0.329093
1.66592
-1.26088
-16.4739
1.07097
-0.61076
2.91532
0.323731
0.235799
0.321804
16.0306
0.55984
0.186824
-0.810051
0.250016
-6.45262
2.54803
1.02338
-1.66536
-0.491019
2.03547
0.0177723
1.91591
0.194898
-0.0944127
8.15859
2.4647
-1.06268
-0.634162
1.24007
2.16891
-0.115709
0.73559
8.13906
-0.0310494
0.0969865
-0.0698145
-1.02302
5.41386
-0.208701
-9.37442
-0.0295481
0.928355
0.149458
-0.903211
-0.176131
-0.0810523
0.712298
-37.839
-0.0588771
-0.563889
0.616077
-0.991827
-0.352533
-1.25393
1.15912
-0.0207729
0.0791792
-4.06901
1.8803
-1.08967
-1.07007
0.710519
-2.54066
-4.65205
-0.0556024
-0.244644
51.5476
0.0252803
0.248443
-1.63365
1.01717
0.170653
0.324396
0.827887
-0.0414178
0.518765
-3.78566
-1.5008
1.10051
-0.293913
-2.67281
27.0693
0.225027
-0.488279
-1.9987
-4.93649
3.65661
-0.632452
0.146417
-2.78152
0.0697409
0.16702
-1.59235
2.18347
1.36106
2.83054
12.1505
-0.662467
1.83536
0.3233
0.176438
-95.3469
-0.862958
0.455121
0.709018
0.304409
-0.629637
0.306052
8.66645
-0.231806
0.577788
1.34255
-5.12054
0.596036
-0.764682
-4.50374
0.442877
0.340173
0.420664
2.56835
-1.76628
-1.40152
-0.5891
-0.999914
3.35146
1.12966
-2.38454
1.34074
0.819757
-0.627243
3.47554
-0.302679
2.88909
98.668
2.66965
0.52465
-10.3089
-1.4355
0.0859785
1.92724
0.432789
-0.0692839
1.47845
-0.679924
-1.04473
1.90162
2.9719
-4.71456
-0.74718
0.781975
-10.5182
1.7385
0.203462
-3.1022
0.344194
33.301
-0.0917293
-0.765378
0.978437
1337.93
-1.35763
-0.176647
1.40588
-14.3543
0.255731
-3.03605
-3.98739
-0.900379
2.04742
-0.968972
-0.099547
1.01845
0.622458
-1.32355
-0.339839
1.01382
0.824254
4.17235
-0.974491
-0.577896
-0.326152
-3.24147
-1.58365
-0.955017
0.305884
-9.98959
2.20247
0.472324
-0.869617
0.859429
0.670458
1.49043
1.30705
-0.601667
2.10839
-0.376938
-0.25951
-3.46744
3.11684
-7.56577
-3.3144
-1.53154
-0.184016
-0.158634
-5.66179
-2.04453
-16.8226
0.280106
0.498965
-4.11391
-0.625057
83.4589
-4.04858
0.718485
-0.223418
0.099992
6.58936
6.05674
1.0187
-12.6057
-0.211518
0.539387
0.519604
2.04406
-0.100147
-36.3007
2.85186
1.73722
0.702684
-0.632299
0.343085
-1.78376
-3.12113
1.87573
0.489919
-0.959109
2.19222
1.09851
-1.27099
0.333349
-3.1826
-0.625719
-3.96313
-0.540372
0.412185
-1.5567
-1.49168
-1.38997
-1.43264
0.0149811
1.22516
-0.765744
3.14704
7.03365
-48.3637
-2.38355
-0.188386
1.0782
0.0527053
-0.507225
26.0893
-0.194243
0.817779
-4.30891
-0.710865
12.2689
-0.0252448
-0.187595
-6.30838
-0.552981
8.22345
0.53115
2.5742
-0.754165
0.244459
-0.0766173
-5.6085
-0.448234
0.407642
-0.109879
-0.476021
0.979657
0.536478
15.1343
0.931748
-0.0320337
-1.45509
-0.562925
3.51451
0.828241
-0.00986853
-8.25513
2.7033
0.0861671
0.292992
3.08312
-2.55656
-0.614671
3.24965
-0.465299
-1.11078
0.761053
-3.29909
4.0356
-0.359482
-4.79249
0.119176
0.202709
1.34967
-0.926211
0.665525
-0.365548
-2.4974
0.256509
130.801
-0.0476242
-0.91826
1.8131
0.10097
-4.97833
0.192341
0.559154
-1.78489
1.35868
-3.9743
1.09437
-49.6515
-1.44911
0.31464
1.17209
11.643
-2.35059
-0.439173
0.153734
0.11167
0.9567
-0.423785
1.23091
0.816549
0.357262
-11.1153
0.340524
-3.79985
-10.8076
-0.704197
-2.4629
-1.56553
3.57254
-2.61958
5.13618
-6.84405
-0.208341
0.186092
-7.78918
-0.523715
0.381886
-17.2598
-2.00739
-10.2063
0.094536
0.742743
-0.390562
1.15901
2.39654
20.1257
3.4166
1.38091
0.054727
-3.20331
4.34229
-1.29884
0.0253277
-0.553141
-0.59513
2.18832
-0.702998
0.123417
-4.2892
9.21779
-0.703795
-3.84215
0.372479
0.208586
0.302601
28.2439
0.0160832
-0.134604
0.0483524
-0.178065
-0.244325
0.96917
-0.402656
0.898543
-2.57819
-0.0229888
0.319252
4.03384
0.42439
0.271093
9.10933
2.0063
-13.9684
1.12271
-0.0556059
49.1083
-8.24133
6.63399
1.01691
0.210418
-18.9248
0.0495531
-5.61002
-0.892126
-0.14429
-0.355002
0.343181
-1.33177
3.1256
-3.37567
0.558292
-2.66104
-0.446276
1.38088
-0.95528
-5.85426
0.477342
-2.12807
0.100273
-1.09547
-3.29393
0.112624
0.533629
7.02646
4.83664
-1.40693
-0.600285
1.00529
0.432245
0.688156
-1.11542
-0.564878
1.73111
25.1789
-0.758574
1.15306
-5.41006
2.89968
-1.37333
0.264094
-1.31363
-3.0045
0.315699
1.04802
1.13465
0.266465
-0.514373
-1.11423
4.35574
-4.00063
0.385952
-24.8668
-12.6391
-0.903724
0.192803
-0.601633
-1.69981
4.19124
-0.222628
-1.4242
-0.207358
0.11207
-16.0925
1.07634
0.229284
-0.101217
0.420095
0.0156896
-1.0209
0.00662624
5.89759
-0.225529
-0.138959
0.459968
0.0691122
-1.3062
-0.423153
-0.746996
0.29276
-0.0961039
-7.01337
-1.30487
-2.81927
1.18035
-2.19912
0.501617
-32.2537
1.72127
-1.44158
2.47429
7.64776
-3.16999
8.83027
-0.372746
-0.236153
-0.73577
-0.744178
-1.34133
-0.43778
-4.72286
0.736878
-8.70885
-1.70306
0.0116339
-0.076139
-0.57622
1.62181
5292.71
0.590736
-14.7899
-1.32324
0.532103
-5.00293
1.8759
-4.70056
-0.221599
-2.61791
0.312521
-0.657116
0.441706
4.66781
0.0800026
-0.0662347
-1.95538
-0.211023
-0.909243
-2.02645
1.65738
1.97579
-1.61961
3.84998
-2.38541
0.169943
-0.557297
-0.18279
2.29787
-1.03478
-0.971717
-1.16851
-3.86955
0.906907
0.256853
-0.405779
-2.70346
0.747682
-0.686229
0.5774
-6.8907
-1.41575
-1.93766
-4.6615
3.23515
-2.61902
0.863068
4.36238
0.150095
1.23381
1.37419
1.10312
-5.23383
0.689355
6.88006
-1.05312
0.132289
-0.637849
-0.198332
0.0235337
2.7742
1.05973
-0.63674
-0.896007
-1.37638
-7.13286
1.46601
0.339389
-0.0290724
0.222029
-2.51336
0.0927217
2.73375
-1.26187
-0.754647
1.20438
-0.482001
-0.533712
0.521562
0.287167
-1.8837
-0.681654
0.574799
-0.482938
5.23456
0.872259
8.63584
-0.114293
-1.28776
2.58488
-2.55023
1.71728
1.92605
1.20287
0.966334
0.445385
-1.44943
0.158755
2.49541
1.77208
0.715289
0.783625
4.1939
-0.540632
0.577501
-6.42448
2.66851
-0.300006
0.276656
-0.238951
-9.74658
-0.46108
0.463694
-0.0140351
0.244021
1.39096
5.89148
0.210073
1.01315
-0.378428
-8.83264
-1.707
-0.123258
-1.38791
9.36156
0.141626
-0.713379
0.0595929
-3.7243
0.059202
0.0484118
-0.723757
-0.980512
-0.449136
-4.58425
3.97812
-0.642377
-1.25577
-0.10022
-1.01899
-1.47874
-64.791
-0.316966
1.06746
2.0473
0.276963
-3.17728
18.6143
-0.419866
0.167024
0.329386
0.0652533
-1.23725
0.354618
1.16738
-1.16053
0.285923
0.00659664
-2.68007
-0.0427355
3.40196
0.50635
-0.446603
13.0249
-0.313519
1.25242
1.44017
0.745565
-1.77144
3.85716
0.38627
-0.160628
0.290085
2.72494
-6.14123
3.22003
0.262988
6.78551
0.0772158
-0.641527
-0.125252
1.33082
-0.484356
80.7457
-1.18249
-4.43327
-10.2631
0.0981499
0.935175
9.63718
-0.791214
-1.59053
1.48859
-1.15276
-0.94074
1.16913
-2.47771
-1.30241
10.6357
4.80748
-0.70962
0.188794
-9.73479
-0.190016
-0.548397
2.19644
-31.685
-0.890974
0.0669581
-0.0471367
-0.174824
-4.34797
0.782369
4.60198
0.0427872
1.55339
0.0931306
1.99676
0.467899
-0.247858
-1.13167
-1.35125
-0.0281613
0.115376
0.286739
1.47919
0.674673
-0.843431
0.218283
2.77365
-1.11436
-0.0665412
7.47577
2.02874
-17.4715
-0.343895
-0.184141
-0.823896
-4.9256
0.728941
-0.0147281
19.4437
1.60708
1.65612
0.536945
2.48872
0.207965
-0.148093
-1.87208
-1.49032
0.871876
-10.7582
-0.178255
1.94507
1.10432
-10.9561
3.26129
-0.886188
0.265305
17.3266
1.11617
-0.170718
0.0838041
0.313144
-1.15848
-0.610317
-0.522637
1.02564
-6.01053
-1.1753
22.946
0.713575
0.524011
0.690348
0.862215
0.202257
0.815449
-0.15863
-0.552009
-9.37353
1.32326
-0.661933
-1.29221
-2.06628
1.65444
0.345431
0.0882606
-0.907187
-0.0311655
0.937221
0.114761
-0.702722
0.955095
0.330651
0.167652
0.170435
-3.58881
4.40211
-1.61122
1.76486
1.46793
-0.754966
0.12059
2.67553
-3.26518
-0.358395
-2.82432
0.737572
-0.104347
-11.406
-0.0741956
2.81205
0.467048
-0.016645
6.74835
-9.58858
1.64599
-0.647433
0.57704
0.295246
1.69866
-1.8611
-34.4827
-1.87978
0.0920365
-1.10717
-4.36334
-0.521674
-16.0352
2.35413
-0.115765
7.33249
4.79826
0.328279
-0.324037
0.0921838
-0.270098
-0.332839
-0.0235158
0.222087
-4.96665
-0.0575871
2.99695
7.81544
0.280616
0.0884296
1.80039
-1.55251
-0.692771
0.0903287
-2.55666
0.42165
-10.891
-0.326804
-0.743376
-1.28281
0.70925
-0.385247
6.02088
-1.83353
1.25672
-7.12218
1.59837
1.78751
-1.71339
-0.590917
1.26977
-1.34288
0.0270882
-3.4683
0.0630086
12.8735
-0.382658
485.078
16.8934
2.83053
-1.42217
0.0611488
0.493918
-11.2872
-3.92949
1.75266
-1.14933
-0.0754521
1.89587
0.887691
-1.15837
3.50357
107.94
0.940714
-18.2878
-2.35885
-1.72492
3.91748
-0.44555
-1.27624
0.443205
2.69225
0.1505
-3.50046
-0.507263
0.173679
2.20448
0.120919
-0.915972
-44.98
0.347002
-0.324878
0.150169
1.22796
-6.59159
-0.211907
0.46532
-17.4066
-3.33307
4.45491
-0.518692
0.660286
-0.535626
104.033
0.177912
3.15722
-1.28912
0.519906
0.459425
1.14708
-1.77541
0.378014
-7.95512
-0.131857
-0.914308
-0.0182161
-0.446046
-1.88828
0.194842
4.29336
-0.597304
-0.154893
0.0268194
-0.732502
-0.0398096
-25.5546
0.539113
2.58105
-0.0249406
-0.721412
1.09885
1.61834
1.36724
-3.53543
-18.878
1.11703
-8.39097
8.93857
-0.233449
0.69731
15.9576
-1.6435
0.960461
-0.215022
6.16232
-0.590851
0.161879
4.80519
-0.11664
1.31171
-18.6219
-0.639122
0.935689
-0.383218
0.301163
-2.99608
2.54876
0.328767
-0.413364
-0.565286
-0.71157
-0.297178
1.16716
0.423217
0.281203
-0.668246
0.307621
2.06937
-3.39367
-0.759735
1.76704
-0.279824
10.6595
0.753436
-2.35419
-1.79386
-0.651824
1.55046
2.30775
-0.0592587
0.0363957
-1.76612
2.96188
-0.132596
-1.20523
1.1629
11.7269
0.0439741
-1.1661
1.38928
7.41635
-1.9869
-1.87626
1.36282
-0.342815
-0.585918
-3271.28
0.196158
3.80903
-1.33851
-0.140212
-62.0588
1.57172
8.20122
1.45066
0.684341
-2.36433
0.0106904
3.52435
0.783118
2.04349
-0.0162181
2.4822
-3.35379
0.0453884
-0.03594
0.746588
0.265589
1.08257
0.723309
-0.706398
0.141868
-0.907069
0.666679
-6.88584
0.0992326
1.13166
-0.557578
1.8031
-0.33069
4.96851
0.679661
0.0569365
-1.34573
-0.388932
0.131437
0.049192
26.2158
0.477485
1.85395
0.394496
-0.781656
4.97018
0.950068
2.58716
-3.61686
-3.06612
6.21149
0.269234
2.96906
-3.30444
2.5158
-0.360902
0.261137
0.904264
-0.478447
1.23857
0.176912
0.146646
-0.354363
1.8758
0.591581
-0.228826
-67.4913
0.0551963
-0.57054
0.997799
1.48142
-2.45076
-1.96885
0.763852
-2.60507
230.965
1.77574
2.20963
1.38896
-10.6929
-2.11182
-5.63141
-1.28519
-2.85293
0.950321
-1.22966
-0.858354
-0.0408689
-0.702003
0.393473
0.936706
-0.286557
0.107394
10.1314
0.0954918
0.651417
4.79012
0.305309
0.130479
-9.66127
1.55323
-0.57588
-2.41186
0.330542
6.84592
0.0524509
1.26188
0.366206
-1.14757
0.62976
-0.252725
0.810577
-89.9642
4.68359
2.65536
0.0287074
-0.657636
12.0296
3.24828
-1.38886
0.0368487
-3.90949
0.871566
-2.4293
40.5412
-1.16285
-1.03244
1.89764
1.40873
0.464356
-2.88841
-0.243782
0.464408
0.592582
1.62321
-3.13568
-11.6735
-0.561081
3.15931
-1.22833
-1.04496
0.059103
-0.325897
2.38381
1.80245
1.40835
-0.552204
0.555613
-1.98511
3.1997
-0.332272
1.67119
-22.4542
0.346932
-2.87628
-1.63382
-1.66709
1.72683
0.662263
0.39763
0.92178
-1.07738
-0.670647
-1.47486
1.43713
2.48501
-32.819
0.157704
-0.466021
0.340894
-0.890777
0.139692
0.897563
0.67012
-0.711467
-2.08906
1.22459
2.47776
0.60983
0.754266
0.0675546
-0.562467
0.120183
0.665671
-1.16926
-0.702744
2.7337
0.888452
-4.85631
-4.03754
-15.9014
-0.232344
-0.130437
3.21605
-1.66146
3.73383
1.42589
-0.32123
-0.387125
0.490611
0.281767
-1.03388
-5.49635
-4.73036
-0.131344
1.9597
7.07928
-2.55404
4.32827
0.130591
-0.378949
-1.96562
-2.12033
-0.702141
1.28146
0.218553
-1.62106
0.490862
2.91349
0.10815
-1.19072
-3.56021
-4.13339
2.43126
0.225035
-0.819149
16.6376
17.5181
1.86249
1.96056
-0.366557
-0.789241
-0.593051
3.29007
-0.134535
2.03148
0.853999
27.8975
0.566606
1.14007
5.15829
0.178832
27.8574
-0.86144
0.229044
16.254
-0.250387
-0.19331
-1.78669
0.361275
-0.041692
0.984282
-4.77742
0.513139
1.06401
3.57123
-0.0145115
0.241672
3.99175
-2.52088
-1.66897
-8.46107
-0.235132
1.69017
2.93582
0.130831
1.58073
1.38467
-97.2561
-4.33747
0.676202
3.49076
-1.19327
3.08911
-2.38045
1.04722
-0.0164646
0.486362
0.58819
-0.183874
-34.9817
0.752264
0.503857
1.71241
0.795559
-0.520783
-2.69129
-5.30669
3.33333
-2.90298
1.89735
0.0452383
1.51195
-0.16595
-0.116566
-0.523663
-1.25013
-14.5339
3.23668
-0.741398
-2.40826
0.497865
6.01239
0.000585692
-0.0934717
5.0054
1.79103
-1.57004
5.79581
-0.255406
-0.283346
2.09792
0.3216
-1.20693
1.06163
0.0827377
1.26577
2.7193
0.130836
-0.492893
-4.41252
-2.56074
-1.46861
12.8781
0.31012
0.493694
-2.85216
-1.53811
2.00375
-1.46553
-0.730579
0.343177
3.18148
-0.736095
0.546403
-0.177312
-1.48738
-3.92928
-2.07346
-0.378689
-0.00417944
-0.121905
0.676027
-6.52584
0.732562
3.97473
0.554422
0.570184
0.929013
0.595642
-8.35438
-0.624915
0.470276
-0.918268
1.12679
6.09407
0.347989
0.0109011
2.66552
-0.878375
-0.491561
0.747573
3.11022
-0.212426
3.63136
-1.96801
-2.93312
-1.25923
0.251843
-2.79233
5.14184
6.67671
11.5519
-1.12954
-0.870858
9.01802
-3.80768
1.09303
0.314247
79.9241
-1.12088
-69.4507
1.94497
0.666149
0.571862
-1.24802
0.0458926
13.2927
1.68244
1.31675
0.238356
0.130625
-0.938676
2.32933
-1.16796
1.9849
2.22132
0.650225
-0.397024
-0.257631
-1.54807
1.1209
0.395876
0.304945
-1.91914
0.554276
0.868207
0.151436
11.8254
-0.908715
0.273099
-1.61919
41.0799
0.296323
-3.84644
0.842709
0.87333
0.66388
-0.464546
-0.548708
-1.06498
-0.00791232
-0.0889029
2.06562
-2.40241
-0.266077
-3.281
-0.557917
0.465521
-1.37967
-0.674697
2.98714
0.370999
0.129225
-4.99358
0.906467
1.42325
0.876882
1.40243
67.0401
-1.7598
1.116
-0.210723
1.47753
4.09732
-0.845215
-2.82356
-1.62683
0.949556
1.4911
-0.0674423
0.216093
7.4604
-1.53601
0.526669
-0.868067
0.982422
0.0106915
-0.0411939
3.88829
2.16078
-2.55205
-0.194107
1.113
0.650452
0.471104
1.69874
-1.14865
2.71518
-0.444967
-3.88797
4.42608
-0.552119
-0.388231
0.19263
-8.25051
-2.03632
-7.04774
-0.0349653
-1.2003
-1.43994
-0.920868
2.25351
0.208343
-2.72624
0.401144
-14.3429
-2.99655
0.16547
-0.221535
-6.5166
-0.22905
-0.337127
-5.66581
0.58129
-7.04243
0.153193
-2.77352
0.545542
-2.40562
3.99506
-0.628323
-1.16453
0.81696
0.709216
6.41983
-2.04147
12.0916
13.1375
-0.589935
-0.159843
91.1815
0.531366
1.76132
-0.884698
-1.48918
-2.60113
3.44723
2.20719
-5.74959
3.21663
48.0517
-1.33089
-5.11295
3.60182
-3.14144
5.77375
0.807894
1.11979
0.85002
0.856054
-2.41726
-9.05506
-1.22112
1.29958
-0.45053
1.4494
-2.83452
1.62522
0.226134
1.85187
-1.54677
0.0840512
-2.78629
2.80994
-1.40228
-0.909305
-3.54246
6.00794
1.42426
2.12406
0.425474
0.521834
0.259302
-1.70145
-0.0186165
13.6745
0.454266
0.0890678
-0.557014
-6.68171
0.0807648
-0.556945
0.830434
0.355147
0.464313
0.0826972
-0.950516
1.58649
0.0892626
1.11429
-2.52888
0.926206
1.26284
0.319988
0.709327
-0.442221
-1.68444
0.263834
-0.0942686
-0.454985
-0.894226
-0.141586
-1.75028
-3.79454
-0.803269
0.257691
7.05616
0.0308978
3.31907
-8.34228
-0.529258
-0.166025
0.126368
-0.217668
1.38988
-1.74234
1.11565
4.49877
-0.603363
1.03818
-1.07423
1.72454
0.719756
-0.84914
-31.1634
-0.373674
-1.82831
-0.195444
0.41427
-0.869357
-9.36284
-0.376005
0.522873
-1.26763
0.407681
0.344099
-3.94956
0.990465
-2.82335
0.781929
-2.18942
-0.339864
-9.11443
5.56906
1.65561
1.67066
6.13586
-2.18869
0.794091
-1.85729
1.2338
0.564198
0.134469
-7.05311
-1.86602
0.810911
-0.962699
-1.01088
-0.150154
0.37074
-14.625
-0.0130108
-0.457087
5.84601
-0.780316
-2.23966
-1.48385
-0.699706
0.187714
1.00696
-0.170287
0.429158
-0.935724
0.312075
-1.90081
0.723866
-0.187727
-73.5305
-1.63022
0.79133
-0.79321
0.69983
-0.864572
0.228224
-0.490823
-2.52063
0.592022
0.226164
1.1343
-1.80163
-0.14032
0.845172
1.23565
1.22043
0.312309
1.88499
2.59825
-13.9939
0.363802
2.58064
1.54808
0.251703
0.487289
-0.267745
-1.03252
50.2977
-0.0391168
1.29413
0.104918
-4.33049
-1.41515
18.8259
0.863303
-1.84363
1.57926
-1.19595
-0.324311
1.50493
2.35845
1.19181
1.36115
1.41806
-0.202156
0.808767
0.213651
0.107809
-2.07969
-0.133954
-9.89784
0.705891
20.1831
2.47969
0.376284
-6.31949
0.255575
-6.31463
1.02292
-1.19218
-5.57957
-0.402608
-0.161779
12.5202
-0.123084
0.352146
0.230852
14.1692
-0.921144
0.69396
-8.15741
0.564089
2.9066
2.88055
0.874889
3.01783
-0.362324
0.726203
-0.601466
-2.37899
-0.307875
-0.0236602
1.06644
-0.0550555
-1.28592
-2.55189
-2.31904
-0.25437
-0.025433
-0.237408
-1.20854
10.7144
0.468662
3.0305
-2.57171
-0.90352
-0.203256
-4.48887
-0.511393
-2.00649
-0.674591
0.693563
-5.61808
-0.0993348
1.15984
0.157995
-1.13419
15.5926
0.444768
0.144197
-4.92556
0.101396
1.2357
-0.709439
-0.382296
3.78965
-0.829141
0.232522
-0.810539
-0.69134
0.624475
113.324
14.6245
5.1466
-0.443976
0.189726
-0.487021
-0.360963
-2.17864
-1.54534
2.3541
2.41113
0.365032
0.310347
3.36852
-0.175555
-0.94592
0.798595
0.480015
-4.48299
8.72309
1.51562
0.813319
2.41666
-1.06801
0.64073
0.902193
-6.75816
-0.245655
-0.576341
0.760469
-316.494
-0.790301
2.6233
-1.20195
-1.27522
-5.71712
-4.40859
0.235721
1.53303
-1.45333
-0.181859
6.07531
23.2825
-0.97875
0.269854
-0.676869
0.289075
-0.102411
-7.39891
-0.650499
-12.6227
-1.48703
34.7637
0.186899
-0.097822
3.32881
-1.45848
-0.596261
1.11776
0.24126
0.0682505
-1.92096
3.41068
2.01597
0.66552
0.0523643
0.0713734
3.09453
-4.13859
0.247119
-3.84291
2.37711
-1.20287
-13.6898
0.68024
1.90623
0.743507
1.8515
-0.598959
0.213268
6.89048
2.33547
-2.37088
7.38136
-39.7308
-3.02512
0.661337
-0.90182
-1.91059
-1.83915
-0.7967
-1.64753
-0.58542
1.74798
-0.821166
0.592806
-0.599907
0.14331
-4.134
0.0582507
1.3444
0.550031
0.711942
-1.91959
-0.253349
4.23019
-0.421624
8.13593
0.154317
0.277445
3.34715
23.8754
-0.388432
0.731458
0.523729
1.84666
-2.13623
-2.62273
5.36989
-0.529799
0.201977
-1.29808
2.28184
0.266003
0.211746
-1.41153
3.73026
-3.28934
-0.286405
0.453836
-1.96123
1.47189
2.25509
-1.5179
-1.1316
3.9758
79.5868
2.19308
-5.78438
0.0317954
-5.72765
-0.781281
0.459505
-0.27789
-0.535739
-1.89875
-0.356951
-1.79483
-1.33333
-0.0305106
-0.179167
-1.85215
2.21448
-1.04773
-0.537106
1.32567
-1.00311
14.3723
-0.289167
0.149126
-1.16267
-20.8443
-12.7037
-1.71757
-0.403865
0.504682
16.3477
3.61466
-1.1192
-2.93059
-1.3259
-2.24351
-6.10501
-1.23467
-0.293292
1.92043
0.846458
1.96825
-0.209499
-0.494688
-1.21544
-4.58695
0.552002
-0.707443
0.976219
2.40268
-5.02774
0.57102
1.14634
1.616
1.20878
-14.0686
-1.01421
-2.50088
-2.20468
0.111149
-0.0371056
0.356287
1.0266
-0.292243
-0.568622
-0.66136
0.179904
-0.702335
0.211072
-1.10257
-0.016853
-0.764929
-0.0966007
1.40964
-1.51982
-0.108098
0.620252
1.45525
-0.66971
-0.735858
0.869216
2.38575
0.757029
-0.373688
4.01182
2.62505
0.828952
-0.863167
0.964926
0.379858
-0.717612
-25.4631
-8.9306
-0.272985
-11.3806
-0.47687
0.518752
-2.17473
3.05052
-4.13631
-0.131167
-0.546966
0.524545
-2.9833
-1.21053
-4.99149
-0.249583
0.569115
-8.39545
1.17082
0.686806
-0.74586
71.531
0.358103
-0.0480044
0.898243
1.97043
1.31963
-0.466613
-0.181971
0.779574
-0.401523
-0.724104
-0.735269
1.0459
-0.0077667
-1.05571
-3.86523
-1.34524
0.691759
2.78529
0.73202
-0.73728
-26.8103
-6.89754
-1.64867
0.00377398
0.728119
-0.57517
-0.0269482
-0.626053
1.24481
27.828
-0.573558
-2.4083
0.901655
-1.3252
0.638399
-1.60581
2.14683
-0.402982
-0.34024
-0.133975
-0.54974
0.313604
-95.4974
-5.10098
1.74247
-0.236686
0.616393
1.68486
-0.981204
0.0366569
-0.172919
0.471264
8.108
629.381
2.92024
-1.72957
-0.695172
1.37966
-0.659921
-1.78859
-0.553479
1.50155
-0.387119
0.251215
11.7984
-1.38215
-2.48148
1.38709
0.908037
0.529584
-704.639
0.614927
0.35957
-0.189119
-2.6731
1.52481
6.45086
0.642279
2.29873
1.26971
-0.393433
-0.610278
0.526833
-0.122765
-0.587964
0.969628
-1.80822
2.73056
1.23464
0.508405
-1.04268
-4.96928
1.45047
1.65548
-0.977114
-4.47964
-0.661389
-3.59505
0.0372122
3.61312
-0.108005
-0.643537
0.608537
0.847283
2.95758
0.206655
8.46068
1.23041
0.641338
1.30617
72.8251
-0.537762
-11.954
-1.15862
-1.20286
-0.665192
-0.501969
-0.0325493
-2.03717
0.090708
-0.133971
-8.47355
-0.387563
4.20847
0.276014
7.45065
-16.3261
8.05254
-1.09968
-0.3764
77.4507
0.626403
4.12521
6.22916
0.194475
-0.0842609
-0.164579
-3.09498
-6.87985
1.34446
-16.6595
1.06319
6.5076
-2.73556
3.52842
-0.0174129
-1.9332
0.317813
-0.601399
-0.506207
0.431179
0.081432
-2.90206
21.1622
0.352816
0.879593
-0.0305359
-1.46248
-0.230463
-3.64939
-0.412738
-0.537714
3.05705
8.90259
0.414719
1.90046
0.729401
17.3236
0.0240456
19.0536
12.4085
1.6757
20.995
1.92494
-6.73278
-7.03767
1.55416
-1.81653
-0.703224
-2.63104
0.473427
-7.1902
-1.98182
-4.75488
-0.00449685
0.00167762
-1.57995
1.85619
15.4927
1.01646
0.000404575
0.291132
-5.48239
-7.35131
-1.65471
-0.166501
0.272053
-0.954427
-0.734609
-0.547567
2.03643
-0.958935
-4.26902
-0.52942
6.86382
-0.161901
0.585562
0.890544
-0.128338
-0.756376
1.7497
-0.659754
0.360141
0.568259
-1.59149
-2.42698
1.92904
1.22066
-0.782333
0.63999
-0.579612
1.35509
0.15401
0.199383
-0.0593346
0.0166826
-0.288178
0.478541
-0.739165
-9.99426
-5.84138
2.04183
-0.583422
0.351583
-0.40575
-0.321964
-18.7992
4.04881
6.91241
0.887197
-2.74791
-0.281529
-2.12839
3.4719
-0.583232
1.73199
0.210215
0.741309
18.677
1.60447
-26.5592
0.685537
-3.08851
-0.66324
1.91945
2.85277
-0.495782
2.48571
3.14352
-0.791144
-1.82604
-0.0589685
0.0997856
-0.661699
1.09802
-2.7546
-2.43526
-1.11697
11.5846
-0.730313
