-0.109536
-1.08819
9.07314
-0.60123
1.89874
9.43288
0.297178
0.187526
-9.43456
-7.28808
-0.245857
0.74104
1.09503
-0.790586
0.886784
-2.33104
-3.87218
0.470033
3.63404
1.29384
-1.08601
0.437708
-0.746171
-0.202719
0.480308
0.217352
0.578186
0.515686
-0.660025
1.19302
-2.92988
-0.702754
1.14195
-1.57466
-1.27276
-0.599226
0.286788
-5.3133
3.08058
0.413351
-0.438197
-0.169234
0.259038
0.384893
-0.491014
-0.879244
-2.12165
-0.666466
-0.716696
0.945735
0.865439
0.192784
-0.555901
5.32445
-2.79511
-0.502933
0.292282
-0.402983
1.37103
-0.17171
-0.34981
6.41755
-0.0816633
0.16292
-1.49945
-0.072866
0.255076
0.396416
0.50399
-1.34421
-0.242206
0.0900015
-2.37491
-1.64015
0.247878
-0.328164
-0.0256561
0.854445
-0.995724
2.58263
1.11319
-3.36759
0.124082
3.5883
0.46876
0.651486
-23.8433
32.9022
7.86128
-0.772918
-5.36545
5.66845
-1.5287
-6.71839
5.85513
0.33683
-0.543787
5.48485
6.54051
0.866118
-0.120481
3.75279
1.46146
-1.18944
0.699794
0.723782
-1.15685
3.03499
1.2911
-0.115039
1.10264
-0.398218
0.197774
0.202466
0.0128685
-0.587959
2.272
19.3916
2.75
0.517701
1.21797
14.9938
0.463445
-1.47261
-0.801848
-0.661808
-0.812515
-1.0111
0.501721
-7.6793
-0.13723
2.53756
-1.23397
-0.496295
1.57715
-7.73004
28.1509
-0.396685
-0.444519
-2.23138
0.662768
127.934
0.118452
-1.52445
0.709106
-3.21539
-0.166385
1.36975
0.181791
4.21221
-0.521796
-1.98286
-0.0236052
99.3245
-12.2295
-0.353617
6.57828
0.923006
0.980492
1.33351
1.01061
-4.55175
0.231503
-0.223592
5.37309
-0.842023
2.8543
-4.89198
-1.20686
-0.0961276
-0.46773
0.535039
-0.686248
-1.74026
8.18102
-2.15437
0.826114
-0.915857
-4.68149
-5.73525
-6.38983
-1.05436
-0.426655
-1.79699
0.993085
-0.0825673
0.0921302
-0.488782
0.140453
8.97567
2.12423
0.326253
1.41199
-2.4328
1.25901
-0.39019
0.138622
1.29745
-0.405488
3.01377
-1.17379
-1.30429
0.491545
2.16032
0.594921
-2.49252
0.0730363
1.39174
-1.56722
-0.593889
0.424781
-0.172483
3.08666
-0.280107
0.152476
-4.55246
-1.04153
-0.041627
0.367726
-0.380278
0.760411
-1.79992
-1.20532
2.82381
3.25683
-0.540227
-4.28597
-1.47351
0.905752
2.50351
-0.787901
-7.00429
0.229641
-4.87673
0.325464
5.32994
-4.05537
-0.229163
-2.35189
1.29321
2.01293
1.22053
-0.118263
0.0885911
-1.70538
3.50268
1.18453
-1.04734
-26.1879
-7.98214
5.85312
-15.773
0.546182
1.39802
-1.21381
-0.0552057
-1.18831
1.91089
1.61109
0.771461
-0.75959
0.694396
0.295504
-0.0767245
3.49149
-20.9302
-1.23756
0.307569
1.36113
-1.21783
-0.0891162
-1.39132
-0.940738
0.785156
4.01854
-1.72053
1.15743
-4.53868
0.522209
-0.271901
-326.79
-0.0522168
-9.4555
-1.51097
-0.962454
-1.26166
-0.964845
0.878763
1.708
-0.912444
-0.70784
-0.910502
0.392243
1.14695
-1.15072
-0.373449
3.22242
-2.25063
-1.22117
-6.07284
5.68724
-0.501893
2.11915
0.0907887
-0.392017
0.0421791
-0.569589
-0.657004
-0.0656231
1.26031
0.904802
1.17776
0.390254
-0.546884
-1.58065
-8.26597
0.817181
-0.219455
-6.21763
1.65254
2.91267
1.83525
-4.13893
-1.03066
3.75861
-1.54755
-0.5336
-0.657732
2.02472
-2.19479
-5.09318
0.400879
-1.79709
3.10749
0.403496
3.45549
0.249747
-3.00009
0.100996
-0.898065
0.661583
-3.69655
-2.7371
1.89926
-0.0332557
0.648177
-1.15608
-6.40034
-0.240968
-1.94417
-0.188949
-24.2152
0.0469722
2.84314
-0.69289
-7.41593
-1.50247
-0.55778
4.10703
0.761729
-0.5094
-0.35128
0.0814866
0.841801
6.5821
-0.661204
56.943
0.026255
0.419277
-17.2022
5.41746
-1.92497
-1.70284
5.25035
0.945347
3.23935
-0.57087
-2.24131
1.7208
-2.12707
-1.60287
0.980408
1.69338
-0.950735
1.28169
0.212155
-1.25795
-0.750771
-0.260862
-0.827931
0.715963
8.70539
0.454723
-0.774961
1.61438
-0.27316
-1.95369
-2.9294
0.425636
3.24711
3.03828
-0.229558
1.24978
0.96177
-0.225488
-0.589468
1.34124
-0.866266
-0.594606
0.104924
0.398993
2.89465
16.9842
-0.112539
0.121969
-0.426734
12.6062
0.206138
-3.78741
0.342882
-0.15474
-0.159487
-20.4398
0.102611
-1.35092
-0.0267779
-0.754887
0.367089
0.456692
-0.894023
1.39086
-0.645572
1.50557
1.06686
3.55401
-0.0972833
0.306523
87.8998
4.99288
-4.34068
2.23337
2.01564
0.961371
-0.878572
1.32472
-1.57528
2.3303
-2.09717
1.10414
-15.6306
0.552961
0.386879
0.143552
-2.86773
-0.500128
-8.23163
2.88352
60.9267
-1.57182
-0.145093
-4.21227
-0.119696
0.0294656
-0.446404
0.0154667
0.331734
2.63054
1.1695
0.997243
-0.263552
-0.0879095
4.06996
10.0305
6.75923
-0.900842
-0.851487
0.351253
3.30165
0.164965
1.51508
-0.570688
0.0703332
498.348
2.26839
1.74211
0.777156
-1.19075
-1.51787
0.248954
0.880168
0.0913194
-3.15839
-0.0697875
10.0532
10.0046
1.1291
-5.70431
-0.0446408
1.62685
-0.65949
0.0892509
-11.6323
1.3392
-3.62594
1.41502
-14.5195
-0.313622
0.674497
1.65408
1.14996
-0.0400136
0.49797
-0.693847
-0.911368
-2.44752
-1.44783
1.03873
-9.12336
-2.72411
0.285696
0.26331
-1.8858
2.58445
-0.948213
11.2083
-62.0112
-5.17321
-2.67597
1.5762
2.80656
3.46248
0.361076
-0.2412
-1.03403
0.0439066
1.46325
-0.267155
-1.18809
-1.19664
-0.48721
-0.975949
-1.55064
3.4321
0.299249
2.29905
-1.28446
0.741377
0.341613
-2.02684
-7.56342
-0.133088
0.782457
2.21259
-28.8948
-1.54645
1.32898
-0.161052
-0.612692
0.267712
1.08901
-1.01821
0.781448
0.847662
0.770169
0.0753243
-0.413519
-1.71827
-1.19165
-1.20852
-0.024709
-0.442056
0.156894
0.268782
0.0993238
-0.758553
-3.07821
0.526311
-0.000604766
2.84304
11.2229
0.827434
-42.1628
-9.94187
-1.60008
17.0908
0.616936
1.37723
-0.649692
0.0987703
0.455829
0.275056
6.49666
1.54177
0.0969103
4.0406
-0.176795
-13.1829
-0.514505
-3.61761
0.533989
-0.701374
0.173635
-1.18579
0.24298
-0.421571
-2.48352
-1.05194
3.34155
0.312722
1.79206
5.21617
1.87652
1.00052
0.162279
2.25371
1.65704
-0.0410284
0.221264
0.0320472
0.512499
-8.90766
1.17022
3.37162
0.0140724
0.785731
5.963
0.0315811
-0.0692965
0.29746
0.196091
-4.0728
0.0115083
-1.91341
14.6908
-0.143057
-0.756958
0.390999
-6.3772
4.09691
1.66133
11.0544
-0.615621
-0.444513
-0.6278
-0.215272
0.0798279
-4.45068
-0.151096
0.278743
-0.534762
-2.01262
1.05599
3.40217
1.72919
8.18181
6.03935
1.09933
-0.111381
4.02197
-0.48606
-28.8951
-50.6224
-0.62838
-0.601022
30.6302
-0.49324
-0.636405
5.94966
0.396342
-0.269559
-17.5626
1.00014
-1.18636
1.78827
0.616317
-1.83739
0.306127
4.39256
-0.689721
0.741611
2.65241
-0.402856
-0.0447589
0.182186
1.03142
-1.11158
0.82537
0.622902
-0.0983507
0.42714
11.8915
0.810007
7.22181
-1.06895
2.97305
0.74474
0.0807995
-10.0749
3.65147
1.06926
4.31737
31.476
-2.01926
-1.03627
-3.82203
0.798888
0.0254173
5.69044
-0.117797
1.02734
0.209752
-0.223602
0.605402
-0.493093
0.384967
-13.3298
-1.39995
-1.58325
-3.37535
-7.95889
1.12293
0.600933
1.46932
1.25416
-1.74037
-0.492268
-9.43864
0.338824
1.19414
1.40149
0.669444
1.1716
1.12892
-1.74898
-0.0589206
-0.281618
-0.579668
-0.587256
-0.350013
-2.12901
0.936871
0.029541
0.0366063
0.362807
-0.632365
9.0605
0.918649
21.548
141.044
-1.08803
-0.0500521
-0.096644
0.249274
-0.672082
-0.559114
3.59338
-1.24203
0.312153
-0.292647
-4.40182
-1.066
-0.326075
4.0061
0.0966902
0.1563
-3.89694
0.932303
-5.91988
2.2079
-115.576
0.483921
-2.50762
0.0433874
-0.0190295
3.63002
-0.149824
-4.81725
-4.94259
-2.2784
-4.35792
-0.512612
-8.5858
0.476389
-3.51872
1.76862
0.764889
3.82693
-1.18422
-6.44213
0.703541
2.32173
0.0754679
-1.51798
-0.224706
-20.8265
-0.287704
6.94388
-3.21007
-0.117658
-0.463049
-3.87558
-0.290442
3.46986
0.872535
-0.0906391
-0.639552
-0.501735
-7.20902
0.178312
1.21584
4.1989
0.211338
-5.47641
-0.566644
-0.123833
1.48062
2.08568
-1.0702
-1.32302
-4.68415
0.396056
-0.697534
-0.843811
0.725856
-2.07981
0.933507
-2.79324
2.79817
-0.0471507
-5.06105
1.3999
-1.23378
-1.16817
-0.0815136
-1.98874
-0.510505
-1.42958
-0.605773
7.64113
-0.0643587
-0.218639
-0.437043
-2.78849
0.0667275
-0.71123
-2.31956
-1.79718
-2.12439
0.405903
15.7401
5.30759
-0.116101
7.97909
1.53995
9.19545
9.56993
-0.689093
-0.333684
-0.748877
0.83933
-0.243668
-0.0119742
0.13182
1.49153
14.9237
-1.5951
1.17112
0.508817
-1.39893
0.254179
2.37292
-4.13107
8.54652
-1.86605
-0.475975
13.4718
-21.4121
-2.04389
-5.14205
0.0966179
8.60495
4.81628
-0.315956
-0.0682662
-0.724284
-1.81957
-2.33939
1.63483
4.84772
1.05434
-1.35491
-0.849185
-1.54192
-0.754917
-1.51356
0.00495197
-1.34734
-0.795264
1.63589
1.51275
5.85394
-1.19469
-3.58772
-1.5761
-0.91571
0.0890275
0.112648
-1.38925
0.596078
-10.4511
-0.286328
-0.530591
-6.43944
-1.53468
2.88931
-0.651511
1.32676
0.958157
-0.210875
-2.38302
-0.590174
0.134574
-0.874365
-26.2317
6.22604
-0.915658
11.3309
0.0413526
0.163354
-0.0211714
-1.41111
3.76997
-2.96617
-4.01414
4.40082
1.45765
2.26462
18.5328
15.7143
0.00536186
0.627946
-0.990467
-0.444472
-0.743861
-0.167824
-1.62988
-0.0808122
1.10611
-6.4935
0.816782
-0.327275
-1.16918
-1.50097
-0.833065
3.61339
9.59839
0.0384551
-3.4173
-2.05297
0.353699
1.50371
2.06813
-1.97287
-1.02656
-3.40793
-0.451398
-0.545223
0.813211
-1.03472
-3.07126
-0.513248
-0.211625
0.411613
-0.73115
0.176269
-4.19634
0.423429
0.923228
-0.148998
-0.285785
28.5501
-5.01224
0.0420701
1.32186
5.70077
0.721939
0.206651
0.72952
0.0630889
1.61978
-0.990877
1.00088
-0.157537
4.50126
2.75638
-2.3398
0.292309
0.0706635
0.61158
-4.42192
1.9542
-0.102486
0.702535
0.149239
1.49944
0.00443487
-1.41517
-0.486929
-22.1736
-4.58259
-0.583469
4.60862
-0.449185
-0.679946
0.341913
-4.87614
0.083693
-0.462786
-6.73981
-2.63175
0.0114784
-0.294325
0.464397
1.22445
0.252836
-0.560346
0.145507
-0.194133
-0.780358
0.278672
-4.44945
0.674549
0.581332
-0.527231
0.219283
-0.603232
0.686338
-0.495051
1.34753
1.44878
0.552508
-0.552027
-53.6295
-3.62183
0.592914
1.00671
10.2123
-0.211128
-3.02878
-7.46854
-2.29215
1.24064
4.38784
1.72721
-0.0498483
0.168244
-0.133024
3.16392
0.693739
0.705517
-3.08231
-0.434196
1.68826
-5.64762
-0.643191
-5.06562
0.0936122
-2.5685
-3.0076
-1.20881
-0.227739
1.31716
1.38826
0.446414
-3.41585
-1.95248
0.196917
-0.787204
-0.578776
-1.61814
-1.31763
-4.83484
6.55204
0.667876
0.65519
7.55125
0.219466
-0.315734
0.847552
-1.90472
-0.635559
-0.366521
-1.20937
-0.0440094
0.249251
-1.13635
-1.66861
-0.860418
-0.166453
0.066884
-0.93629
0.0130591
-0.663104
2.01619
-1.12567
-0.406446
-0.3159
1.61133
-1.87291
-1.29255
8.66733
4.88607
-1.10446
-0.184325
-15.6496
0.0513247
-0.412773
0.310115
-2.59289
0.822743
123.603
-4.0148
-10.132
-8.37963
-1.06775
0.0432137
4.50568
-0.573376
4.06586
-0.399812
0.95409
8.62222
-0.0585648
-0.822034
1.91322
19.0909
0.250156
-4.0083
-0.0888135
-0.591694
-1.14781
-0.517255
-1.43459
-1.50599
-0.127262
-5.26549
0.17071
-0.0338915
-0.19431
-0.428317
1.2493
-1.14021
-0.931652
-0.838117
0.729008
0.192478
-1.25212
10.6891
-3.49664
-0.0706624
1.06626
0.746993
7.14956
0.937217
1.13744
-0.803294
1.85555
-1.22425
0.197207
0.169157
0.218165
-3.37758
-0.857715
1.44589
-0.903696
-0.537329
-0.972182
0.92365
1.48268
0.412696
-1.40317
0.404976
0.662406
-3.56027
-0.945944
2.17418
-0.272665
-3.22421
-7.81136
2.2223
5.26071
-3.24676
-0.901465
11.968
2.64149
0.481396
1.59378
-1.74957
-1.1639
-2.45867
0.888049
0.408788
0.152188
0.841893
0.394183
-0.912627
-1.24945
-37.1805
-0.00896706
-120.578
-11.2125
7.14573
-2.36551
5.92479
-0.804107
-0.430389
0.280312
-0.152925
-0.698517
-0.309222
-3.03765
-41.3279
-0.0525975
3.21868
1.1297
-1.32022
0.704819
1.70087
0.266223
3.77304
-1.59255
-6.04107
1.67872
-12.2691
-13.7641
-3.87517
-0.174542
0.591581
0.203325
-1.24434
-1.54716
0.05938
-0.876648
-2.75406
-1.96848
-2.87565
-5.10167
2.16559
1.38639
-0.487872
1.93742
0.314586
0.37387
2.29668
-3.78873
0.0297733
0.0486415
0.122645
-0.103176
0.149139
0.938661
2.89825
-3.59447
1.45241
0.126297
1.2509
1.56083
0.582991
3.32729
8.17005
14.0395
1.18458
0.18836
0.846618
0.126811
-0.640663
-0.227755
0.179908
-0.511356
0.62727
-0.394084
0.494477
-0.854861
0.517806
1.06732
-2.74001
-2.70383
-2.20813
0.0328468
3.07308
0.241126
-1.84216
-9.33979
1.45393
-5.41354
-0.460994
0.661602
-0.130897
0.790572
-26.2557
-0.193483
-0.107271
0.251956
-0.77794
0.208888
0.271175
0.591242
2.3861
-0.38812
-2.55563
2.56034
-0.954482
1.56299
3.52233
0.48598
0.222462
3.49564
0.0231585
0.95663
-5.02899
-0.385029
20.6841
-0.565576
-0.253153
-1.36658
0.319675
2.39306
-0.690468
-0.397815
9.99881
2.89117
-0.201871
-3.09353
-0.69262
2.94404
0.153377
2.56105
0.469933
-0.30575
-0.138669
-5.89807
0.625511
-3.82398
0.296587
0.815521
0.504498
-0.838412
1.10163
1.62764
-2.85877
0.617739
-18.8761
-3.25031
0.793601
-5.34866
-1.7902
10.4274
-0.404067
-1.18699
-0.984617
-0.476283
-1.37652
-1.25124
0.262515
0.513108
-0.221874
1.35067
-1.0019
51.2498
1.84852
1.85648
20.2402
-0.0661488
2.6324
-0.557398
-2.28249
0.210049
-0.0292965
2.1038
1.44796
0.0752554
17.7664
-1.41987
0.578614
7.0268
-0.262714
-0.0543913
-1.63696
0.987191
1.76402
-0.25032
0.861845
-1.46048
6.58181
0.32058
0.854089
-13.0622
0.0905324
-7.57862
0.371938
5.22998
-0.458246
-0.652998
5.73363
8.08551
-0.442352
1.73989
-4.29101
0.366258
-1.14542
1.71882
13.2515
2.75344
0.046909
-0.108511
0.769559
0.550784
-5.07554
0.396408
-0.419714
-2.74403
4.28789
-0.0451034
8.5941
35.3963
-0.284865
2.41152
-0.280501
-1.9089
0.606209
5.77358
1.41579
-6.50651
0.661657
-3.46013
1.126
0.796126
-1.68975
-0.598236
-0.513263
0.769506
-0.177179
0.137772
1.01364
0.504601
0.22396
-1.2411
-0.0807908
-0.817192
-0.811857
1.01365
1.54312
1.43448
-2.76916
-0.825569
0.134774
-0.655587
0.253646
1.01984
-0.794198
3.70189
-0.102199
0.662435
-1.81094
-3.49751
-2.96535
-0.602846
-8.38852
-0.702613
0.27516
-1.72253
0.0673996
0.254286
1.85115
-0.702168
-2.41032
0.147938
0.772855
-0.454188
-0.967093
-1.69117
2.56405
0.76303
0.0262051
0.586833
-1.31928
0.398421
-0.152859
-0.713989
1.3375
7.36639
5.42739
0.960431
0.835285
-3.07357
-0.0145415
22.9481
0.573106
0.215351
0.230216
-0.590967
-0.380366
-0.503274
-33.2553
14.5005
0.852005
-1.23252
2.03419
4.33548
0.477403
-7.24376
-0.0712321
-1.75739
0.944796
14.4716
0.717655
1.89715
-2.73671
-1.05174
0.188302
3.18521
-2.8365
-5.01709
3.02144
-0.143924
-0.462089
0.366632
2.04184
-0.287378
0.421745
3.40675
7.51215
-1.00964
0.0292494
-0.563552
0.733447
0.913081
0.491916
0.942402
0.111681
0.244177
0.165293
2.22403
1.63768
-0.887189
1.187
-0.262623
6.47032
0.792553
-2.4338
0.18815
1.23413
1.59508
-4.08146
2.41376
-1.5124
-3.65697
-0.101793
1.80658
1.16098
-1.15538
-1.7999
-0.315568
-1.22627
-2.05195
-0.888128
-0.0386743
5.24132
-0.378136
0.483304
-2.19415
80.4303
-0.612376
0.00700381
1.65498
-0.508053
-0.517203
0.784549
-286.008
1.43957
15.8242
0.305497
-1.39926
0.994383
0.184535
-2.66319
0.949992
0.413204
-0.474188
-2.59367
0.59331
-0.46452
-2.53982
-6.77388
0.317401
1.66238
-2.28825
-9.21233
2.70309
0.147924
6.41284
-4.74739
-2.42003
-1.03879
-0.85595
0.401172
1.2624
0.642044
-0.333714
1.12166
-1.21093
-0.655377
-0.0187286
0.367182
1.02855
0.787069
-1.9897
-0.288983
-3.33342
-0.179572
-0.9946
-0.0125469
2.16325
-0.212697
-1.67058
0.856925
0.736585
3.1693
0.432893
0.19355
-1.50627
-0.163797
0.720319
-1.06257
9.56542
2.08506
1.57342
4.43754
0.955674
0.191798
0.605841
26.2542
-5.48438
-1.1852
-0.0091437
-2.00244
0.981439
0.282437
1.97619
0.231332
0.70482
-3.59936
3.49262
-1.08057
-0.189252
-4.52291
1.67743
0.221476
2.92306
-0.0296164
1.21155
-728.269
0.173132
-1.16128
-91.1373
-1.53831
-0.53604
-0.572637
7.31722
0.407957
-1.05274
-1.59854
2.70876
2.80205
0.336454
-2.85507
-0.368322
1.03792
-2.16242
-1.74576
-2.42602
0.759577
-3.56358
1.59092
2.06269
0.486408
1.38927
0.049971
0.33277
0.0524184
-3.19758
-0.758438
1.00091
0.29614
-0.0890425
-1.3039
-1.92742
8.97483
-2.4983
1.11352
1.18682
-0.0475014
4.0184
1.66933
-0.791199
-5.76097
1.50984
-168.392
0.665097
-0.221574
0.343277
-0.964005
2.07118
-2.06527
-0.519252
-0.605418
-0.622604
0.180346
0.0471794
-1.80539
-0.255779
-0.91224
17.7908
0.0545102
-79.692
1.30229
18.9069
2.51094
-0.364952
-0.160548
-1.84664
0.169344
0.140381
1.45877
1.15817
0.603014
0.638062
0.901219
-0.349259
0.0205765
-0.21283
-2.30858
-1.10306
-0.11897
-0.0884376
-0.654014
-0.26777
0.286069
-0.940204
0.804933
0.138938
-3.48715
2.40945
0.0913145
-0.889265
0.894868
0.814548
-1.48183
0.096813
-0.693819
7.25292
0.18431
-2.30062
2.25887
-1.31278
-6.55393
0.733661
-3.61748
46.7513
1.33255
3.23046
0.525764
0.552461
0.677188
40.698
0.437253
-0.426804
0.0178308
1.48082
1.62072
-3.87892
1.23238
0.153909
-0.265562
-0.963198
0.157003
-1.54539
1.29359
-3.03924
-0.806999
-2.45469
12.196
-0.612702
0.22797
-0.548018
-10.4728
-0.615615
-5.18213
1.74522
0.361999
5.04763
1.13574
0.284401
-0.384213
0.791942
5.67137
0.778157
-4.65165
20.4978
-0.105511
-1.60695
-7.41959
1.34684
-1.08255
0.58592
0.872075
-3.92652
0.492876
15.9656
-0.168219
0.26539
-0.420846
-0.454806
1.61421
-0.679015
124.691
0.828422
1.69493
2.11814
0.520872
-2.80898
-2.76478
-0.408654
-0.581726
0.302903
-2.86394
0.296992
-0.461063
2.0314
-2.46505
0.430161
-1.13327
-0.617373
0.697336
-0.456957
-3.65869
0.339517
3.42151
-3.16608
-5.46692
-22.4414
-1.64849
-1.5254
6.85256
-0.355086
28.9117
0.912549
-0.021393
-1.97772
-0.0316096
-1.57631
0.20895
2.41578
3.63011
-0.0741669
-0.921408
0.706231
0.584542
-0.517371
-0.9848
-3.8016
-2.63542
1.76099
-0.0594235
-6.38137
-2.00667
-1.7496
-0.627256
-0.344411
1.59583
-0.395589
-0.731876
-1.03616
0.216362
0.169325
0.123902
-4.17645
1.57441
-2.76786
1.201
0.854569
-77.1203
3.94
-1.94977
-1.97649
1.15591
13.2613
-0.0208772
0.0672914
-0.66129
-0.369487
0.222553
4.6753
0.131578
1.31234
-0.0407616
-1.66086
-2.42184
1.06501
1.18308
1.2307
1.20166
-1.45952
1.01493
-0.949542
1.70192
-0.345199
-0.853682
-1.0889
-0.235733
1.05657
-1.21722
0.179724
-1.28656
1.77307
0.122516
1.17066
-2.18962
-0.554407
-0.817439
-1.30103
0.761144
-0.662916
-1.01119
0.451117
-0.165422
0.51856
0.379116
-1.41637
-0.0319696
-1.5241
-2.0841
-0.251682
-0.949704
-0.305004
-0.341874
0.188008
0.384579
0.214811
1.04723
51.8659
-7.17256
-10.9509
1.23775
-3.58701
0.0155131
0.339415
-9.4046
0.702542
0.911714
-0.589272
0.97091
-1.47843
-2.35573
0.226434
-0.569631
1.35865
-0.274114
0.224653
5.63777
0.126959
-0.53223
1.11358
2.16541
0.262038
-0.160373
-55.2499
0.879758
-9.97736
1.04821
0.585691
-0.0812708
-0.0584361
4.27587
5.18975
-1.10996
-5.18673
-1.38253
7.01533
0.423161
-0.778997
0.754678
1.12337
0.900698
-0.520821
3.1041
0.228024
-2.12222
-1.15752
0.759842
-1.63656
-0.928138
-1.04548
0.380776
-3.3851
0.124227
-0.391326
17.5039
-1413.89
1.75184
0.156745
1.72623
0.245128
-0.285436
-1.04983
0.912423
-0.186409
-1.11352
2.44956
0.976099
0.142391
-1.15186
1.64951
-0.660544
0.118236
-1.23765
-0.126676
8.63256
-0.798053
-0.866077
-0.41054
-0.802788
-2.33903
0.0807883
1.69321
0.800979
5.41699
-13.9455
9.23485
0.565452
1.65455
1.41911
-1.93364
13.7799
-0.529675
0.947038
0.639403
2.14952
0.561707
-0.590579
0.251003
-1.74564
-0.298995
-63.4841
-1.32877
-0.326064
-0.0213113
0.832457
0.433665
-0.564093
-13.7925
-1.13254
0.730804
1.22401
-0.0325215
-4.26855
-9.97398
-0.850637
-0.622911
-21.3446
33.3974
-0.223561
-0.50415
1.9614
-0.820701
1.24226
0.326206
0.711027
-2.7484
-0.6543
-0.223908
-2.6884
-2.0915
-7.01532
2.08438
0.38234
-0.679385
72.0369
0.314271
-1.18135
14.7038
37.1848
-3.18787
0.626922
0.962176
-1.60539
-0.322711
1.84078
1.33673
0.0955607
0.103212
-0.403469
5.3143
-1.57686
0.805261
1.4121
1.98045
-5.06825
-0.917067
0.0371247
-0.0211417
-0.201231
-0.35305
-0.561115
0.370467
-1.73464
1.60824
0.161471
-1.8976
-1.99615
-1.55524
-1.83435
0.135196
0.0677074
-0.226139
27.1905
-0.537759
2.68697
-9.74511
-2.96265
-7.82886
0.488094
-29.7029
5.24901
-0.519332
2.95798
0.899888
0.0825686
-1.19158
-1.57578
-3.31565
-14.3498
1.27521
0.730607
-0.0210386
1.52865
-1.03254
-1.55557
-0.00680855
-2.73558
-0.435629
0.541036
0.00658545
-0.879135
-0.674427
-1.9816
-0.162448
-0.100682
0.439702
-4.9556
1.09634
-0.254219
1.28359
6.67853
-1.27425
2.3667
1.76062
-0.574856
-2.58844
0.334778
-1.24169
-2.06511
-0.160968
-1.68375
-3.20243
0.989575
-0.438395
1.45521
1.00096
7.22047
1.74647
3.39858
-0.2549
-0.241316
-0.815625
2.80238
0.703847
0.387766
0.420136
-0.096343
1.39836
-0.819146
-22.5878
-37.8045
-2.92262
-0.0843774
-0.444165
1.13348
-2.04887
-0.541027
0.378863
0.742152
0.638016
-1.39997
0.25062
0.0167848
-0.544361
2.52246
4.48501
-0.419677
-0.495607
-1.39269
2.27375
-0.0275002
4.05059
0.881197
0.230687
-0.780129
-0.467469
-0.841334
0.797071
10.8553
1.05201
1.69733
0.314581
0.206514
11.8372
-0.446989
-0.547824
4.40928
-0.926449
0.233756
0.642532
-0.663242
0.510493
-0.437433
-35.7199
7.75845
0.659068
1.04891
-0.485658
2.77932
0.731863
-2.30142
-11.8721
-1.99661
1.68184
4.16465
-0.611333
-1.02969
0.70405
-0.55257
-0.414127
-0.125961
2.00886
1.83669
-0.0901098
0.58944
-3.10184
-0.296278
0.223862
-1.44345
1.45213
5.12478
4.27342
-396.269
-0.955931
-1.8898
1.99985
0.182968
1.07815
-1.05088
2.73616
0.447004
1.35449
0.567436
0.254796
-5.74292
-1.63338
-3.18513
0.615914
-0.225231
-1.72933
-1.72035
-0.232812
-2.71032
4.46266
-0.897486
-0.10442
-0.0913288
1.02395
-0.7776
1.16708
1.24023
1.7163
-1.87193
8.4583
2.76144
-0.735087
-2.5943
-2.37122
-1.72738
-1.54007
0.238322
0.323446
1.30423
-0.86841
12.6432
0.22994
-0.704567
8.57567
0.691761
1.75232
0.716019
2.15739
0.204228
0.894778
3.32673
-0.286264
3.20643
0.415216
-0.630756
-5.08766
-0.243901
0.488265
-1.28832
-0.981105
-1.02991
4.22044
-0.512677
2.28264
-0.789688
0.334616
-0.800227
0.911259
10.7805
-0.0895428
-2.33934
-5.5009
5.56365
-0.147864
-0.308943
-0.892448
-6.78156
0.217529
1.18672
4.74451
-2.6483
-1.88923
3.50918
-0.952173
11.0646
-0.327532
0.0973439
0.139688
0.38547
-0.827952
-0.394344
-0.0534593
-0.427801
12.2942
0.14788
5.33912
0.148131
-0.583351
0.803816
0.0116016
0.633616
1.39263
0.413227
-0.166254
-0.204747
1.4479
2.55611
-2.12185
0.179214
-7.7377
-0.098021
-2.44228
0.620381
0.768692
-3.08008
-44.488
1.33766
-0.571503
-1.46846
-0.421235
-0.381015
1.34891
4.88971
0.878238
-0.446956
1.35082
-2.99464
-2.0054
0.452406
1.40956
-0.921121
1.30635
1.37536
-1.13914
-0.0998908
0.595443
-0.553813
7.49572
3.69243
0.464294
-8.12587
0.122084
0.600807
1.57037
-0.803133
-18.482
-0.244211
-0.0410664
-3.76263
0.396682
0.938178
-1.114
0.45284
-1.37209
-3.04516
-0.2341
1.28094
-2.18769
-0.376633
-0.808125
-1.67782
-24.626
1.93916
0.858329
-1.79674
0.315305
-5.434
-0.281654
3.26588
-0.359042
-0.542143
-0.499108
0.237835
4.22418
0.343399
-0.918107
2.62086
-6.10293
-1.068
0.288899
10.4439
-2.14338
0.576873
0.308342
-0.681851
1.39374
-0.889581
0.585667
1.37638
-0.913162
0.689316
-2.36349
-0.445624
1.53243
0.562428
-0.0641009
71.2669
0.852023
-0.325706
4.46094
-1.0057
-0.0832432
-2.18916
20.3133
-0.533806
1.06356
-2.10209
-0.468747
1.01704
-8.95119
-0.962452
-0.885893
0.830998
-0.111932
-0.120717
-2.30872
-0.0917372
0.0912431
-0.0501148
-3.6446
-0.168593
-1.33573
-2.06907
5.7521
-1.67002
0.0818613
-6.11949
-0.550425
-1.56695
6.09604
-0.633649
-2.22991
-3.40913
5.13146
-10.3687
7.2521
-0.122217
68.0953
1.97301
-0.740368
1.82653
-1.77043
-0.334432
-0.14738
-2.63744
1.22192
0.898242
-0.864162
-1.30239
0.00231717
0.4388
-7.62451
3.45216
-68.6986
0.249662
-0.010278
-6.88595
1.32487
-9.39878
0.149643
-0.202542
-0.260475
2.64231
-0.1063
1.09664
0.978949
0.178385
0.249546
2.47282
-1.17237
-0.672433
23.5897
0.191354
0.286998
0.78765
-0.166676
0.129147
0.146653
5.15316
-1.07336
1.63242
3.43542
-2.75182
-0.513658
-0.267984
0.431645
0.409818
-0.317666
0.253725
-0.918837
1.93869
3.52934
-2.18109
-1.86772
-1.98611
-0.70996
1.27596
-0.40463
-2.39017
1.93296
-0.406603
-3.45482
-0.319181
-1.41473
-0.775011
-0.6023
-2.19608
-13.4446
7.62582
2.17001
2.01773
-0.949745
-1.54095
-4.63255
0.265596
-1.19045
0.0922653
0.309415
0.480595
2.12272
4.5796
0.88151
-3.36248
0.797132
40.9284
0.796176
-1.28947
0.300817
3.48102
-0.172026
12.0712
-0.310951
-11.5201
0.486758
0.164239
0.853806
5.24872
1.22989
0.199802
-0.248011
-0.245822
-0.0719774
1.49266
0.220278
-1.71848
0.685327
103.888
-0.742159
0.322699
-0.899745
-0.350643
0.612733
0.282797
-5.08934
-8.56693
-2.04884
-10.5825
9.56625
-0.867277
2.25864
-0.0662064
0.976769
-1.54952
-0.535705
-28.7207
-1.39937
-0.796808
2.22123
-0.329018
-0.409327
-1.38699
-7.72243
1.97634
-0.218096
-0.944143
-1.11977
-1.51212
0.396273
0.45948
0.189764
-5.21779
-0.863008
-1.0755
-0.760695
-1.28962
0.638297
-0.597155
3.85155
0.966451
0.165516
-3.58039
-9.87564
2.71118
-0.619487
4.69237
0.852856
-1.64241
0.121775
-1.04158
0.397349
4.2508
-1.33684
22.2523
-2.90614
2.05225
-0.827974
-0.625697
-0.884962
0.0587339
-0.148389
0.579422
-18.4654
-0.611327
0.233227
-0.483008
-1.9693
0.442024
12.5665
0.330552
0.159704
0.405648
-0.516295
0.612055
1.80413
-0.1745
0.930336
17.1316
0.205281
2.44177
0.0985366
-1.16951
-0.00256567
-6.08035
-1.43226
0.679051
-1.99041
0.515106
-0.0456254
3.46092
1.09621
1.86772
1.04263
-5.36349
-1.0785
-0.145682
-0.501632
-0.444945
-5.60897
-1.68373
-0.278485
0.234822
-2.14472
-0.0518006
0.477084
-0.0675327
-0.129986
-0.645113
0.608973
0.658058
0.439495
-1.73101
-1.8005
-0.353973
1.00994
-1.16494
-0.350468
0.360873
0.535523
0.945092
-0.510425
0.391748
0.808568
0.496177
-3.12041
0.448352
0.194435
0.269147
0.0226298
-0.992453
-1.20384
-2.1693
2.00561
0.758262
0.0151681
3.97304
-2.64423
-0.259326
0.23228
-2.3698
-1.06179
1.82448
-0.12067
-0.207519
-2.13198
-1.5975
16.2219
-1.11267
-0.968646
0.455152
2.02468
3.58426
18.5673
-0.509197
-1.73091
0.587888
-0.27847
0.218358
-0.406646
15.7643
-0.0105018
-0.39667
-1.38783
0.545177
9.24559
-2.11354
31.0586
-1.21883
-0.509224
0.188607
-0.991466
-2.21966
-0.59805
2.24304
1.80824
-3.20013
-0.153983
9.62724
-0.142077
-0.109124
0.0113409
-30.9576
1.73522
0.224955
-0.0723211
1.3324
-1.02918
0.641001
0.127165
-4.6556
-1.51917
0.0355928
0.770353
1.66969
2.03212
11.4904
-0.457538
-0.861283
-0.133423
-0.0458554
1.3005
0.0615775
26.1232
-0.137797
2.90874
-0.940616
-1.49085
2.36133
3.41452
-0.563306
1.69787
0.499263
-4.83039
29.605
0.68068
3.80051
-0.346287
0.800515
0.972821
-0.447077
-0.334877
-1.02248
-1.03988
-4.72085
-2.6468
-26.383
-0.0710073
0.0707164
0.939952
0.545575
0.38793
-0.145156
-2.24516
-0.136775
3.67084
2.31746
-1.57798
1.28192
1.09471
3.28027
2.26117
1.47089
0.896878
-11.5035
-0.403348
-1.44578
2.13865
-0.318188
2.69982
-4.98774
-24.8851
0.5264
0.77506
0.240135
0.493221
-0.580593
0.190332
7.20727
0.900489
-0.109519
-0.461371
0.847417
-0.455309
-0.34971
0.0701976
0.25942
0.824199
-1.79134
-1.17793
-1.00254
11.7093
1.0565
-7.80393
4.23818
-6.61636
2.35027
-4.07458
-0.206685
-0.892762
-3.07725
2.15691
0.258326
1.58086
1.81347
0.511278
-0.253874
0.345991
-2.3318
-4.25335
-0.218964
-1.0984
4.36416
2.5339
-1.73676
-2.59505
-22.5697
0.107596
-1.84682
-2.2808
-0.235486
0.320149
-1.07956
0.405749
-29.3905
2.02944
-0.395564
-1.98641
0.734886
-2.05261
1.68515
-0.492039
0.13493
-1.16085
-0.127948
0.742832
3.45218
2.62908
-0.143807
2.72736
0.162912
-2.55849
-1.1128
0.530692
0.66476
-0.236203
-13.2451
-0.055012
-1.70519
2.05147
0.693163
-0.879211
0.147312
1281.64
-2.15467
-0.686518
0.0813641
-4.29475
-1.40483
-0.696796
-0.419277
-9.30548
-0.117508
2.11094
-0.565163
-0.185387
-0.175724
6.44422
0.293554
0.180307
-31.1923
0.965379
-0.713965
-0.40038
0.748692
12.6391
3.81845
-4.46496
-0.557617
-0.880459
-2.41696
0.123767
-2.09066
0.630161
0.298129
-0.012599
-0.930838
-0.356019
-5.77746
-1.3882
3.51757
3.38155
-0.687725
0.158881
-0.828871
2.81526
2.89866
2.7318
0.509834
0.867761
0.646115
-3.56174
0.487222
0.489698
1.69408
1.80732
-21.9266
1.96997
-1.15525
2.53931
-1.55954
46.4289
-7.65106
0.0803414
-0.871181
-1.38305
0.330328
-0.543147
6.38518
0.0161531
0.422758
-0.180339
4.54267
-1.1214
0.964925
0.511904
-0.819014
1.46548
-156.314
-3.2767
3.7538
-2.85427
0.35382
0.528128
0.0132659
0.917612
1.90466
0.579711
-0.997945
-0.748698
-2.61714
-0.492032
-2.22378
-0.144438
-1.7828
-0.949248
20.3808
-0.590006
-5.63681
-2.13563
-6.31461
0.538
7.13993
0.231797
0.234667
1.12708
-0.979401
3.2031
2.23458
2.13406
15.6104
0.545297
7.69981
0.320706
-3.45007
0.251111
-0.118333
14.2874
0.400372
1.65614
-0.555746
0.10396
0.294757
1.10326
-0.356215
1.80831
-2.32316
-0.436068
-0.987552
-2.58124
-0.372411
0.210972
-0.114622
7.08143
-0.968531
-0.580001
-0.0129423
-2.88397
0.459933
1.05703
1.36783
3.86384
-1.00771
0.446068
-1.25038
-1.09923
-8.19029
1.42407
-0.0998773
0.543858
0.187549
-3.12862
0.885693
-0.571
-0.924202
3.72359
0.757197
0.443935
-1.62356
0.114327
0.965844
3.19291
-0.513906
0.76415
0.515124
-0.428803
-0.345642
-0.0364821
0.184998
-0.307997
3.01672
-0.127769
0.0624935
-3.49628
-0.334907
-3.58111
0.40674
-7.42011
0.576705
0.0178908
0.0809277
4.93685
-1.07378
-0.880883
0.268814
-0.762593
-3.54464
-1.65608
3.2136
1.3884
-0.04175
-0.917864
-0.348945
15.4375
-0.399109
-7.9469
-30.1957
0.386292
0.970805
0.56363
-1.50864
-1.2985
2.91167
4.6415
-1.86693
0.315335
-0.7122
-1.88264
22.0795
-3.2563
-0.303751
-0.564463
-1.86763
-1.80318
-1.53113
0.594881
0.347353
0.388195
-0.166012
2.26464
1.6285
1.16012
-3.03138
0.957031
0.135942
-0.17774
1.56009
-0.896872
0.756903
0.823447
0.693226
-0.592458
1.88975
-2.88427
-2.31148
5.78654
18.2361
-2.86377
0.784822
1.69373
1.9666
-0.15477
0.796295
-14.8336
1.36556
0.52247
-3.81078
-0.568965
-1.76911
2.8046
0.692121
0.412513
-3.13121
-0.986169
-0.712832
-1.69975
-1.12228
-1.00865
0.77153
0.278818
1.34397
-1.15923
-0.892171
-1.78134
1.10838
-0.463785
-0.466526
0.924807
-1.95585
-0.784396
2.92247
-1.21109
4.74939
0.0720916
4.26052
0.208236
2.47062
0.288813
-0.311489
0.0881732
-1.31961
0.573362
-0.964726
0.89893
-0.943127
0.737837
-1.94668
-4.53828
-5.52668
-1.58559
-1.5116
0.151735
-0.372311
1.84328
0.622
-3.17336
15.5342
2.2289
3.50877
-1.88518
-1.84215
1.59775
-0.269671
-0.17671
0.536847
0.298521
0.481685
-0.782036
-0.243057
1.86709
-0.0224481
-0.897666
-0.530484
3.81266
8.98613
-3.09201
0.161403
-5.7011
3.61132
-2.39465
2.34048
0.783184
2.84829
0.190983
1.72634
-0.724148
-0.21917
0.484003
-4.65693
-41.1462
-1.32812
-7.41171
0.656078
0.155159
-4.87294
-1.63446
-2.83115
0.00230855
0.0940944
-5.81671
0.838379
-2.59021
0.21568
1.18033
0.301118
9.64317
-3.87761
2.901
-0.27539
-6.11287
0.458607
-5.53859
5.03335
1.42783
0.741398
0.362256
7.87143
-2.7389
-0.331013
-1.46066
-0.517891
2.35915
-0.197409
1.14984
39.6606
-0.294428
-10.5712
1.5203
-1.79995
0.205377
2.61829
-2.52692
0.733889
0.846585
-0.290013
1.07519
-0.875523
0.787785
0.460554
1.10148
0.473806
-0.598912
-0.271881
-136.942
0.525798
3.20241
0.285306
0.326438
-76.2795
0.211329
0.503011
2.3126
-2.87338
-1.17288
3.72507
7.28014
-1.15391
0.292049
1.99103
-4.93984
-0.0614747
-4.18285
1.96189
-0.75906
0.480517
-0.0543193
2.56771
0.397282
3.50976
-0.772405
0.465397
-0.0135065
-0.309274
-0.725298
-4.49624
-0.363222
-1.72334
-6.96121
2.85054
-0.0846115
0.992048
0.850584
-0.0701589
-1.73752
1.08382
0.650071
-0.165891
-0.166807
0.23097
-0.36379
2.43889
0.530745
-6.86265
-0.791587
1.30545
0.103542
0.336036
-2.09236
-4.30976
1.46036
0.0491191
1.00639
0.703465
-0.592204
2.75159
4.2188
-7.44747
1.49982
-4.26773
-0.115347
0.683401
1.31594
3.52114
-0.354031
-0.681904
-0.503571
-1.00837
-0.827844
2.09508
-0.00973845
-5.44636
-1.97635
-0.0628727
-1.12427
1.12479
-11.6553
0.0958328
0.409504
1.09418
-0.832401
2.29956
0.192341
2.68838
-3.14485
-2.36105
1.64372
6.38714
0.922345
2.19418
1.11615
-5.02966
0.332349
0.445736
0.544351
0.540071
-0.530106
253.445
-32.5766
-2.4756
-0.606781
-0.292568
1.83328
0.310448
-5.51925
2.50106
-0.316634
-58.8369
-1.29485
0.186759
-1.41465
-1.94653
-60.0044
-0.339376
-0.562802
-0.758283
-4.6298
-5.9628
-1.41013
-0.0890571
-0.334879
-0.469566
1.12523
0.0190977
1.39578
-2.18054
1.38296
0.892557
-3.28621
-1.15096
-193.46
-0.437468
-1.358
0.765312
0.319225
-8.20429
-2.84504
2.02711
0.244157
-0.207933
-0.41211
19.5258
-1.75582
9.32416
-1.64839
1.29584
-1.39067
-0.141386
0.217997
0.722704
-4.64548
-12.4525
0.0431882
-2.7351
1.26875
-0.596184
30.1108
-0.0544355
0.741424
-0.497956
21.775
-1.15954
0.336319
0.526249
-1.74341
-0.508267
19.6817
-0.637744
2.53441
-1.74914
0.686729
-0.832652
0.237406
5.23047
-0.647469
0.0923175
0.0968467
-0.49099
1.44534
-0.702313
-0.731076
3.97532
0.267373
-1.43503
1.9393
0.285337
-0.97689
-1.50726
-0.801759
11.5603
3.91258
-4.06261
-0.917585
-4.25326
-0.354673
1.30285
3.42108
-0.10246
-0.554783
-1.20866
-3.43419
-0.648842
-3.10826
-0.0404001
1.29605
1.01933
1.06273
1.73631
1.00698
0.378167
-0.532678
0.610879
30.1144
-0.560275
10.1549
0.400346
-1.1001
-14.7671
17.9292
-2.57122
-0.306652
-0.0180748
1.35268
-3.12301
-8.78229
-1.18083
1.47112
14.5269
0.736009
13.7725
-0.629215
-1.52403
-5.49785
1.73827
-0.115787
0.21735
-3.35737
-2.16262
1.69347
-0.663898
-1.2471
-0.425899
0.211188
-3.10955
-7.16993
9.79183
-0.870449
-0.00491795
-0.286855
-0.793729
8.44149
-2.64516
0.0193512
2.84636
2.63501
1.37716
-0.00345055
2.2945
0.653466
-3.77942
-3.47907
1.89909
0.00488736
-0.0240647
-8.99125
1.51626
-3.62923
5.56843
1.00637
-4.84246
2.43787
0.848825
0.305213
-3.49806
0.0976924
-0.395789
1.06181
1.96576
-0.765476
2.35602
-3.30923
-0.702225
-0.0746057
0.159819
-3.43561
0.0748041
2.98799
1.15002
0.024865
-0.318502
1.68394
-0.640371
0.745416
3.73077
0.943422
2.26227
3.16001
-0.763349
0.228265
1.24122
-2.48022
-0.870402
3.28844
-0.961557
0.505819
-0.342952
-1.33516
-1.24351
2.53367
-0.321696
-5.16853
-0.421789
-0.87383
0.468014
-0.702014
2.1491
-0.338606
-1.18469
-0.0341627
-3.65679
-10.2692
4.49545
44.9492
0.0493832
4.24569
-1.32286
-0.118391
3.29984
0.300503
1.3596
0.262065
-7.98736
0.496059
0.515107
-0.222726
-0.34819
-1.08755
0.127619
-0.0141303
-0.228544
4.72776
-0.471662
-4.72662
-4.71778
-0.254285
3.34926
20.7125
-1.56394
-2.72026
0.821033
-1.07448
1.44809
0.514999
-0.946159
-0.904647
-0.429994
2.11909
0.57501
0.533099
16.9845
-71.9751
1.33906
1.47636
0.524658
-0.768042
-1.52451
-6.09724
-0.058105
0.805525
-1.13349
1.65615
-0.254622
-2.57858
-1.05016
2.53469
0.973367
1.32845
13.5385
-0.335254
1.43363
0.882123
1.36502
-2.91821
-0.954508
-0.503414
0.353187
0.1295
-0.953836
1.09563
-0.668598
1.46573
-0.185513
-1.19515
-0.00200623
0.672119
-0.633732
-3.83652
2.85563
-4.369
1.26214
0.94281
-0.924706
-0.823285
-20.7774
-2.55003
-0.214638
1.46306
-3.48006
-2.07149
0.821269
-14.4583
-0.635603
0.569781
-6.34487
0.673693
0.321958
-0.537314
0.0365049
0.082955
-11.3319
-0.572947
0.168864
2.17914
3.26435
-18.1544
-0.431802
-0.539905
-1.01868
-2.64434
-0.299002
4.95552
-1.38808
-0.255868
-0.377299
-2.74672
-3.65383
0.328177
0.328791
0.572608
0.66528
1.11492
-0.453697
1.08284
0.859199
1.32363
0.181533
17.448
0.0571492
-1.07318
-0.514543
-2.10983
2.30435
-13.7648
0.543861
1.21396
-0.276582
-2.09933
-0.337465
-1.37948
1.02013
-1.31639
-0.866648
-2.14065
0.510248
5.15705
1.2703
-0.539481
-0.365918
-0.0776128
4.36833
0.0137122
-12.5213
-0.193742
0.755285
4.73684
0.251678
-0.125587
0.175285
-14.6349
0.942826
-2.1113
-1.47083
-0.037677
-0.25869
-0.141179
12.4492
0.569384
-0.6759
-0.277346
1.4853
-0.742166
-29.7015
7.86863
0.204989
-5.18335
11.7407
-0.464593
0.340614
-8.36239
-1.10764
0.119338
-8.29851
-1.05572
3.04462
-0.2445
-1.31136
1.00689
-1.76405
0.316109
3.2671
-0.13545
-0.508587
0.315384
4.13616
0.168496
-2.17335
0.312339
-1.88838
-1.14165
0.795823
7.35785
58.8062
-0.441308
-0.68807
2.34104
-2.51895
-0.540468
-2.15079
-0.520909
0.590854
-1.27752
-0.454861
-2.28901
0.322749
-1.42402
0.328
2.47888
0.0528631
1.79911
-0.522307
-25.8443
-1.8198
0.747442
-11.486
1.31336
0.194262
-1.05991
32.8655
1.23197
0.247367
5.44478
-0.383565
-0.443219
-1.22447
-0.270322
1.18735
1.71197
0.654055
-0.354196
1.14574
2.04057
-0.803937
8.11394
4.16427
1.32178
-0.684237
-1.39145
1.49185
5.16291
0.0591439
0.324547
1.12878
1.73489
-0.602453
1.11649
0.0971629
0.0798027
0.0970661
-1.02427
-0.595668
2.55697
-1.86923
-0.91549
0.159021
-0.186849
0.890065
-0.558125
3.84452
0.869025
-0.266024
-5.93628
0.162073
1.81607
1.69399
-0.287033
6.91251
-1.65202
0.591058
2.40855
-0.341118
1.36303
-0.653545
-0.234002
-0.590704
-3.78601
0.149704
5.35256
0.362825
-0.626782
6.62558
-20.5157
2.79069
1.9584
11.3961
0.499843
-1.33207
-12.1733
-2.94872
-0.800222
3.51988
-2.81271
1.21042
-0.467552
-0.952057
0.1407
0.10872
0.190146
0.429325
0.658397
-3.59201
5.79415
-21.0163
0.429938
2.88565
-0.685508
-0.342234
1.65099
0.406778
-4.57304
1.08605
-4.34617
-0.751014
-1.08599
0.233614
0.490611
-0.0664162
0.348773
-1.40386
-0.039776
-0.578626
2.72068
1.45433
-0.645034
3.99279
0.0860816
-0.194116
-1.42616
0.874102
0.121665
0.546197
0.519037
2.43193
0.562879
1.26877
1.07437
10.7219
0.509135
-3.03364
0.54463
1.42436
0.33643
-0.403992
-0.52331
1.16202
-0.366364
-7.06212
-0.22978
-3.00076
-1.23962
-0.113786
-10.8766
-0.930214
0.102086
1.1892
0.0716309
-0.303489
-0.139037
1.94217
3.69808
-7.21837
0.625784
0.0547769
-0.92477
0.575525
2.05384
1.50747
0.363063
-0.317674
4.49175
0.594406
1.98035
3.95914
-21.8028
5.29905
-0.854482
0.951977
-0.265836
1.95017
-2.48804
0.883899
0.77339
-0.9178
-0.0928493
-0.791479
3.06445
-0.981877
-0.531798
-9.29748
-121.528
-0.71901
0.881549
-0.214954
0.241428
0.480587
2.02524
-0.701422
0.112057
-0.361948
-0.834929
-28.8046
-0.863901
1.61533
0.0753099
-1.01794
-7.74919
-2.23632
-2.12017
-5.65478
-0.747301
-0.0875653
-1.34161
-1.16369
-4.12318
6.30519
-92.1365
-0.292004
-1.0683
-0.324351
-1.08719
-0.514155
0.853809
4.84101
-0.818011
-0.109278
18.1696
-4.20688
-0.124388
1.61123
1.55336
0.470044
-1.49542
1.32605
2.34791
-0.179103
2.89809
-1.36137
-1.76274
1.29908
0.826857
-1.71221
0.295126
-0.14378
0.367797
-3.451
-9.61582
-0.259242
0.842772
2.31199
-3.04681
3.27843
-0.147479
-25.0365
0.716138
-3.47013
-12.9267
1.11611
1.35509
-0.566777
0.255041
0.276716
-1.36588
-0.431861
-18.9254
1.82349
-1.64157
1.1409
0.0832305
-1.96189
0.377255
-1.13837
1.55443
1.78285
3.02141
-0.336569
-28.2827
-4.85615
-4.38924
-1.17382
-1.40584
0.38336
-0.831596
71.4601
1.05067
-2.1388
-0.273728
1.09209
-0.0571584
0.921692
-0.262735
-0.46698
0.679926
-0.0159197
-5.07134
0.376762
-0.733111
9.67075
-15.8199
-0.467844
-23.0901
5.58608
-0.0330808
-0.278659
-0.87941
0.0214674
-0.722872
-2.29322
1.51922
0.590975
0.224473
-0.267868
-3.559
-0.0200961
-0.0101241
-0.170464
-0.360467
-0.911952
1.36264
0.600021
-0.0376628
-0.199756
0.351428
-0.126098
-2.51163
-0.14119
0.634643
0.841724
2.20981
-3.61383
0.548241
-0.991741
-0.00500473
-0.567093
0.120158
-0.0235167
-0.406814
15.2789
0.128888
-0.29132
-0.34184
6.6575
-11.9045
-1.84324
-0.177029
0.304147
-0.452733
-1.84215
-0.57103
-3.58304
2.80495
-0.0389359
1.70186
-0.424333
-0.812734
0.0332204
7.40517
-0.542049
-0.486051
-2.97926
-0.200438
-0.118541
0.0629782
-0.297119
1.60478
0.843971
-3.17586
-0.0647872
0.312343
10.7163
-7.89631
0.502784
2.24241
1.79146
1.3703
-13.2246
-0.210953
-0.118172
2.35718
-0.684231
-0.259547
-1.97977
0.463261
-0.796402
1.30485
-4.22966
-15.5098
-0.850726
-0.821498
-0.185398
-0.411188
-0.314595
0.004415
1.27261
4.25494
0.770213
0.0252066
0.127196
2.70378
15.466
-2.26917
0.224821
0.797938
0.894567
-3.76129
-0.862875
40.0569
0.237708
-0.429972
-0.606274
0.137001
2.02418
1.27029
-0.347057
2.02161
-3.09533
-2.31372
2.57548
0.488326
-0.861559
1.23693
0.525449
2.55486
-24.5253
-0.0777382
-2.37431
-2.90182
-4.83679
2.86726
0.144024
17.3857
-13.615
-0.714501
2.97381
0.732441
-3.80421
2.30516
0.157991
0.671828
10.5616
-8.12355
-0.879586
-3.7142
-1.18212
-1.08939
-0.279505
17.265
-0.776485
-0.143997
-1.2241
-3.95033
-0.0531328
1.32248
5.16648
6.40646
-4.04756
34.0876
1.11859
-3.30371
-4.12249
0.0151423
-2.5125
0.350265
-0.509155
-1.83797
0.453202
-7.05493
-0.80613
3.74106
0.0414432
-1.59994
0.244824
-0.480161
0.455983
3.5342
0.447105
0.623575
-1.39653
10.083
2.30079
0.302164
-0.106153
1.12729
2.05513
0.431119
-7.20765
-1.25132
0.143435
0.552917
-3.80115
109.868
0.40353
-0.537688
-6.56611
1.57881
0.230827
-1.18238
-0.39408
3.39685
-4.27853
-0.442978
-0.244267
4.08373
1.611
19.2342
0.953032
1.72718
0.113736
-1.69045
-0.653064
-1.01056
-0.238424
2.15354
-0.581832
-0.537617
2.57268
2.80196
-0.261913
0.0440651
1.34256
0.502592
-0.372473
-1.73642
0.200729
6.99684
2.62315
3.46399
0.996264
-0.602036
-2.19263
-2.75913
2.73217
0.677653
-0.0497921
-7.36244
-0.274551
2.30761
-0.926924
-5.54748
0.79718
2.37868
-0.458437
-0.546385
0.166465
5.64609
-0.139619
-0.663038
0.550399
0.945452
1.51088
-5.6679
-1.05982
-0.318784
-1.96108
-0.103116
-1.77912
-0.726902
-1.7799
0.256564
0.303252
0.961839
0.0331104
-0.0441984
1.96585
0.591132
-0.272977
0.788907
0.309487
1.94131
-0.517727
0.328175
-0.00707718
-0.11423
-2.22418
-0.399796
-1.08067
-1.05953
-0.569812
-239.264
-0.891276
-1.19856
0.730459
2.72451
-3.12925
25.1511
0.692966
0.532637
-1.5244
0.580675
-0.754018
3.57789
-0.42665
-1.51213
-0.496642
-0.327089
4.18089
0.865439
0.875424
0.860887
-0.808037
1.35435
-4.97574
1.29566
0.914838
0.632102
-0.285802
-8.45442
-0.0890743
11.6653
-0.105012
-103.098
-0.380047
4.20348
-0.202028
-0.0484137
-52.6989
152.824
0.302002
-0.60311
2.45661
-1.33189
1.52431
2.34425
-0.398245
-0.183408
2.34952
1.41541
0.226419
-0.407429
-1.11921
1.56195
-0.805735
0.232192
-0.592231
1.39237
-0.567921
-1.71257
-0.795539
-0.0520907
0.310785
-7.01686
-6.06615
-2.68786
5.97228
-0.0385356
1.82166
-0.152144
-0.0706123
-0.341114
0.726209
-353.624
-1.00345
0.733632
-0.729153
1.10143
-0.427423
0.211226
0.575008
-0.784689
0.425627
-0.198588
0.551767
3.08515
1.56243
-0.34222
-1.22288
-0.0189048
1.18059
0.564219
4.04613
0.943948
3.64107
-0.0720509
0.460903
40.9843
-0.967427
-0.236241
0.206542
-0.233745
3.04281
3.54139
-0.291958
0.06029
-0.359774
0.82944
2.75005
0.514856
1.52604
-1.32832
-0.433018
-1.59232
-0.464403
-1.50196
2.85033
88.2803
-1.41419
-0.284682
-1.07401
-9.15191
8.41345
0.653612
-0.0270482
1.68575
0.994245
-1.2451
-6.48156
0.751619
0.404406
-6.15091
-4.163
0.535647
-0.109633
-21.5564
0.982132
0.514572
-1.31134
-0.229198
0.209528
0.403178
-9.25582
0.890231
-0.802651
0.593745
2.54981
-0.215005
0.590137
-0.400134
6.33241
-0.768616
-11.901
7.22356
-0.895988
1.85122
-4.72206
-0.4859
16.174
-0.345461
0.368037
0.347394
0.96226
1.70586
8.16626
-0.977468
-0.028437
0.535943
-0.106809
-1.22992
1.17498
-1.94588
-1.50699
11.1975
2.1977
0.770298
-3.61471
-1.33911
2.41868
-0.438666
-0.434246
-0.304744
0.525195
1.54974
-0.120415
0.492959
-0.174615
0.434061
-2.85964
0.222252
1.73194
6.43163
3.08982
0.322985
-0.453988
1.22651
-2.08585
0.117325
-11.3953
-1.31387
-0.231342
0.822937
0.997184
0.670443
1.22562
-5.04036
-1.48634
-0.359027
8.00823
-1.06006
0.238615
1.45622
0.951713
0.1194
-0.849843
1.16739
5.39064
-2.54697
0.824572
-0.864226
-1.17239
-0.898072
0.527939
-1.11583
-1.14742
0.0216973
0.489935
-5.65477
0.532866
-4.55852
-0.348174
-0.312089
0.0483577
209.47
-1.31618
-1.59126
-0.669158
0.133758
-2.86442
-0.126536
0.881911
1.90019
-0.0219982
-1.23149
-0.23327
0.131886
-0.313588
0.710767
-2.17233
-1.60087
-0.101469
2.78697
-1.64168
-1.12936
3.09984
-2.36611
-0.701415
1.90836
4.03215
-13.2589
-0.5133
5.90876
-0.621332
4.65894
2.68935
-0.623858
0.986987
0.812039
-0.514439
-0.0133021
1.08957
2.39605
-0.14011
-0.598675
-0.617053
2.73857
-1.62164
0.830201
-0.330288
-0.557541
1.58315
0.114492
7.19253
-238.718
0.764713
0.568659
-11.4276
-14.358
-0.347975
-0.3419
1.23856
-2.88118
-0.643631
0.328739
-0.824802
-1.01089
-2.363
10.0026
-2.03205
-0.91447
1.58325
1.92049
-0.634694
-5.14555
1.20352
1.16653
-0.863281
-2.79977
4.64287
14.4115
-1.74458
0.168095
-0.220581
-0.546237
-1.42725
-1.19514
-0.70254
3.48133
0.367624
-0.154291
0.859074
-0.581635
-1.07851
0.130346
0.936855
-0.751424
1.6319
1.08766
-0.285366
0.903259
34.6441
-0.816983
-5.16925
4.75254
-30.8913
0.412569
0.292162
-0.74864
0.787547
-0.219577
0.221892
-2.29761
-2.9385
0.920135
0.650996
-0.123812
-0.823636
-144.463
-0.274393
2.35757
-0.21949
-1.5003
-0.0528999
-0.724607
-0.277258
1.52705
-0.472447
-0.133492
-45.4496
0.215967
-0.305304
1.58951
-0.733386
-1.10602
-1.23104
1.37155
-0.946903
-1.0272
0.282939
0.524713
0.338709
0.248689
3.76765
-0.109049
2.27065
-0.642717
1.10598
1.89653
-1.17965
-0.072125
0.798585
-2.65292
-0.557936
-0.97219
-3.75619
-0.820984
0.182596
-0.448774
1.04457
2.58011
1.59429
-8.65346
-0.0270322
0.0791938
-0.511969
-1.76053
-1.63671
-1.04051
-1.65952
-0.795952
1.37786
-1.21971
6.62122
7.81943
-2.72489
0.377851
-265.729
-7.48571
11.8232
-1.50045
0.828755
0.867176
-1.92127
-0.765212
-0.0710888
0.641945
2.60172
0.40482
1.03035
2.30193
-7.16937
-6.08056
0.541919
-0.650188
0.310546
-1.15866
-0.896025
-0.0912611
0.649501
-0.665896
3.37319
-0.626166
-0.786719
-9.00205
-4.09419
-1.72083
4.68492
1.9674
5.13441
-3.42113
-406.96
-30.9029
-0.314442
0.453935
0.688975
61.8896
-0.192328
2.20583
-2.2122
7.95396
2.17688
54.4837
-0.9072
0.169455
0.859325
0.668783
-0.305628
-3.1183
-75.4891
0.918011
-1.1991
0.306995
-1.74682
0.235149
-0.269938
-0.980001
0.134441
-1.80291
-0.270898
0.934277
-0.803725
-2.46891
0.394294
7.80193
1.14654
1.6892
2.43121
2.87073
-2.24792
1.15619
0.551297
-1.98668
-0.387354
2.13635
-1.96114
-0.306013
-2.18094
-1.93726
0.301836
-1.36698
3.15566
0.492344
2.0641
38.1253
-0.756779
-4.83608
5.9994
-3.42903
1.55912
0.776242
34.1479
0.146222
-46.2633
-4.00984
-7.09854
1.76089
1.2797
1.15932
-0.206964
-0.519358
0.47354
-0.625319
-0.96613
0.0445278
0.617312
0.579109
-1.01386
0.134342
-0.642282
-0.0515005
-1.57627
10.6333
1.29306
0.148336
1.84193
1.45535
-2.87073
10.7528
1.14984
-5.08625
0.449798
-0.659408
-0.046695
0.0662607
-0.300685
-1.75692
-0.343763
0.9969
1.38128
0.513303
0.711708
0.118785
0.768469
0.519472
0.510869
3.6627
-0.596114
1.98734
-1.52901
7.28387
-0.631282
5.22536
-0.271798
-2.88819
4.55124
1.13567
-0.570515
-0.820933
-1.06069
0.889258
-0.717298
0.544696
-0.431043
16.1202
0.146293
-1.75275
5.63871
-0.658506
-0.247823
-1.12354
-0.670177
-0.472299
-0.413579
-2.91838
0.934635
-2.49095
0.124576
-1.64959
-14.5807
-0.43431
-1.51538
-0.326764
0.204807
0.813925
2.6362
-0.0794706
-1.71779
-4.91917
1.07407
0.302088
0.583326
0.43297
1.12204
-1.0469
0.375645
-0.99359
2.50193
0.787853
-0.0620835
6.6447
0.123435
3.52899
0.167603
1.61212
-4.87904
-0.736267
2.14384
0.293718
0.177889
0.353386
5.15596
-0.85547
2.41007
0.054039
-6.05439
-0.81422
0.674528
0.562625
2.20607
3.04687
1.1527
0.0699462
-4.11869
1.57387
0.300865
-0.165199
0.304708
-0.13839
-2.96698
1.37405
0.159751
0.136967
-20.8434
-1.47567
0.0172881
-0.27946
2.27599
1.04425
1.75232
-22.1734
0.39238
0.114968
-0.82819
-0.539554
-0.417099
-0.455835
-2.37928
-0.385592
4.25416
-0.331109
-2.31606
-0.623176
233.338
8.18962
0.283936
-1.31888
-0.450465
1.50837
-1.04506
0.831151
0.804354
-6.78168
-0.367763
-0.908261
-0.37323
1.42266
-5.55105
-8.3266
-0.18992
-1.51759
-0.068254
-2.1706
-17.2028
-1.93697
-0.294172
0.490715
-3.78921
0.241678
-0.567047
-0.0571688
1.96504
0.600961
0.453806
0.743109
3.48499
10.9322
-25.7104
-0.896328
11.6436
-1.9364
-0.529781
-5.00049
0.657046
0.195291
0.515454
-3.65763
-8.48698
0.498041
6.19272
-0.910869
-0.101744
-0.696503
0.646028
0.449639
3.92947
0.30323
-2.4975
0.802521
3.50573
-0.345272
-1.05805
-1.08274
9.33411
0.0705743
-3.10029
6.02322
-0.605125
-2.48233
-3.406
-2.49549
-0.313194
-0.705077
-5.25337
0.194406
-14.1283
1.84187
-2.19222
-0.391902
-3.44365
-0.357539
0.669194
2.62025
-0.00875132
10.7255
1.09463
0.885169
-1.24706
-0.0786676
3.50059
0.385841
-0.691736
-0.135919
6.93053
-0.228337
2.12734
-79.635
-1.0363
-0.206175
1.59276
1.52834
14.3574
-0.0660255
-2.88748
-0.334241
-0.517089
1.11736
-1.0919
-4.58033
-0.310622
-0.334429
5.64276
-1.70831
-5.9548
0.309489
0.229212
-2.726
-3.36159
-1.12
1.48795
0.62594
-0.213919
8.50399
0.394136
-0.168483
-0.202204
-0.483409
-0.495312
26.5223
0.187271
-1.75906
0.280636
-1.79183
1.54145
-1.66794
-3.15308
-0.691832
0.0243528
-0.340697
-0.972843
0.860072
-1.3202
0.059174
-3.13989
-1.81488
0.317307
4.2776
-0.760751
0.502803
-0.0934623
2.86558
0.343496
0.911059
5.92751
-0.858869
1.77775
5.07144
0.979598
-0.376678
0.676232
1.06273
1.03155
0.425897
5.60225
1.24428
-0.169911
-0.888632
5.03611
-5.55635
-0.924706
-1.23187
-1.23113
1.0359
36.2704
2.14375
-5.69258
-1.39829
-63.3297
-0.686299
-6.03244
-1.04065
-44.3562
0.192282
0.421285
1.18664
-0.338881
0.755164
1.24547
-14.0211
1.29204
0.687322
2.0412
-1.20254
-0.357325
-45.3865
-0.030291
-72.4395
0.561697
1.06394
-0.405238
-4.7169
-1.56621
-1.29239
-1.37243
-2.27883
-1.10369
-0.280495
-9.35572
-1.37987
0.65853
1.4944
-1.02276
0.225734
-0.195662
-0.515611
-0.520579
-0.00905875
-1.13412
-0.708459
-0.0900929
-3.66641
0.390987
-0.86496
0.201186
1.68656
1.83758
-0.875949
1.9516
-0.634617
0.268229
-0.456199
24.5161
-2.12248
-1.42331
113.007
3.90676
4.08593
-3.77067
-1.64311
-119.289
-7.33286
4.84335
0.170248
-1.62274
-0.965717
0.278614
0.39331
-0.037463
8.07938
-0.145916
0.898343
3.43169
-3.61992
44.4389
-0.582708
0.546725
0.439708
0.179451
0.0279474
-2.09719
-0.819126
-0.282942
-1.30389
-0.736058
0.686793
0.00483
0.938649
0.0132828
0.442546
-0.0566517
-2.5301
3.50281
0.475868
0.901691
17.2359
1.12841
-0.562432
-0.448562
0.910419
-0.866727
0.259419
0.924988
8.1444
-1.57339
-6.20718
-1.12169
12.6747
1.37981
-6.21924
0.156181
-0.647497
2.81324
-35.2484
-0.895541
3.35499
-0.0534137
-1.32553
1.99181
-2.01463
3.40026
7.38912
0.261543
2.1996
-0.628976
0.652748
-0.270029
-0.896556
-1.17243
0.21379
-0.0848767
2.79721
-0.0905361
-1.2392
0.533401
1.39322
-2.13933
-0.19117
-0.853067
-0.331218
0.0482736
0.42606
-6.13061
-2.41671
-0.374271
-2.90379
-1.04706
0.902707
5.74889
2.6038
-2.32585
-1.28086
0.313865
-1.30422
1.59983
1.91836
-0.125232
-1.46955
-6.9105
2.22283
0.230595
-0.953178
-2.19155
0.374617
-1.5316
-0.520181
0.245545
0.410198
-0.955942
-2.08274
-0.81846
1.47984
-0.860783
-0.593362
1.00114
-0.738041
3.49351
-0.511793
-0.869719
-4.95265
0.280483
-2.97285
-1.36251
-7.41735
-6.64009
0.322614
-1.26185
-0.141215
1.83241
137.81
1.25403
1.39573
-1.7109
-3.43239
-0.595499
0.167216
4.72751
1.98302
-1.74097
2.12209
3.03553
2.57027
-0.951447
1.56112
-4.2177
2.47513
-8.74725
-2.26767
-0.733917
-1.08872
5.2478
-5.59781
-5.09503
2.65897
1.48475
5.7211
-0.611406
0.715123
5.74303
0.452824
-0.584248
0.0365414
-1.21967
-0.470826
6.20786
6.0802
-3.13499
-0.680124
0.771983
1.66185
10.5803
1.35214
5.3282
0.40619
0.239617
-9.59835
3.19031
-0.313481
0.797146
0.448881
0.0438882
-0.253286
977.712
-1.22573
-0.672275
0.275031
0.893486
3.51634
-2.77035
-3.08327
-0.888392
-4.40924
52.6085
7.22832
0.0692309
0.840806
-0.769057
2.45314
-0.915155
-2.51755
-2.86719
0.0854687
-0.114636
0.457638
-1.43753
1.43847
-0.868838
-2.11366
0.926615
-0.586743
0.620276
-4.35012
0.926755
-1.08787
0.266206
0.53316
1.24181
1.89164
0.769992
0.735374
-0.634005
0.320962
0.717106
-2.02962
1.57012
0.0787657
1.11012
-0.0604417
1.44352
-19.8945
-0.826706
0.184542
-2.4963
98.2432
-0.408042
0.896014
-3.49903
-1.02294
-1.49272
0.608181
5.55433
-2.18763
-0.0296207
-4.09574
1.13935
-0.264436
0.888664
0.67565
-1.01022
-1.10861
-0.59386
0.844734
5.61591
-0.932763
-249.619
-0.79638
8.92435
-1.09173
0.16626
0.410814
-1.17216
-1.11821
5.01172
-0.336235
-0.940244
0.806604
-3.38255
-1.27931
-0.422244
1.56637
-1.57167
3.15776
-0.647277
-0.172417
0.838598
0.453055
-4.48484
-0.554841
-0.00458224
-0.425664
0.186613
0.517179
-0.616888
0.88741
-1.13722
-1.22315
-5.24054
2.45895
3.01787
-9.85479
-0.156082
-0.266128
0.830462
1.07428
-0.899454
-0.281875
-3.42537
0.849787
1.54107
3.28495
-0.518951
-1.43968
-0.388143
-11.1589
0.182043
3.85903
0.429632
-1.8668
4.4376
-9.5746
-0.122258
0.000885596
0.169669
1.7617
-3.82338
-0.0898431
0.549462
-0.254116
-0.295983
-4.51133
0.612753
-0.767183
4.09027
-0.378476
-1.85819
-0.287805
1.16253
-41.6618
0.775876
-0.475756
-0.886917
0.636218
-0.608303
319.16
0.508512
-0.497794
0.0776952
0.103456
-1.88975
1.52305
-0.707296
-3.81832
-0.449397
1.67821
-0.936948
-1.19381
0.373567
0.236843
1.62169
10.1675
1.34075
1.12795
-0.630428
3.36133
-1.04422
-0.904109
0.395666
0.241754
1.72143
-4.613
0.870415
1.71753
-1.18816
1.42669
0.655594
-1.20455
1.03609
1.2125
1.89877
-5.33938
2.04209
569.614
1.5003
2.40703
0.479724
2.48061
1.84724
-1.06794
-0.526675
0.0758968
-1.2916
17.0709
-1.34295
-2.37122
0.446036
-1.66077
-0.149103
-0.848904
-0.893035
0.367393
0.917257
0.676279
12.6229
-0.506708
0.100511
-4.17143
1.62438
0.185661
-6.82765
-3.35581
-0.0857091
0.378611
2.28009
0.107095
-44.1712
-242.977
-0.145432
0.360338
0.699666
0.251806
-1.00173
0.476825
2.80146
1.87142
-1.92774
-1.36855
0.0718614
-1.05122
-0.591674
0.0559965
0.533708
-0.199864
1.13872
0.863059
-0.402962
-0.434179
-2.79588
0.77142
0.53764
0.0982395
1.52047
1.02109
-3.67385
0.978669
0.637368
-0.55812
4.41242
0.847113
8.45456
4.89489
5.80971
0.681487
-29.1543
1.63859
-1.42899
-0.218317
6.36451
-5.34739
2.19584
0.301493
-0.347492
0.508583
-1.66139
-0.653062
0.276617
5.77316
-10.3435
6.69304
-0.464118
-2.28717
1.02699
-3.69526
-0.644785
0.250868
1.18883
41.5524
0.525839
0.309874
-1.9854
-1.02894
1.01217
5.41421
-0.138817
0.357324
-0.776945
1.54656
1.31964
-4.917
0.168099
1.6427
0.704115
-3.40033
1.63731
-0.00631214
-2.07095
-2.20318
1.36397
6.44037
-0.639017
-0.0429761
-0.61417
-1.59714
-1.5989
0.391054
1.48073
-10.786
-1.10739
-3.26498
0.128832
0.0634127
-2.27581
0.908604
1.44885
-0.447173
0.459265
-0.780761
-4.00323
2.88576
-1.05336
-1.16082
-0.0643552
-1.67176
-0.530829
0.114001
5.46426
-12.221
-3.03688
-0.156979
-0.645089
0.693749
-23.8106
-0.287245
0.941693
0.158474
-3.43228
-0.454783
0.454961
0.51221
25.7817
0.353029
-0.949778
1.66124
-0.664866
-4.43771
0.193576
-0.362966
1.11255
1.99108
-11.1259
-0.548272
-3.47954
0.850864
-272.897
-119.277
-0.365074
0.824214
-0.636415
0.064074
10.6436
0.0703882
-1.00052
-1.80827
-0.739883
1.42899
-0.548886
-3.21537
1.11189
-0.166813
-0.0273935
-0.178847
-0.416612
1.55656
0.83195
1.73535
3.23416
-21.308
0.252956
-0.394173
-0.477472
-4.15045
-1.68677
0.967525
132.579
0.848436
16.5007
0.0517148
-4.10219
-1.56313
1.18446
1.76816
-0.681205
-0.725441
-0.890318
-0.0883269
-0.118751
-0.102478
-0.343342
-0.395657
-3.57378
-0.221353
0.743161
-0.256358
-0.956067
-0.652456
-0.951466
-17.3577
-3.21271
-28.1136
-5.76369
0.860217
0.815693
0.818518
-1.31291
-5.64039
-0.0345928
-3.92546
0.988258
0.124985
-0.603531
-2.2816
-0.493296
-28.6172
-0.476473
1.91198
-0.522973
-0.906098
2.51487
0.860267
-4.68955
0.174642
0.456917
-0.798639
-2.53342
1.17505
-0.600881
-1.10695
-2.84269
1.00215
-0.830433
-0.642479
-0.129034
-0.275591
-12.8351
-1.48169
0.828524
0.792545
2.04451
0.568295
2.05662
1.71957
0.213813
0.603311
-0.757729
-3.16187
1.17654
-0.387974
0.675606
5.37915
-362.935
-0.513173
-4.0109
-0.969633
2.42733
-54.0702
1.538
-0.680822
-7.79492
-1.12838
0.285721
1.7237
-3.07689
-0.321112
-0.102764
-1.58856
-3.24514
0.0267331
0.523301
0.251509
4.3079
-0.32939
-0.00741934
0.745929
-0.325351
1.26145
-3.73585
0.142993
0.618108
1.46227
2.51969
0.0114431
-0.509507
-0.418353
0.78092
-1.54019
-0.472797
-13.3436
2.27377
1.01469
3.86081
-1.40562
0.207088
1.30348
-0.297842
12.95
-4.55385
-0.181832
-2.00543
2.11218
0.314729
-2.32108
7.01462
0.933778
0.883816
-1.25846
-0.108949
0.310511
-0.932726
-0.109018
0.423283
0.664041
-0.945453
3.31741
-1.70126
-1.16762
1.30787
-46.5685
0.15272
0.340237
-1.02588
-0.870769
0.254332
0.642638
0.50861
2.10349
0.626098
0.290484
0.847022
-175.495
182.403
-0.830936
-72.8
-0.807629
-0.539077
-0.352161
2.7597
-5.54862
-0.0284716
1.0123
1.4971
-1.44023
2.09198
0.240028
-0.46661
-0.726035
-0.071637
-0.0280691
2.02796
-0.261632
-1.14963
-0.727655
7.67792
-0.670383
2.38102
0.226636
1.24227
0.107999
-0.618834
6.12428
0.00701459
-3.08674
-0.867049
1.01255
-0.194339
1.15548
-0.149644
-0.131563
0.419489
0.352754
-7.38927
9.89431
-1.20879
2.48217
1.1576
-0.183097
0.433378
-1.89817
0.937252
-0.525845
0.596394
0.69067
-4.7457
0.962745
-0.910948
12.1446
-1.78516
-0.108561
-0.350863
-2.91857
-13.3671
-0.977855
7.1855
0.606659
-1.06193
49.8519
-0.0672623
-0.173006
0.534655
7.14038
-1.5169
-0.0241456
-0.490931
1.7563
-0.574788
-0.0800533
-3.81906
-0.0357281
2.154
2.90951
-2.28449
0.3319
9.14538
3.40139
-2.14556
2.89852
0.812008
-1.7959
0.239674
1.77836
1.55869
-0.244007
0.835023
0.868786
2.08015
-0.589796
-1.5026
14.1145
-9.50186
1.0636
0.368679
0.303017
-5.24919
-1.76985
-0.0978925
0.866711
-0.610803
0.872894
-0.116137
-0.230039
0.101162
1.64209
4.37503
-1.33554
-1.26614
-1.06614
5.98441
15.4346
0.781358
-1.25067
-2.29514
5.02569
-2.06435
2.34486
0.608759
-0.886615
-5.11882
-4.03855
-0.369437
-1.50927
-7.68775
3.74347
0.359245
2.50578
-6.04635
-3.38124
0.467949
-0.188978
7.4697
0.00861285
-0.325055
-0.288387
-0.374704
-5.14243
-0.232484
-0.489236
-1.31174
13.3149
1.22073
-8.61324
-4.34337
0.82236
-6.96864
-3.44055
-0.43052
0.341673
0.977757
-6.15049
5.13427
-2.52426
-33.5118
-0.498457
-9.91437
-0.306558
1.21859
0.177203
-0.701581
1.90724
-269.219
2.81675
0.282899
1.5336
-5.2913
-2.87256
1.25942
0.591421
1.44955
-17.1446
-4.53342
0.312908
-1.76667
-0.00741376
-1.61977
-1.78061
5.06635
-0.856982
-1.91091
2.95033
-0.768112
7.76899
6.7385
-2.56717
0.869044
-11.9883
0.00143439
-1.68589
2.51866
-3.35061
0.8295
-2.9363
-2.8619
8.25665
-0.193912
2.35362
-1.05928
0.904347
1.25156
0.608095
0.885462
2.86843
-3.20943
6.40819
-52.2656
-3.22211
-0.0751714
-0.136149
-0.0729974
-0.615803
-1.91739
-0.595744
1.67188
0.0816883
-0.471107
-16.9545
0.936195
4.38031
0.152271
-2.74817
-8.80543
-1.86541
1.73359
0.898061
0.471301
1.81022
1.94722
-0.247249
-0.505333
1.34612
0.439382
-5.91854
1.77441
2.49054
-0.992466
-3.32489
-0.235997
-0.651937
0.112903
3.74256
-2.08753
2.82793
1.84094
0.0956042
-0.560674
0.946206
-4.79827
-0.986974
4.03925
1.30634
-1.90538
1.68572
0.250616
-0.025955
0.521656
0.113578
153.736
-0.104819
-0.209903
3.66617
19.2542
0.542459
-0.0266376
3.17773
-1.84102
-0.625913
0.348648
-0.749158
-0.224772
-9.63661
-2.29511
-0.957615
-0.517586
1.19953
-0.347823
1.95405
-3.60659
1.15502
-0.668897
-0.061462
0.598609
-0.809426
10.0932
-0.43066
0.637264
-0.485699
0.660463
0.887559
-6.18441
7.67189
1.61571
2.65731
-4.01536
1.75928
-0.593985
-0.578158
-0.96663
8.74338
-13.3643
1.57004
-0.451252
-0.495586
-0.114067
-0.979833
-0.91466
2.40985
0.661154
-5.69871
2.13417
0.239632
3.37556
-0.542648
-0.598936
-0.212922
13.3235
-9.25094
1.03005
-147.169
0.959018
-0.122941
0.102584
-3.47604
0.422105
-0.135427
1.18858
-1.94162
-2.86098
-0.584755
-0.690272
0.584221
4.84064
0.65042
0.372236
-0.212263
-0.611455
1.59555
-61.5095
-1.19574
-0.443496
-0.846463
-1.07091
0.367357
0.17258
3.63312
-3.9339
1.67043
-2.77374
1.11665
-1.66171
-1.40658
-0.852667
-2.56382
-0.0866337
-2.25186
-0.0539734
-6.55476
2.04544
0.117771
2.33835
-1.71049
0.200111
-1.05083
1.81992
13.7391
-6.43691
1.78271
-1.28992
-0.359956
1.16314
0.203011
4.18879
9.18211
0.857647
-0.758849
-4.64763
-0.506863
-0.100743
2.07879
-0.440267
0.233605
0.271142
-0.55265
-0.0433749
0.539133
-0.726979
-45.3369
2.20139
0.135562
-0.333904
61.2955
3.01542
0.986436
0.597708
-1.01362
0.682242
-1.15682
2.22628
-0.0973847
-5.64056
-0.728623
-1.42886
-1.16082
-0.453992
-0.296491
-1.38132
-1.42214
-0.413489
0.258583
-2.64444
0.694862
0.430384
2.81355
0.36231
2.02494
0.476517
-0.385702
4.88801
-1.06797
-0.452493
-0.767237
6.58425
0.759584
6.15218
6.27119
0.921871
0.146081
-0.641353
2.66161
-6.33723
1.44703
0.543465
10.3453
0.304614
-1.64704
-0.337063
1.12796
-0.297029
0.331615
1.29564
-3.89071
-10.0141
125.061
3.42903
8.17167
-4.01629
-7.12334
-1.61511
-0.921701
-0.0210617
2.01239
0.889059
-2.52905
31.2508
1.64912
-0.993582
52.9475
1.15844
1.78034
-3.07379
0.100065
-0.2639
0.596059
1.38597
1.06935
0.0627435
0.355612
18.837
-0.0793126
-0.195354
-0.607958
-0.563957
0.438349
-0.22962
-1.64552
0.935383
0.221964
-2.66904
1.64539
-2.41697
-1.76322
-0.428026
-4.19805
-3.5118
-0.657915
0.367228
-1.11693
-0.0570739
-10.711
-0.776063
-2.83191
0.3767
0.864096
7.53627
1.35545
-30.2766
0.861571
-0.595863
-0.301251
-1.74407
0.68466
1.99965
-2.19957
-1.47212
-5.19389
-0.454414
-0.366577
-1.16242
0.396928
-0.109016
11.4749
1.60352
0.863242
0.599001
2.59926
-18.1739
2.48723
-0.398738
1.00562
-1.64821
1.07732
-0.223603
1.90673
6.55129
-5.55794
12.6712
0.138714
1.67453
1.6909
-0.20451
-6.50589
0.581638
0.693112
3.48847
-0.103058
-0.115112
-1.16288
-0.701726
-0.870778
-0.759618
1.42795
-0.185763
-7.42814
3.24296
1.85916
0.304268
90.71
-0.488033
-1.11349
2.20471
0.517034
-0.360957
4.97624
-0.507035
-10.4268
0.891592
-0.00123127
-0.885643
-3.97688
0.49225
-2.92562
1.80046
-2.49989
1.03113
0.590948
3.32056
0.52596
13.0432
0.509096
0.902617
-2.1042
-8.17134
-0.902484
-7.57815
0.0617337
-0.177586
-4.44793
3.69891
-1.52867
1.28737
-0.355421
-2.07315
-3.53269
0.684623
3.31689
10.2448
-0.227014
0.287506
-1.12439
8.1565
2.71893
0.678987
-0.848649
0.680851
-0.597009
2.30315
1.12731
0.0617992
-3.43854
-0.364556
1.21955
2.65509
0.292305
-0.587281
-2.25966
-0.848669
-0.880007
0.665603
-9.98979
0.646304
10.7048
1.11588
1.27362
-16.9442
2.69913
-0.127808
1.10042
-0.344599
-25.0444
-0.500934
-0.146652
0.574743
0.0588181
-0.405183
3.46887
-2.48297
2.76606
-0.241046
1.10526
0.852535
-0.79297
1.20678
1.5445
-0.809538
-1.32185
1.2629
-0.845082
0.0170176
3.68202
-2.72972
6.11763
-14.9897
1.82064
-0.317201
-2.38514
0.0132555
4.10487
-0.383557
-0.306228
-4.42994
0.737351
-32.5005
3.17498
1.50686
0.37627
-2.26012
-0.57075
0.939404
0.432464
-57.8352
-1.51276
-7.74248
-9.57834
0.210803
9.46697
-1.6824
3.84311
-6.99245
0.914365
1.63414
7.51949
0.0710715
-1.2805
-0.422014
-1.46852
-0.375699
0.196718
-0.16295
-2.51303
0.657307
2.19806
0.304278
0.862078
-3.17539
1.75002
0.654402
0.445285
-3.29456
1.0451
7.26518
-6.27982
0.179245
3.57422
2.27471
-25.3095
4.60067
-0.461349
0.0827085
-0.765398
0.88196
0.128701
1.34208
-7.10977
-0.791811
0.50238
6.08213
-0.0605027
0.566334
3.74838
1.95276
-2.40412
0.974899
-0.0734281
0.263641
-7.39518
-1.65826
-1.17783
0.715475
0.864578
-0.637141
-0.130372
0.098729
0.0395572
-9.65761
5.29651
-0.00175882
-1.08698
-0.0835125
0.0388196
-3.34281
0.743006
-14.0666
13.4802
1.02645
-0.689118
1.17449
-0.433861
-1.40414
0.764845
0.0272216
0.159606
8.97627
-2.62627
0.839305
-1.39011
-0.764894
-1.25942
0.757245
0.313665
2.14902
-1.07424
9.94282
0.395059
0.0012929
-3.0189
5.43792
46.0739
1.65153
-0.347295
0.334172
1195.03
0.740568
3.05405
0.130886
0.154267
-2.10694
1.21995
1.30044
4.48664
0.813044
-0.371193
-0.0921198
-1.53788
2.18019
-2.95225
-0.08714
-0.535673
-0.921083
-16.4572
12.7863
-0.83157
0.978586
0.0858515
-2.39413
2.7104
-0.611341
-3.52142
-0.129651
0.502582
-0.171522
-1.89029
0.654982
0.389979
-0.374274
-0.570575
0.344569
2.46719
0.024319
-1.1578
0.21847
-2.5201
-2.0375
-0.292123
-0.174722
0.586742
-0.561222
1.15185
0.548217
1.46376
-6.4686
-16.2146
26.0176
0.034521
0.270933
0.346128
-0.591198
-0.172153
0.449802
-0.71561
-0.976265
-0.268815
-0.170216
0.903817
0.731295
2.49477
5.03583
-0.189038
0.885973
5.03002
1.1412
5.34745
-4.3906
2.29556
1.12041
-0.632723
0.0201741
-3.20935
-1.39469
-1.18561
-5.60176
0.71336
3.29458
-1.19604
0.741089
2.56426
0.593214
-2.95349
-0.551792
0.939957
-0.276097
0.197641
-2.55942
83.5544
0.0419772
0.927018
-1.22706
-0.102334
-0.130194
-1.12883
1.77979
0.439472
0.477119
-0.0663756
2.11352
-1.09958
-0.335482
-1.34266
1.65982
0.425782
0.56199
0.254182
0.585412
0.0452402
0.997034
-2.70751
-0.109962
-1.179
-1.95241
0.436686
-0.292477
-10.126
3.04655
0.521223
-1.72984
1.46228
0.801493
-3.68046
2.18285
-1.737
-0.881175
3.3055
-0.445277
0.593072
-0.997027
0.144286
0.530863
-0.377976
2.38756
-0.26959
-2.16383
2.54504
-1.26629
-0.764899
0.166838
-3.51689
-25.2796
-0.587808
-4.99525
10.8407
-0.275184
0.942216
-881.982
-1.82147
2.15076
4.25877
-2.6964
0.811072
-1.83523
0.797539
0.0696283
0.745713
-1.62006
4.2135
-1.10291
0.484781
26.9185
-1.02643
-0.407126
-1.0914
-0.860935
2.99329
0.140786
1.00973
0.802496
0.374898
1.32642
0.438729
-0.474491
-0.302589
2.27265
-0.46567
1.08828
1.25376
-0.2992
1.28925
2.79661
-0.155312
0.567186
0.831775
1.0951
0.381957
-2.08412
0.514524
1.05563
0.272702
0.422564
0.420104
1.37813
-2.3348
-0.196827
-0.174607
-0.50506
14.0473
-0.478826
-5.3059
0.115448
1.66924
0.146767
0.699291
-1.20665
-0.290973
-0.62029
-0.0169931
0.533001
0.0758044
5.60946
-0.202937
1.28208
3.21536
-0.403124
1.28923
-0.249472
-0.289956
4.59815
0.554042
-7.2506
-0.106999
3.43056
-1.70198
0.614746
1.9496
0.258506
-17.0948
0.0787104
-3.81248
0.542883
1.18835
-3.12911
1.23461
5.96398
22.0279
1.70972
-3.6685
0.345961
-1.73904
31.3184
0.000276134
0.0366892
1.62067
0.96924
-0.66573
-0.00798356
-2.65492
0.232701
-4.17319
0.152635
-0.442319
-0.788496
0.746313
-0.157792
-0.835221
1.15047
1.76309
0.561933
-0.170603
-1.6467
7.78125
-0.183229
0.808124
-0.0657864
30.0861
-0.6297
-1.31954
-0.574097
-0.798292
-1.02271
0.274343
0.321575
-1.12914
0.882432
-20.8293
0.183387
-0.0148332
-4.03224
19.4845
-1.67322
-3.72993
-0.475849
2.28517
2.19565
-10.2878
-0.558907
-3.88539
-0.59182
0.181184
0.682294
-0.237685
0.0973313
3.73924
-0.918784
0.259193
-7.54263
0.327792
0.99127
2.76825
-0.785227
0.486438
-3.23716
-0.0952609
3.46457
2.24362
0.270143
-0.0207988
-1.9321
-22.5511
0.222728
3.15473
-2.82496
-4.38248
43.4648
-2.38457
-0.190286
-0.742809
1.2438
-0.954259
0.903372
-0.378042
-0.186897
-1.58987
-1.97717
-2.64797
0.948895
-0.4594
1.21147
2.60993
-1.08043
0.335436
-0.282698
-4.6082
4.75051
6.97871
-21.2854
0.170857
0.991717
0.502753
0.726662
-0.833926
0.95984
65.6669
-3.87112
-1.2646
-0.0182546
0.427499
0.154306
-0.0737521
0.825081
-4.82922
1.10186
42.953
-0.275644
-0.667891
0.50725
1.09082
1.20736
-4.58593
4.37109
-0.425897
11.7662
2.65359
-2.0047
-1.53896
-1.50358
-1.64868
0.38897
-8.1819
0.760475
0.379203
-0.0615637
-0.00814133
-29.4115
-0.224331
-15.6309
13.0352
2.10416
2.45625
-4.29561
-60.7925
-0.908268
-0.402988
-0.00999956
2.44704
3.43685
-0.99441
0.923149
-0.122285
4.83665
-1.31196
-1.21986
-1.13597
-0.246722
-1.56934
-0.113128
1.23962
-2.21664
-1.33131
1.72732
1.5047
2.51627
0.299877
7.60286
-0.15623
1.6271
0.271623
0.246068
2.73025
1.01352
0.352164
-5.24775
1.95595
1.30706
-1.36779
-0.431474
0.152032
0.0039638
45.6145
0.408482
5.37478
-3.98347
1.86255
1.08122
2.34465
-4.34414
-0.394222
-8.07932
-0.760073
0.19323
-0.00760608
0.29373
-3.89495
0.0615458
2.59926
1.17088
1.12266
0.407269
-0.332287
0.759143
9.24777
0.593636
0.764319
4.25021
-1.44849
2.20539
0.192573
0.654291
11.1648
22.0361
4.58475
0.81849
1.17627
-0.913955
-2.21023
-0.352292
-0.957725
-1.5983
1.36727
0.726394
1.50336
0.41239
0.0521707
1.56681
-1.24501
-35.4853
0.224443
-0.496956
0.754224
-1.9007
3.88823
0.421079
0.445669
-0.294248
-0.781338
-1.60842
-0.729116
1.69001
1.20401
-12.4185
0.573046
0.877773
-0.485473
4.42314
2.74229
-0.987086
7.8583
-3.47126
0.0929796
-0.531816
29.413
-0.224155
0.0781274
-0.363038
-30.2117
0.0423022
0.367522
0.144341
-5.13342
-1.5032
-1.51932
-0.845656
-0.397727
35.3774
-0.261735
-0.467475
1.6201
2.14842
0.294197
3.35733
0.897776
-7.28183
1.62734
0.755227
0.448409
-0.756408
-0.880691
0.718326
-0.665253
-0.244774
2.71632
0.518076
-0.429736
0.182042
16.2544
1.84149
-0.142762
-0.871686
-0.24779
-1.73293
-0.259627
-0.0132626
-0.50167
-1.79295
0.260611
1.35871
-0.439288
-0.711742
6.86332
19.4122
-1.71841
1.53746
0.232108
-0.398893
-1.96918
-0.861776
-0.892995
-0.961874
-0.157655
1.63014
0.29979
1.28235
-0.214619
-0.0735146
-4.53843
-7.18149
-2.72917
-0.462452
9.79169
0.246911
5.26157
-2.05578
31.1734
-0.667376
-1.95638
-1.29916
0.0304639
3.06412
-0.233572
0.073094
-1.65977
-6.01226
-0.392475
0.666752
0.576395
1.00815
-10.2842
-0.0394047
3.27784
2.20661
3.15332
-14.2179
-0.154273
0.352581
-0.0167508
0.215265
0.383739
-3.98216
-1.03224
-4.96847
-0.554851
-2.97968
-0.450184
-1.7624
-2.19582
0.562129
-91.1361
-1.02047
3.30358
0.182654
-0.69877
0.567505
1.70408
2.14338
2.10543
-0.0290018
1.54249
0.091485
0.748678
0.324068
1.6723
-3.20652
0.409855
-1.18802
-1.37226
-0.836518
0.894318
2.60337
-0.250205
0.634774
0.965515
-3.74419
0.728545
0.822802
-2.81785
1.19352
-2.34517
-0.0944207
2.07242
-0.40076
0.0327694
-1.92822
0.663455
1.13869
-0.247165
1.33128
-0.849416
0.165135
-0.165654
-3.00622
0.479392
0.865965
5.93899
1.05584
4.49248
-2.4056
-0.720348
12.4601
-0.577504
-0.187372
0.467273
1.37467
0.354974
0.931376
0.0145256
0.0326158
-2.86739
1.47246
11.0563
-0.313203
42.8492
0.434052
0.620444
-2.70495
0.0156886
-1.24737
0.914836
0.402931
1.51253
-0.225357
0.0964646
0.446503
0.2363
1.59341
-0.723923
-0.164224
3.45719
-1.51347
2.3764
0.631683
-1.80537
14.8845
-0.516394
5.23531
-0.680719
0.30193
-1.57671
1.46397
1.37021
5.8501
10.2852
1.14261
0.202699
2.67249
-1.3389
-0.510321
2.7243
-0.00359088
3.45138
-1.96286
-0.846372
-1.83871
-0.0710831
-0.0120258
0.793888
0.748173
0.251737
-0.107444
0.864047
-0.439346
0.972066
-1.62263
0.378633
0.167738
-0.0975322
-4.46404
-0.0164932
0.0598101
-0.944247
-0.386795
-0.319984
2.35684
0.379608
-0.925706
-1.70316
-1.07594
-2.1288
-0.134818
12.3564
0.659383
0.621783
1.2782
0.205466
1.15633
0.454715
-4.01731
-6.54903
5.84083
2.37748
1.88282
-1.34085
-2.05718
0.61104
-1.84368
1.22906
0.446573
1.23291
-0.677254
12.4721
-1.13191
-4.75678
-1.6515
-1.3404
0.119691
11.9485
-0.525316
0.716621
-1.31404
0.54434
0.615579
0.201439
-3.38509
0.849907
1.57415
-5.20575
-0.461218
-2.02919
-2.94175
2.1544
-0.0868177
-9.24163
14.5057
0.148855
-0.862407
0.663803
0.375776
11.2356
-0.149668
1.29019
2.66911
-6.39819
1.08526
-3.42899
-0.323349
-1.4055
0.0344161
-2.91021
0.853466
-1.29528
0.595265
-2.25382
-0.0534982
-1.06023
-1.63432
-0.284173
-2.71123
0.233527
5.70373
-2.05984
-0.353381
1.63074
-0.0836081
0.493047
-1.4089
6.76928
-0.439371
0.222642
2.23236
-5.11282
0.898109
2.89671
0.303261
0.384795
0.0861418
-0.398776
-0.112252
1.84332
-0.611049
6.51083
0.737769
0.544253
-0.462008
1.27319
0.258009
14.2229
-0.461606
9.6104
1.27517
0.364002
-2.71722
-0.0454561
0.468158
-3.34425
0.0727272
0.365336
2.42685
-2.37668
-0.838138
7.65862
-0.132343
-0.734676
1.36527
-2.76834
-2.10729
1.32324
1.7263
-1.13285
-0.52359
-1.63659
-4.16285
-1.74883
-0.248426
2.16039
1.78274
1.94077
-0.936778
-1.14379
-8.80193
-0.776942
-2.33778
-0.513229
1.21129
-2.6705
-0.459331
-0.00960808
-0.79322
-6.45982
0.273478
24.1089
-0.607655
1.57075
-0.656084
-1.19375
-1.56043
0.180768
0.991494
-0.319805
1.84641
-0.649982
-4.99456
-1.70004
-1.89402
0.213827
0.0816208
26.5407
1223.9
0.132474
-7.37277
-0.708458
0.126124
-24.8594
-1.15201
2.59883
-1.6062
0.318183
-4.13144
-5.74066
-2.03978
1.64415
1.09735
0.155971
0.412981
-2.64685
1.27166
-8.57373
-1.92952
0.968533
0.60362
29.6956
-10.0053
12.7531
0.314056
0.352511
0.60512
1.6558
-4.61477
0.041411
-0.744316
-0.622628
-0.384107
1.64145
-2.33497
-0.00421924
-1.20258
0.210519
-13.2625
-0.893213
18.3285
0.895134
10.9872
1.66409
-0.344887
-1.84297
1.94677
1.22904
-45.2077
-0.511924
0.44521
-0.111364
-0.806327
1.15035
-2.31534
-0.0877773
3.72241
0.157334
-0.973812
1.54553
0.851889
3.16542
1.00435
1.14557
2.29868
-0.0438534
0.705309
-2.1775
-0.285657
-1.3335
0.0276899
0.903033
4.40159
3.20191
-0.680567
-1.71221
-1.43703
0.835042
-1.04789
5.73999
-1.46623
17.1935
1.72985
-0.783034
0.453963
-0.534097
0.57029
-60.8966
1.65591
-0.432145
4.13005
0.218661
0.777522
-1.95986
2.60218
2.34746
3.06935
4.66575
-0.652473
0.142201
-5.37208
0.423779
-0.109734
1.29208
1.8426
0.0931121
2.81612
4.64082
0.773147
0.281648
2.16907
12.2758
-0.708881
8.75618
-0.400208
0.699301
0.462394
3.31229
0.252653
0.23761
2.3063
-3.45754
-0.719022
2.35861
-0.746308
-2.41733
-0.452629
1.25276
-0.0344429
0.671209
-3.93461
5.86365
0.297249
-1.21968
0.638035
3.89928
-1.61239
-0.947933
1.11074
1.18794
0.284224
-0.736031
-0.429061
0.102047
0.425963
2.8148
-0.541235
0.637656
-0.728332
-2.91967
-0.0464826
0.206488
-2.62274
11.6517
4.82649
-0.960868
0.168824
0.0315817
0.497258
-0.0540628
-0.593964
-3.84892
32.1959
26.6054
1.16816
-0.128832
-0.301244
-4.34793
-2.13757
-0.277005
-20.2155
0.791808
-1.81933
-17.9172
-0.136694
-0.148704
2.41729
-7.12543
-0.419742
0.114711
-0.383702
-0.644147
0.115916
-0.736166
5.72185
0.226801
-0.00547245
-0.0229987
0.914519
0.439872
1.63494
0.654411
0.824278
2.31176
-0.689345
-14.9292
1.94326
0.385206
0.0202364
-0.106917
-8.86773
-1.58611
-3.33865
7.55958
0.567994
-2.66279
1.55773
-1.11246
0.276526
4.15096
8.87891
0.293406
0.555116
-0.502047
-0.593216
1.41736
0.403224
-3.92678
-0.026547
-1.29613
-2.49702
-1.02625
2.05172
4.43449
0.233343
2.22289
-0.803361
0.305604
-0.356436
-3.75158
2.72052
-0.869265
-41.058
2.66919
1.40067
0.0284046
1.99969
10.7372
8.41623
0.478832
-0.427821
-0.646317
3.64725
-1.09563
1.67413
0.682819
2.72008
-0.90282
2.67817
-179291
0.348378
-0.615041
0.831089
-1.94945
0.438725
-0.558188
0.522353
0.285147
0.555704
0.333008
2.37074
4.60995
-0.964374
11.3352
-198.528
-2.14038
-0.746117
0.948332
2.69406
0.269357
3.46465
-0.673948
0.191115
-0.397914
0.424612
-0.298068
8.16698
-7.40225
0.193015
-12.5558
-0.783268
0.640496
-0.138502
6.74773
-0.210044
1.06628
1.59749
2.83839
1.68759
5.55619
2.24103
-0.289878
-1.39753
6.48844
-0.175577
9.98316
1.82853
2.77372
2.33099
0.0968179
-0.6518
2.46518
0.0463054
-9.71579
-0.0432236
3.52702
-18.5405
5.66995
-0.293195
-2.99183
-0.384999
14.4382
5.50152
-0.27467
0.753897
-0.314811
4.66232
-0.677868
4.89665
3.48875
2.05431
0.143495
1.02512
0.486626
0.313786
3.55238
5.2816
-0.0852703
-1.70963
-0.630628
-2.2544
-0.852302
0.908469
2.81335
-0.062459
5.58492
2.17933
-0.704611
0.0716764
-1.88376
2.22098
-0.0786784
1.28956
1.20854
9.47466
-3.14852
1.4307
-1.16696
0.40761
-3.14454
-0.0205862
2.17023
-2.14155
0.42254
0.213686
-0.657496
1.56514
0.0663155
-3.77151
0.942929
-0.147258
-14.2961
-2.34604
6.93859
0.0777561
0.0352598
-1.04839
0.651077
0.62647
0.721876
-13.077
-0.952645
-5.15564
-1.1674
-0.33998
0.40321
2.82409
0.568515
-2.68707
-2.18997
269.402
-1.43014
-0.171091
1.12604
-39.9571
0.146103
-0.0945204
9.04367
1.3378
-0.21812
-2.53881
2.09573
4.54344
-9.95037
-40.1916
-17.2167
0.220702
2.9244
6.09211
3.95438
0.460854
1.94913
-3.86348
9.97072
0.0967852
-1.90946
0.414503
1.02038
3.28894
-1.05122
-0.289337
-2.57435
0.345887
-0.557618
0.107608
-0.527985
-5.38522
-1.12147
-1.44538
-2.75782
-2.35879
1.21049
1.65479
-0.806353
3.45101
0.0680735
-1.11649
1.21015
-3.36816
1.06095
2.43578
-4.90704
-0.882067
6.23473
1.89915
0.219256
-2.43171
1.27512
0.126751
31.729
-0.938278
1.16481
0.385682
2.17348
0.49615
4.51797
6.14769
-34.2947
-11.6296
-1.68233
1.22562
-1.44342
-0.625017
-11.5838
-3.44682
0.661514
15.2694
-0.32117
-2.10444
1.23268
-0.69662
-0.751252
1.33086
2.13382
6.59072
1.83632
0.270942
-43.1811
-2.28622
-0.750944
-0.963349
-7.18214
1.80767
-0.309915
1.28557
0.117055
-0.172691
0.932396
-0.477194
-0.513976
-0.537889
-0.313979
0.24853
4.36274
1.29778
-0.663255
8.77019
-0.782019
0.936663
-1.90645
11.3641
0.644815
-0.633162
0.629501
0.967211
0.433919
-0.761172
-0.374564
-0.108584
-12.8087
-1.73571
2.20747
-0.427802
3.32621
1.00554
2.94481
-0.488095
-0.388547
254.629
0.473317
0.434866
-1.19535
-0.704119
1.97203
-1.32894
1.33215
3.76101
-0.44118
0.249889
0.38499
-1.18895
0.582701
-0.167251
-0.0415236
-1.49438
1.80077
2.90219
-0.687881
0.0203835
-0.965142
0.212162
-0.078356
1.31971
-0.736518
4.01818
-0.323973
0.475357
-0.00887106
-0.0408662
-3.57823
0.537007
-0.731539
2.92836
-1.99305
-1.14854
-3.33456
-1.20094
3.5167
-0.513252
0.61287
-0.0523864
1.65655
-1.95081
0.0386524
-1.6829
0.65277
0.861315
-3.08085
0.758651
-0.185926
-0.246933
-2.11837
-0.258971
-0.2994
3.843
3.72905
9.7168
0.398381
0.503864
0.439296
19.0327
2.55219
3.31008
-2.24661
-0.110705
0.292295
-2.0611
-0.605999
0.882829
-0.291124
-0.181679
0.00284667
-0.492454
2.00462
2.35582
0.923433
1.78903
-0.488397
5.50762
0.678575
0.325826
-0.589985
0.411129
2.75811
-0.96505
-1.76335
1.35874
-0.224072
0.583644
0.949705
0.728019
-0.143563
-0.818485
0.341768
-1.96036
1.25138
-0.216189
0.734854
0.806629
-0.796774
9.76367
1.25231
-0.239416
-1.7232
-0.109221
45.4935
0.190278
-3.08384
-1.50275
-7.87574
0.206751
-3.84562
-1.2776
13.4805
-0.193556
3.54512
-1.84067
0.130135
3.56635
2.2009
1.96618
0.893895
-1.13247
-2.01463
-0.29923
-0.494471
-1.22992
-0.614014
-0.380769
-0.0969082
-1.54527
-1.15289
0.0976299
0.572353
-9.96754
-0.42995
0.658159
10.867
2.75602
0.242231
0.1172
9.00375
0.127258
-2.8646
-2.97307
0.0881914
1.3165
-28.0051
-1.32729
25.9594
1.07669
-0.556115
0.146608
0.56222
-5.42576
-0.520612
-1.11949
0.468051
0.397495
-3.49154
0.775068
-4.16936
0.629174
-0.423195
-2.0202
-7.35406
-1.54302
3.47561
0.141691
0.1759
1.36603
-1.35648
1.10136
-3.44699
0.0690218
-6.33975
-0.666627
0.969153
0.0336465
-0.440055
-3.23252
0.50869
1.91315
3.29778
0.923321
18.9257
-0.200324
2.69327
0.0439802
-0.332455
11.2127
2.23172
8.78006
-2.10655
1.21107
1.75763
-10.0156
-3.14027
174.247
1.88874
-2.10443
2.44554
1.30792
0.606519
-1.03198
16.0393
1.18294
-1.16741
-1.90445
-0.587484
1.06783
-0.526922
-3.10372
-0.788993
-0.896428
0.745175
-5.30988
0.902466
0.0216142
1.20662
1.80915
-201.771
-0.706037
0.85676
-16.152
-0.216506
13.2889
0.388091
-11.434
-1.4469
-1.99276
-4.62178
0.405202
0.518648
-12.4545
5.28654
-1.93993
7.06885
-0.207308
-0.345628
-0.27879
-0.61067
6.93745
9.1768
-2.76203
-1.21863
1.04952
-0.571982
0.381079
0.750666
-30.4685
0.503962
-1.76185
-0.499745
3.54462
1.18357
-4.29247
0.976428
0.0140663
0.066218
-1.65716
0.985175
0.0618231
6.96247
-0.957872
-0.61214
-0.299031
0.415591
4.35731
-0.0521435
-1.33199
-0.576589
0.919954
0.117064
2.93772
0.141813
10.4102
-0.0585032
-1.97421
0.273024
1.35135
0.0947323
0.109139
4.86495
0.56988
3.74466
-2.34202
-1.54333
-0.273711
-1.10321
-2.79858
2.85774
-0.817016
-1.83593
-2.88123
0.124903
-1.01044
3.22379
-1.79982
1.69221
-0.435357
-0.104613
0.843695
0.110706
-0.251529
-0.618815
-2.02261
0.908942
0.306204
-0.255981
-3.35537
1.24551
-2.41711
2.54047
0.197892
-0.537422
7.61391
-0.831411
2.37653
0.472401
-0.52746
2.88283
6.03356
-1.30133
-1.94801
0.836577
0.65537
5.86712
5.2068
0.554616
0.640681
0.729706
-0.863663
4.53988
-0.642572
-31.2951
5.2614
1.15872
-0.29894
-2.5163
1.81894
-4.61689
-0.615827
2.80086
0.565606
-11.8637
1.31063
1.25092
-0.934289
7.87249
4.16386
-0.100144
-0.0333736
5.36102
0.905288
-2.18026
-19.2334
-7.02819
-0.0440196
0.3805
-1.47953
-1.51007
-0.109776
0.710298
4.76698
-1.44894
1.42419
1.43796
0.998313
-0.224662
0.512389
1.91745
3.05053
-5.74179
-0.384693
0.0463095
-2.55733
4.53281
19.4395
7.2038
-0.787892
-0.201621
0.532064
6.18413
0.031019
-1.7209
-0.238089
3.62055
0.45034
-2.10363
0.132261
0.909855
0.638526
-1.38206
-0.00308309
-0.0259208
0.349588
0.201684
-3.84991
0.36695
-1.16609
-1.05849
0.361329
2.02935
0.52374
-2.34055
0.156547
11.233
-0.747909
0.659137
-1.83796
1.28902
1.80824
0.958322
0.338423
3.41132
3.24112
-17.1058
2.69294
-6.46203
-0.875822
0.268311
0.293132
-0.859022
1.12333
-0.614826
0.33065
-1.63202
1.92045
-1.5949
-4.54443
-0.922926
0.499507
-0.650616
0.588545
3.82166
1.05884
-0.234927
2.74371
0.99857
1.76706
0.931987
-1.77569
-0.437443
0.173155
-3.28524
-4.52891
2.08949
0.36985
-1.17245
-0.354727
-0.248866
0.663988
-1.80178
2.55084
-3.41599
0.0545798
-2.24194
3.21453
-1.26648
1.24396
-0.379846
-0.870343
1.133
-65.1807
12.2899
0.343638
-0.0221135
0.579232
-0.939641
-0.626144
0.402929
0.687433
-0.376114
1.14167
-0.105163
0.00632139
1.61703
3.86228
-0.79769
-1.86568
-1.08782
-0.0540599
1.12338
0.722053
81.2123
-1.09883
1.31038
-0.382878
14.6887
0.0465419
-2.08101
-0.102887
0.479494
-0.59357
0.705693
0.342385
-0.339133
0.199936
2.18964
-1.7643
0.829883
2.38184
-0.128294
0.0936846
0.484916
0.952643
0.0456811
0.930937
-9.75823
1.1102
1.80633
32.207
-0.709392
-1.79426
1.35525
0.814754
-1.25425
-2.02536
0.763912
17.486
-0.455401
3.93408
-1.1663
-2.51173
1.23954
6.85414
0.179169
0.637608
0.320066
0.0777914
1.50665
-2.66232
0.993593
0.21248
0.33005
2.34537
1.83543
0.195016
-0.165101
-0.66163
-0.35847
-1.4454
0.246782
-14.7013
-5.18272
-1.47287
3.92698
-0.16219
0.258756
-0.270612
1.59437
0.937816
-8.48702
-0.788822
0.288593
-0.227855
-1.57692
-10.2063
-0.715563
0.0493963
-0.753531
11.9435
1.9509
-1.2081
-5.23352
-0.65345
-0.549937
-0.49871
0.449191
0.0258346
-2.84519
1.27268
2.23913
-9.97235
-1.5418
-3.16408
-1.84971
-0.560259
0.712809
-1.01978
5.83268
-0.485287
-0.828414
1.73178
-20.6316
1.29967
-1.21401
-1.99853
-0.425215
0.408691
-0.415531
1.41172
-1.20178
-0.12853
0.0902272
1.2006
2.79975
-0.307345
0.505255
-3.08371
5.38819
-0.877617
0.14031
1.61323
-1.15609
-4.44559
-0.558379
0.792671
0.887108
-0.951693
1.62146
1.34685
-0.884459
0.398998
-3.80044
-1.70372
0.181816
2.28516
-1.0318
-1.82065
0.938542
-0.725606
-1.24712
-0.167843
2.5454
0.464529
8.9972
0.369704
0.587068
-1.06554
-3.81677
-0.975635
7.02821
0.177995
-2.18207
-0.44183
0.702662
0.277398
-1.54552
-1.58532
3.03273
-1.40464
5.39045
1.09315
-0.626117
-1.06259
-2.57166
-1.07615
-0.129769
-97.8065
-1.6369
-1.55322
0.977115
0.392063
-0.726965
0.181902
-0.322054
3.35638
-0.865252
-1.68212
2.60824
-1.88639
-0.420183
1.32743
0.660937
1.07901
-0.336328
0.550577
2.00244
-1.53387
-1.89179
0.401859
-0.462184
0.112875
-8.75006
1.78129
0.216354
-0.39467
-0.526598
0.720792
-0.411586
-0.71096
-0.517137
-273.834
1.84132
0.355045
0.301707
0.358088
1.29826
-3.11338
-5.56031
2.96894
0.78625
5.60153
0.894599
-0.456618
1.87329
0.31517
-1.00433
-67.8848
0.825675
7.49687
-1.48855
-1.1369
0.46718
-2.79044
-0.058747
-0.0733182
-0.437839
0.58419
0.397231
0.160429
0.621556
1.29266
0.367195
1.02696
-0.184139
4.29853
3.04581
-0.360396
-1.27184
-0.200859
-3.30534
-0.900146
26.5156
-0.184658
-4.3197
0.520318
-0.641816
-0.17669
0.596509
-0.985422
-0.440032
-0.436992
-0.555654
0.435601
2.88386
-1.23261
1.43541
0.0364331
0.109517
-0.0973596
5.72982
-0.82014
5.06247
0.623829
0.620169
10.4126
3.29756
-0.272896
0.817547
1.29319
-2.25412
0.136081
0.215732
-2.95465
6.65907
-0.952502
-1.3858
2.40027
0.177986
1.6537
0.899803
0.0343911
3.05039
-0.415849
0.123896
-0.216668
6.11485
-1.20802
0.388564
-18.7376
-0.224343
0.265637
-2.33461
-0.889214
-0.701029
-0.704534
-1.5591
3.67237
-6.44486
2.16758
-0.662682
1.88686
-0.758685
10.4415
-0.283994
1.16868
-2.81055
1.65501
-0.831795
-0.469412
0.500707
5.59943
-1.17225
0.0326503
1.34429
-2.66414
-1.36395
0.700785
56.4836
-2.78773
1.91449
-1.3824
-0.198053
-0.471358
1.6301
0.758303
-1.8914
3.89174
-4.54915
0.530386
1.00408
2.69169
1.0304
3.2501
0.102558
0.241115
-3.20681
-1.50807
0.466385
0.0328596
-2.95519
-0.600009
0.495216
0.0605262
-7.4729
-3.87563
-0.913329
-15.3334
-3.81925
-0.439437
0.0142425
-0.561787
0.665643
-0.967807
1.41774
1.47404
-1.18161
1.36698
5.21075
-0.135288
0.79
0.763945
-1.95346
0.283075
-0.13752
0.953721
-1.7027
-5.02656
0.385087
-19.3066
1.11314
1.66923
-2.36447
0.559785
-2.2659
-0.98412
-21.055
0.821158
-1.27394
-5.33564
0.380258
-2.01205
5.83128
5.5088
0.480308
0.474953
-0.711907
10.7731
1.02218
1.10663
-12.202
0.00441308
0.63991
2.39064
0.409989
1.4492
-1.49426
0.028606
-0.144055
0.0356193
-1.34322
0.0864615
0.0814911
36.279
0.681094
1.34438
0.727868
-0.00871095
-267.448
0.81645
-0.234648
5.28942
2.81444
2.47304
0.638952
0.638883
-0.819271
-0.271591
-3.47445
1.41193
-1.43061
0.960048
-0.520086
8.93899
1.07918
4.33775
18.6777
0.693865
1.02667
4.57428
0.0740215
0.32066
0.612421
-0.815919
-0.177556
0.378369
-18.9229
1.03913
30.8341
0.143684
-0.589188
-1.76307
4.45688
0.364401
-1.07837
2.03809
-0.299116
5.00143
0.430695
0.336274
0.171748
0.245943
0.515208
-24.9856
-0.272636
0.879286
2.66944
1.3715
-0.236134
0.699454
-1.07734
0.143577
60.3378
0.716998
-3.22615
-0.63982
1.69325
-2.04256
-0.790281
2.86169
0.0378703
6.67273
-0.226413
-0.220355
-3.5797
-0.0573836
-0.38652
-1.67748
-0.113971
-2.58175
-0.414128
0.384613
-0.708377
-0.372218
-0.775266
-0.493272
0.407984
0.2392
9.4805
-57.5899
0.493126
0.141365
1.13227
0.344404
-1.07763
0.361263
0.221448
-2.00465
-1.36761
-0.992529
0.668479
2.486
3.25334
2.56174
1.17964
-0.789163
0.114126
0.402811
-0.0582853
-0.412948
0.415448
2.98483
-0.0781846
-0.828944
-0.171672
-0.18046
0.209002
-1.29407
52.5549
1.52786
-2.40204
0.151141
0.63556
0.667293
-0.479246
1.79299
0.223653
0.0384047
-2.54685
-1.06579
2.07631
-0.798976
6.61319
3.96252
-0.470068
0.721438
6.07165
-1.27443
-0.822322
0.159396
-0.13835
1.01875
-0.925943
-0.519675
-0.312907
2.03108
32.0414
3.48362
-7.42204
0.263439
0.412306
1.37342
6.50826
0.638121
0.895091
-80.8555
1.36728
0.154033
1.64864
-0.447774
-1.13489
2.59472
-1.11892
0.815617
0.483317
0.594968
1.0381
-1.92633
-1.09223
-0.520734
0.0555211
-0.128384
11.6058
0.130163
0.717053
0.293566
0.47503
0.710813
11.1583
1.16939
-0.42581
-0.737306
-3.5323
0.307
-1.49355
-0.0648769
-1.04311
-1.66536
258.033
0.474951
-2.14637
2.09042
0.471951
-3.30149
0.0436746
-0.453182
2.51443
23.7376
1.67431
1.61656
-1.34505
0.226739
12.9257
0.481696
-0.656622
-0.425357
-0.091937
0.423602
-2.72677
0.749036
5.60641
2.06972
-0.369196
0.0732772
-1.64574
21.9558
-0.405512
-2.70304
-0.276455
-0.191179
2.16557
-3.47808
-26.2144
-1.54151
-46.4879
-0.0529345
0.852772
-171.028
1.3183
-0.914969
-2.56219
-0.189103
0.475697
0.174571
0.366121
2.20087
4.19557
-0.45864
0.710601
1.65292
0.211677
2.09983
1.37473
-0.726412
0.756497
5.36008
-0.204242
0.812931
-8.92942
0.659388
3.89224
2.12806
0.257387
3.14255
-1.28643
0.517136
0.280175
-0.639875
0.203141
1.70231
12.2478
-5.76473
0.778578
-0.231044
-0.585802
0.542621
20.6812
-0.393107
-1.71844
0.260438
-1.47438
-0.397703
2.33642
0.976704
0.173046
0.75811
-5.3882
-7.27766
-1.96736
3.29087
0.077195
1.47577
1.89972
-0.0468215
-2.29254
-0.113764
-0.00403991
-1.41195
2.48174
3.21716
-0.833681
1.13994
-0.23058
-3.6977
0.464401
-3.11051
-20.1456
-9.90018
-0.735919
3.17442
0.399754
0.355261
-4.48741
-1.767
-0.565647
2.70428
2.24289
3.68688
-1.17486
-1.65799
0.748671
-5.81085
0.614066
-1.67248
0.350191
-0.00975969
-0.400951
-1.01357
1.18226
-1.26573
2.04506
-0.0410173
-0.899854
14.1653
-1.40677
0.539441
1.83763
-0.0561923
-0.454603
-0.762325
2.04674
0.733282
-0.77005
-0.313528
-1.68315
-0.309903
-0.493008
-0.595905
-0.563396
0.058682
0.722815
-0.497075
3.16829
0.851416
2.68821
0.349644
-0.458398
1.08159
-2.17742
-0.328041
0.134256
1.9352
1.64226
-0.0595313
0.973074
3.39107
-1.49407
0.429821
0.325099
0.447304
-14.794
-2.27665
1.57147
-0.398933
4.68861
0.21512
-1.02532
3.3874
-1.85196
2.54993
1.3783
0.126832
-0.22794
1.56359
-0.402198
-0.41097
0.703432
1.03984
0.101923
-0.455616
-0.332799
-0.384011
-1.3693
0.221638
-3.20551
1.5836
-0.0617137
3.10883
32.9184
0.875699
2.55607
-0.279157
1.70893
-1.73942
1.3275
0.281063
0.154266
1.75351
-5.13441
-1.61067
0.583418
0.465148
55.8081
2.13879
-7.11648
2.89078
42.0514
3.05951
1.13744
-0.270309
-0.866915
0.176467
-1.27022
0.588868
-0.214305
1.8072
-0.348366
0.325873
10.9208
0.905912
-0.482813
-2.05386
0.482081
5.8981
-0.308108
3.11531
-0.336937
0.433291
0.0385729
-0.741459
14.2411
-1.98532
-0.253319
0.477674
2.13077
-3.91343
-1.2007
0.000214785
0.495299
0.232946
4.63098
-0.454324
1.19062
3.33649
-0.884973
-2.54743
-0.305152
1.76817
0.54967
-12.3692
-1.54668
-0.7662
5.51585
5.2012
0.138748
1.15639
0.480949
0.228493
9.04695
7.52666
-10.0143
0.0545199
-198.827
-0.454256
0.351034
0.995869
-1.9812
-1.81124
-0.502671
1.39544
0.173547
-0.568686
4.99991
-1.33163
-0.262955
7.5867
-3.54608
-0.74513
77.0157
0.325377
4.42749
0.377891
0.644563
-5.16349
-0.771085
-0.293397
-0.352664
-0.638387
-0.785236
2.29884
2.66507
0.101004
0.946428
-1.70867
2.11219
-0.851845
1.9476
0.188551
0.0438553
-4.09438
-0.374949
-0.242557
-2.0125
3.43543
0.7361
2.1752
-5.0636
0.159828
-3.39948
0.220946
-0.033982
-2.28851
-9.89926
0.595713
0.529813
0.164563
-3.25992
1.19082
-0.523637
-3.3235
-12.7601
-0.767008
-4.51217
-0.032887
-5.9242
-2.10707
0.806267
0.865698
-0.0116028
6.57799
0.756083
-1.21206
0.817359
61.3103
-0.804266
-0.0274079
0.32145
-1.9395
-0.462055
-0.00582969
-0.90686
-0.600478
3.76572
-0.813349
-2.53651
-0.883265
1.02105
-0.051717
-4.326
-0.226545
-0.352862
0.768448
0.827076
-1.17939
0.895591
0.206424
-2.03948
-0.758132
5.27367
2.25155
0.212695
-0.803204
5.2613
-2.27398
-1.23332
-0.147757
2.64357
0.561834
1.16395
-7.17729
-0.135598
2.00359
0.312938
1.487
0.453202
-1.49975
-1.76684
0.994806
-21909
1.21439
1.13436
55.0643
-0.820994
0.848229
-0.214188
-0.347837
-1.54756
1.84565
-2.17168
-87.5575
-0.674474
-0.161395
-1.63085
2.05435
1.30474
-0.286667
0.644053
2.11915
0.434529
-0.276926
-0.283596
-0.394846
-13.8379
0.526181
3.33778
-3.00777
-6.18236
-0.491524
0.154683
-0.508368
0.350869
0.305377
-1.38463
-5.14784
1.79726
-1.08402
0.431897
-0.915146
-1.1463
-0.183942
-8.50629
-6.84904
-2.83799
-0.468265
0.0966246
-0.154705
0.365614
-0.215318
1.02701
0.210339
-1.8852
-0.450165
-0.0437647
-0.858929
0.882079
-0.485562
-0.158371
-1.31325
0.685872
-0.468024
-0.0958669
-0.324955
-0.0820185
0.033662
1.06333
-1.4995
0.194475
0.540932
-2.56584
-0.46307
788.345
-0.832724
0.194272
-0.160067
-0.768499
0.0722785
-0.58913
-4.663
0.820798
0.376264
5.71947
18.6757
-0.0851584
-1.54874
3.97436
-2.72257
-0.740619
3.0869
5.75921
-0.390644
-0.126316
-0.0323692
-0.356421
-2.37617
0.0136866
-2.12311
-1.61317
-0.376175
-0.579055
-0.319892
-0.770631
1.73951
1.84038
0.77425
-0.0677708
-1.68324
-0.251568
1.41618
-1.59182
0.306522
-0.0865711
-1.15813
0.160539
9.20131
-2.29905
-2.89609
0.357576
-0.20295
-0.704986
-0.914381
-3.67004
1.38312
-0.092925
0.110242
-2.68581
-0.724935
5.92412
1.78039
-0.143042
-0.460432
0.803556
-3.77856
2.67179
0.387337
1.3467
-2.91512
-1.259
-0.764807
0.0697981
10.5017
-0.419964
-0.917567
-0.991669
-4.12828
-0.13039
-3.11493
-2.86031
-0.525754
0.0689999
-22.4559
451.031
-2.32063
1.24756
1.69619
1.08201
10.1784
-11.4212
0.14092
-1.93138
-0.0484921
-2.02792
-0.363983
-0.144189
-0.802049
0.870864
1.25685
1.41106
9.67596
-1.94931
0.395045
0.26031
7.25467
1.68156
-6.36145
10.9951
-0.240749
-0.896967
1.08652
4.7235
-0.297892
0.032885
0.365995
0.371952
0.148319
0.929335
5.56215
-1.72854
1.6291
0.823107
0.304007
-1.33071
-0.152045
1.3159
-0.563487
0.595102
1.09401
-0.232619
-28.6494
-0.118428
-1.93758
-5.72482
-1.21997
-1.85896
0.135026
1.2376
-3.20956
1.60005
3.62394
0.314582
1.84375
0.393925
3.82796
0.907979
0.115179
-1.16485
0.0394558
-1.84469
-19.9803
-2.81619
0.102957
1.09708
1.87074
-0.193052
0.295924
2.2562
-0.173232
-0.780208
-8.87411
1.444
-0.103166
0.147167
-0.317628
-0.172338
-0.912661
0.27698
0.101534
0.061136
1.45889
0.763312
-0.769539
-2.05144
0.585835
-0.551361
-1.56745
1.17176
-0.286002
-0.166505
34.4036
2.05353
0.280742
1.12769
1.80046
-0.0301761
0.755128
0.194205
1.46993
-0.137416
17.7772
-2.20224
10.1009
0.639926
0.718596
-0.672554
2.36179
-2.46758
-0.465639
5.00213
0.42579
0.857351
0.0824448
-5.79196
2.46552
-0.616911
-1.51058
1.31131
3.67719
0.0820663
1.18642
0.219593
-3.26287
0.348958
-2.14891
-0.791363
1.21617
0.529599
1.33296
-0.345037
-2.44186
-0.0394931
0.58502
2.09382
-0.0725319
1.21486
1.37468
1.65468
1.01673
-0.885045
0.80592
-2.47778
-5.02713
0.693963
-3.5636
0.254584
-1.28216
-0.314396
3.49825
-0.425542
0.457652
-7.15437
3.05787
8.28165
4.24212
