-0.913013
2.05252
-48.1131
0.328408
-0.0390029
0.281509
0.0570905
-0.392381
-1.65024
-1.033
-0.46119
0.175881
10.6801
-0.488984
1.34845
-3.53883
0.356822
1.29764
0.384658
-0.0764333
6.53701
-541.503
0.15934
-0.41869
-9.08505
1.47866
-0.929642
-2.64602
3.01968
0.369766
2.53086
0.592787
6.88145
1.19781
-0.21528
0.380737
40.8423
-1.63117
0.438142
-0.323838
0.727496
0.106538
3.14046
-0.829005
0.288258
1.24352
-0.196664
-0.48649
-0.512338
-3.59948
0.189596
-0.542013
-0.0467262
0.87635
-2.96907
-7.27871
-0.545311
-4.35949
-0.17865
0.543004
0.580854
0.816054
0.814052
-0.474858
-0.836235
2.45525
0.51247
-1.13345
-0.889683
0.959384
-3.05996
-0.189517
-4.77856
-0.462599
-7.45296
5.8537
-0.830365
-1.49266
0.482034
-0.0896941
-5.58508
7.4663
0.190106
1.53969
-0.981056
1.9045
-0.252015
0.214472
-1.44575
0.677544
-1.74971
-0.724443
0.704761
0.128631
0.265562
0.613114
-0.961079
-0.276148
7.18951
-3.19536
-2.27271
5.77989
-0.271751
0.549312
-0.768307
-1.39692
1.61817
13.1787
4.90541
-2.83415
-0.870666
-0.274962
-23.6338
-0.423513
-1.52371
2.33413
3.80859
15.2263
0.155499
6.31135
0.291851
-0.56626
1.07199
0.0726271
-0.322782
-43.2875
-0.669412
9.47497
0.19638
0.427818
-1.74329
-0.00278512
-9.15156
0.144921
1.5112
-0.337239
2.01059
-1.10572
-2.27374
-0.488421
12.9636
-0.166572
-1.87407
1.67798
1.99084
-0.353673
0.37847
-2.91068
-1.54412
1.26763
0.484223
0.297086
-0.606619
-0.00930406
0.806962
28.62
0.313484
-1.90639
62.443
0.203289
0.337472
2.50582
-0.38036
1.40354
0.827682
-0.366544
0.00190067
0.0740344
2.13
-0.281572
-1.34717
1.06433
0.971183
-9.59896
-0.117999
-14.6102
0.485004
-40.3354
-1.3696
18.3089
1.11118
-5.36788
1.37264
-0.43905
1.38651
-5.03452
0.283508
-0.613063
1.98356
0.694751
0.217749
-0.404502
2.5428
4.14495
0.333794
-1.1767
1.17322
-0.42912
-0.596167
-129.38
1.07182
-0.591179
-1.24675
0.984236
-3.77972
4.94738
1.15835
3.37765
1.12246
0.37838
-0.492649
2.64966
1.23843
-0.663935
1.77034
-0.310375
2.19134
-0.735097
0.0455022
-0.0731957
-0.0186513
1.84029
0.420774
5.34053
0.357817
-0.564585
-2.23348
3.91557
-3.79074
-0.2212
5.45949
0.433304
0.21983
-11.9861
8.27965
-13.9635
-16.3485
0.170792
2.3549
3.15486
0.162162
-2.68706
1.2083
28.8942
0.0555296
3.77512
-7.11367
0.141114
0.619906
-1.35504
-0.68743
0.441917
-0.870194
-0.326023
-0.188167
2.99644
0.412179
-7.42682
2.68426
-0.321755
-1.73744
0.104163
-0.404274
17.4292
0.373336
0.540488
0.380942
1.14618
0.47522
-0.184253
-1.03146
1.00356
0.621666
0.487121
-8.33341
7.9522
0.308419
0.736163
2.90766
0.0629794
0.334476
-1.04657
-2.18621
0.813927
0.529143
-3.25703
-1.51017
4.71025
0.171698
-51.638
-0.0948219
-0.951442
-0.172917
0.599005
-2.33788
0.15467
1.5339
-6.35519
0.24753
-4.76108
-3.55137
3.5946
-0.775992
-0.659006
-0.409065
7.96174
-0.172042
-0.0928077
0.186266
-3.41365
0.757785
1.44266
-2.61074
-0.0681763
1.2634
-0.128642
1.26828
-1.58848
-0.377511
-1.85887
-0.893222
-9.01715
-2.12718
-1.22732
-0.410958
2.42949
0.593404
-4.29395
-0.0479755
-2.19812
-0.303169
-0.557187
0.751075
-0.361652
-1.0784
-0.746938
-0.377535
-0.235449
-0.661511
0.107655
1.76321
0.918428
-0.831896
-1.52521
0.927291
-4.99201
0.0606414
-13.9948
-3.39457
-0.802774
0.183404
4.00066
0.318762
0.860279
0.247918
0.0369451
-0.0113139
-1.18539
-0.172098
-4.24039
0.462074
-0.838938
1.8742
4.31217
-0.511956
0.0282121
1.25543
3.34703
0.624019
0.53101
0.0613627
0.565946
-2.79342
0.567425
-0.0556584
22.2219
37.0734
-2.27288
0.0124145
-1.24518
0.0439666
0.128112
-3.66207
-3.21641
-0.569924
0.127113
0.013032
0.221527
-0.42457
2.1969
-0.675114
0.237306
1.92155
-0.101706
3.77333
0.700964
1.72189
140.795
-0.194756
-0.0270945
12.033
1.16885
-0.277379
1.9443
-3.68099
4.03607
1.45243
-7.34992
-0.375522
-4.36185
1.88871
-0.91836
-0.228533
5.42244
-0.820178
1.17201
-0.0161753
-26.2264
-2.22553
-10.8946
-0.203116
-6.19752
-0.177553
-16.8665
0.349818
-0.274127
-2.26726
0.767632
0.0663997
-0.75532
0.204762
-3.95461
-17.4087
-0.60308
-4.63606
-0.506457
0.524215
0.956291
2.62418
-0.581449
-0.258955
-1.66653
-1.47005
-1.84357
-1.58998
17.1408
0.637908
-0.177354
2.15388
-3.37503
-0.11964
-4.37426
0.877237
-1.61818
0.789953
-0.362988
-1.17394
0.0431988
0.993586
-176.248
-3.78629
4.64279
-1.85233
3.04819
0.453564
1.41531
1.97426
-0.622504
-0.118894
-1.32594
6.01689
-0.684323
0.356214
0.553474
4.24118
0.228763
-0.852943
0.114812
0.0965187
0.258155
1.40284
0.390892
-0.380704
-4.35146
0.120827
1.5573
0.0136214
0.0415125
-1.09844
0.707957
-1.99384
-0.329764
-0.404684
0.65724
-0.647435
1.70697
0.175428
1.48316
-0.513294
-1.02309
2.32049
-0.269491
-0.827355
5.30484
0.127043
-2.46331
8.15425
-0.534078
-1.07408
-22.2989
-0.00321189
0.750326
-0.478973
4.45667
0.55056
0.234567
4.73292
1.33473
-20.6947
0.227118
-0.547861
-1.75531
-0.836906
-0.289615
0.0209805
-0.122552
-0.218321
1.40018
-23.4327
2.25066
0.382461
-1.46967
-0.659672
-1.50683
0.335414
-0.20472
5.5702
-0.731503
-3.4141
0.127017
-3.37339
1.03867
0.295586
2.46455
0.323993
0.322311
0.761287
0.257375
-1.33643
-1.15997
-88.6052
1.3368
2.32685
-28.048
-1.44389
-1.34783
130.053
8.87968
-4.01938
-2.28857
-2.37965
1.75177
1.08146
2.73244
-4.75596
-1.16453
-0.206246
0.574445
1.30343
-0.873137
6.66139
-3.98485
-0.00066844
0.713015
-0.828473
0.459432
-0.873561
-0.672178
-1.12828
-1.67052
-1.45288
0.329417
1805.46
-0.440362
1.13069
0.803106
0.594251
0.456108
-2.01282
-2.85649
0.427213
1.52017
-8.33306
25.8384
2.4785
0.467987
-0.356792
1.80556
-0.290781
-0.797925
-0.247666
-10.8401
0.208723
4.20631
0.189161
-0.793405
1.827
-0.36151
0.699718
2.26116
0.693934
-0.203558
0.0689778
2.07138
16.8978
0.0296402
-3.01473
0.0876208
4.08547
-0.438244
0.023276
-1.5264
0.236313
1.09823
1.81085
0.746894
-0.758243
-12.5651
-2.91912
-2.26908
0.169521
0.142523
0.654184
-0.26631
-0.143692
2.27829
-1.08971
0.562188
3.28339
-1.08183
6.41416
-0.625488
0.376426
0.853075
0.915088
-0.118393
0.0163131
1.11652
-3.54404
0.917068
-0.361381
-8.38707
0.0805777
1.41307
0.158832
21.7128
-0.911778
1.37324
-1.61634
-0.154071
0.0923665
0.863124
0.078917
1.37696
-2.96929
-0.100591
-0.461036
1.93866
-0.157651
-3.43117
-1.17889
-0.952752
-0.549903
-0.957224
0.795637
-1.15376
-0.636608
0.0400231
-0.70379
-0.00636896
0.530074
1.50451
0.368097
0.0268592
-0.610663
0.23569
-3.7858
0.712912
-1.85187
-0.0363254
-0.119609
0.0173868
1.86071
16.6161
1.5466
0.808092
-4.03005
-2.57669
0.147935
2.37594
1.46933
0.504517
0.437085
-1.18331
-2.85295
-1.53352
2.58523
2.23096
0.43502
1.66267
-0.53219
0.132901
0.0694344
-0.165412
-1.32605
-1.45982
0.481058
0.156607
-8.86125
-0.297168
0.789756
15.7062
-2.4668
-2.14493
1.76205
0.823765
3.76716
-1.69838
-3.41002
-0.714302
0.561045
-0.018992
63.0591
-1.51246
-1.09706
1.14319
-0.16766
-3.78129
70.1872
0.0343398
0.852932
-5.13416
-0.564412
-3.11346
1.34363
-0.129432
3.27376
-0.220812
3.29399
-0.196369
1.21497
4.33087
-0.0310124
0.756066
1.13246
0.573496
-5.50547
-0.0939516
-0.224312
1.81377
6.81447
-0.193241
-1.11404
2.04504
1.27296
0.0770795
1.46124
-21.7124
1.19959
-4.56704
0.185383
0.0524311
-3.88509
1.54986
0.826892
1.31875
-2.99472
0.301189
0.7592
9.5813
-0.0997678
0.191848
-4.76814
-0.598868
-1.351
-1.52929
0.308793
0.272671
-0.446013
-1.28825
-1.83056
0.0089095
-4.89047
-0.781413
0.733127
-0.659713
1.0207
4.32339
-0.343188
0.329435
-0.743577
-1.38162
-1.47217
0.246508
-1.2073
1.17027
-3.12722
5.19962
-1.12575
-1.3493
-3.65193
-0.117472
19.8836
0.218918
0.335892
1.95387
-0.834748
0.0319408
0.496395
-1.21196
2.49173
0.386143
-1.88815
-19.8294
0.703103
-1.35379
-4.13549
0.438016
0.205872
1.61008
-2.50762
-1.23445
1.30654
-0.301745
5.31778
3.12315
-1.10079
1.54509
-2.11517
169.174
-0.674938
1.47919
-0.690859
-2.89554
5.0187
4.24588
-0.450664
1.00153
-1.4275
-0.0483142
-0.196605
-1.56879
-0.679442
1.7161
0.810181
208.283
-0.715598
1.00101
-1.92854
0.877695
18.0483
1.24172
-1.15341
0.103916
1.01087
0.211108
-0.164344
0.785776
-1.37563
-1.64673
5.22322
-1.12415
0.017205
0.167536
1.6476
-0.83871
-0.644262
-2.08194
0.296015
-2.92206
0.274345
-0.417774
3.05072
0.495523
0.8447
0.8559
-0.472178
-1.30561
2.09753
0.894896
-0.58663
-13.0438
-0.0699332
1.12887
-0.704241
0.33368
0.858776
0.719591
4.2219
-5.2372
-0.00957325
0.212991
1.77553
0.163763
-1.11937
0.0254586
1.064
-0.748168
-0.1788
1.09667
0.0223976
0.141604
-2.42271
-0.715203
0.537647
-0.107866
0.584849
0.612935
0.950381
0.371011
-1.30159
0.239094
-24.6135
-0.60359
0.0199334
0.390401
0.947262
0.715424
11.5283
-0.711951
39.0718
8.58977
-11.6818
-0.445309
0.733347
0.209087
3.26773
3.39392
-0.128302
-1.19598
4.82432
-2.3116
1.00561
5.71102
-1.56697
-0.844801
0.537195
-3.89296
0.852173
1.96416
0.168454
-1.82869
-0.157646
-2.91797
0.271773
-0.66344
-0.224883
1.46015
-0.381834
0.307917
-0.418365
1.62802
-0.59451
2.16965
-0.596718
1.02895
0.620391
1.5135
-1.343
-1.10489
-1.79556
0.976768
1.74105
2.3921
0.0510169
-5.58558
-1.033
1.89306
-2.5953
-0.9063
-0.194005
-127.533
-0.460518
-1.11911
-0.564015
0.795274
29.3553
0.211198
-3.65039
-0.104862
-0.300683
-0.699567
0.422017
-0.979306
-1.51291
-0.320574
0.288029
2.88111
-0.385205
-1.31155
2.09675
-1.50231
0.870225
-2.15637
2.42002
-1.40332
-0.319422
-3.67728
-2.26212
-0.365208
1.577
0.712929
0.568134
1.11226
-0.224584
1.51704
0.738898
2.97079
2.61079
-1.50693
-61.488
0.464144
-0.341602
-1.0001
0.763203
2.06485
0.765771
0.0688627
0.183977
-2.84146
0.266552
0.528623
9.74407
0.167263
-0.102077
-0.897176
3.16191
2.74924
11.4908
-1.28186
7.87274
-7.4042
0.941048
-0.589531
-0.746453
-0.0999342
-0.0812043
-0.551284
3.67833
-1.57408
-0.39632
13.2913
-0.807768
1.55272
0.451105
2.49146
0.345243
-7.18854
-2.76122
2.64835
-0.486797
-4.65058
-0.68685
2.80799
1.72227
5.44085
-6.37516
0.707594
-0.205609
-2.75995
-9.41431
-5.06994
2.82651
-0.958882
-46.3657
0.346791
-0.308646
-0.199499
-0.295393
-1.06859
-0.516984
-0.221385
-0.416322
-1.47244
-3.37101
0.903265
0.387405
0.925743
-0.554601
-0.44554
0.650492
0.353786
-1.52501
20.8716
-0.166624
-0.00950127
-0.640226
-0.271682
-0.00644838
1.85774
-0.380201
4.79713
0.374508
-2.46434
0.569498
16.7991
-1.35106
-0.0816739
1.14768
1.73364
-10.4917
-1.49038
2.42665
0.143383
-0.120252
2.098
1.83854
-0.350491
1.0285
16.9484
-1.11098
0.494449
0.447357
-0.614668
4.79553
1.52332
1.30811
-2.63664
0.928568
35.7771
-0.853967
-1.25395
3.56748
0.479619
0.550116
-3.24827
2.57931
-0.0292559
-852.333
-1.09048
1.56786
13.256
0.614721
-7.73556
-0.33957
0.0833536
-0.204438
0.638403
157.869
-0.39347
-0.722595
-0.607686
-0.0521637
-1.06683
1.08925
0.198499
0.673585
-0.103954
0.153522
2.181
-0.95431
-9.03307
-0.161562
0.768869
-0.157206
1.21127
-0.184311
-1.35466
-3.70996
1.81106
-2.27614
-1.2681
5.22594
-1.54338
1.73638
-0.0991467
-0.420743
5.10218
-0.415616
-0.0363709
0.129068
-0.245848
-0.0229638
-0.142002
17.388
-0.205119
19.5285
-0.175415
-2.34472
-15.7692
-0.701424
5.05286
1.66129
0.111782
6.13098
29.2643
1.96986
11.7788
0.591916
-0.194443
0.282945
6.07379
0.708657
-1.17093
-1.16678
-2.58265
0.844701
-0.793232
-0.304135
0.982914
-0.661451
-0.838
-4.30089
-1.35376
2.87866
2.178
-0.245692
18.5739
0.567474
0.772751
1.75283
6.38802
-0.106666
-0.257519
0.463648
-0.952119
3.16832
4.33351
0.730842
-0.0173462
-0.623715
1.09256
-2.85214
-0.612674
1.40349
3.17415
0.306035
0.481024
1.66418
-0.062239
1.53997
0.137987
0.0152401
1.53237
0.247107
-0.216322
6.63873
-1.96607
0.651001
1.02087
1.5777
-6.41424
-0.0268847
-0.454561
-2.10872
-0.882285
-3.24602
1.24559
-4.67077
-2.53316
1.20532
0.314727
-1.54281
-1.04329
-2.12555
-0.257579
0.157494
1.45344
-0.652175
-1.54101
-0.348129
4.15094
-0.903462
-1.99372
-0.953915
1.49781
1.62653
-1.4645
1.15185
1.05152
-0.0949338
0.114013
-2.25641
1.15253
16.971
-1.07876
-0.00437971
0.0697639
-0.631295
-0.200218
-0.565534
-0.103874
0.549814
0.319727
-3.39686
-2.25876
-2.30491
0.356352
-0.558343
-0.390572
4.76956
0.310963
2.70162
1.38269
-0.35559
0.320579
-0.426854
0.577248
-0.233622
0.0373665
-3.40438
-1.87627
-1.03158
9.31848
1.45073
1.24109
-0.372313
0.58584
0.260298
0.599957
-1.59225
-3.92738
-0.547215
1.74437
-0.109666
0.862375
3.13166
3.45096
-0.30262
1.53042
0.0723565
0.764772
0.290837
0.150793
-0.268745
0.749437
-0.107869
0.0739794
-1.93289
1.2087
0.12853
-1.10897
-0.0941845
-0.108303
-0.234612
0.26705
-0.885787
2.68497
2.62897
-2.31076
0.249667
-0.941809
1.58053
1.43625
-2.27558
1.1554
1.13195
0.833984
-1.87164
-0.9903
2.7749
1.07537
-0.32052
-2.97668
0.952064
-0.323202
-2.80963
-0.139977
-3.66441
2.85494
-29.6795
-0.180706
-1.22522
-2.9532
0.719705
0.117801
2.08749
-11.8872
0.671444
-0.319955
0.13
0.92035
0.197159
0.503187
1.05411
0.0442249
6.48316
-0.648959
0.509344
-1.41687
-0.108805
6.48751
0.251957
1.97294
0.102158
0.066201
-0.799006
0.345227
-0.147008
0.311997
2.35943
-1.866
0.528671
-0.773778
-0.303261
-2.02957
-0.310786
-0.102424
0.165794
-0.465421
-0.512424
-2.73432
-48.7638
0.0556604
0.661856
1651.38
-0.131202
-0.50089
-3.57732
1.93089
2.61747
1.02136
0.332509
1.28794
1.4093
0.670377
-0.332054
1.20538
-4.57418
0.343126
0.336154
0.287797
-1.26377
1.09328
2.12297
-0.608211
0.315925
-0.836375
2.45923
0.203297
0.790742
0.111785
1.98574
0.0722144
-2.94235
0.703867
1.82633
-0.184442
-0.129143
-5.20261
1.50874
-9.79852
-0.737468
2.21409
-0.703254
-0.529085
-0.943445
-1.14037
-0.339657
0.355359
1.46977
-1.06634
0.459709
0.774589
-49.7074
-4.7538
1.69063
0.0638738
-2.44931
-1.40075
-2.91886
1.02887
-13.534
11.8793
-2.02442
-0.168001
-0.622616
12.1542
1.1445
-0.208401
-25.5957
-1.50115
-0.246969
1.65116
-0.923758
0.00447328
1.31751
0.999291
1.44006
0.203253
-1.6853
0.0562255
-0.284925
0.578744
1.24902
0.443936
-0.174115
0.32145
-2.07224
13.0334
-3.01338
0.0398428
-17.4739
-0.180056
-1.25988
-0.729153
-0.292611
3.20687
-1.34797
1.76486
0.550544
-0.594768
-1.00582
-1.46869
-0.572883
0.17187
-0.556674
0.0811176
53.2301
-0.344091
-6.18072
-0.58479
-0.829243
-0.05028
0.603534
1.25197
0.367763
0.807133
1.54109
1.0285
-0.812365
0.564924
-10.4951
-2.06577
5.78389
1.4674
3.00415
-1.41037
1.01713
-0.530689
0.420589
1.88937
-1.76617
-2.43302
2.24431
-0.247615
-0.743252
-6.04218
-4.72475
1.85176
-0.0717814
0.23877
0.684584
1.13864
-1.4118
-0.127621
-0.324653
-1.72173
-1.7571
13.7903
-0.597003
1.67608
1.03665
0.894743
-12.0418
11.2651
-0.815435
0.171812
0.667526
-0.345697
1.1133
-1.41238
1847.77
7.51713
3.74181
-0.272572
-0.545547
216.103
0.599107
2.75426
3.49473
-0.706355
-2.93392
-3.68483
0.485596
-0.326768
0.495645
0.733098
3.76327
-0.00178162
-4.05836
1.11074
7.25126
-0.13641
1.33036
-0.385026
0.829022
1.02163
-0.439663
-3.44681
0.244476
1.3207
3.23409
0.843036
-0.558296
1.86386
-0.0249348
0.133133
0.559155
0.136476
1.45224
0.51747
-0.509455
-0.403887
-0.367048
1.03188
5.40657
-0.58581
-0.803518
3.84945
12.1924
0.0941891
0.465441
-2.1455
-0.654426
-0.228133
0.505587
-0.641628
1.3112
-0.792138
0.245217
-1.5985
0.324582
0.843289
0.705017
-1.26602
-1.01427
-1.29637
1.63304
4.39589
0.299256
1.64779
-0.0130387
-0.706116
-2.7705
0.210008
0.188422
5.12475
-0.314457
-1.19957
0.736511
-1.03294
-6.1728
0.080946
1.62145
3.56745
0.182005
2.72515
-0.131881
1.06842
-1.79797
1.8155
0.376153
-34.1404
1.11483
-0.61317
1.3883
-0.0624167
1.45185
-2.16409
-3.14671
0.398768
-0.163421
-0.840266
0.0371369
0.374939
0.180669
0.284343
-0.507823
5.02737
-4.1075
1.90329
1.16666
-14.2066
-4.70001
-1.09372
-0.821395
-0.209912
-0.790923
3.66736
0.801063
-8.1388
1.5673
1.74228
-9.34098
0.890496
-0.896637
-3.93983
3.20404
0.68481
-0.51549
-0.229307
-3.7019
-19.0219
-0.302776
-0.380469
-1.01408
0.521191
-1.15624
-0.635773
-0.0456451
-0.402678
-0.136243
-0.646189
-0.538835
-0.26688
-0.0669773
-0.460685
-0.816931
-11.7534
0.0199374
-0.0277148
-0.674545
0.99613
-0.655049
1.27227
6.79059
-0.25346
6.07533
-0.138379
-0.225445
0.0263589
-2.35924
5.95267
6.87534
1.33733
-0.583893
11.9263
-0.237001
-0.456326
0.0413101
-0.0403278
2.59222
0.0991685
-0.0611761
4.302
-1.12457
1.89806
1.26297
0.132104
0.450106
-2.02313
0.25392
1.89134
-1.67605
-0.0537955
2.78854
0.0488835
36.9522
-0.000327394
-4.52219
0.749956
-2.74662
0.179126
3.37813
23.2404
0.136568
-8.04406
-2.29201
-0.414207
3.0755
-1.36949
-0.0142512
-2.46461
0.218685
0.248834
-0.800746
0.419851
0.333159
-1.15303
-0.214155
1.68359
0.17521
-1.20266
-1.20629
-1.51686
-0.0890922
-2.41781
-0.962977
0.275484
-0.291836
0.323279
-0.59689
1.14382
-0.380372
-1.31351
-0.213995
0.433568
-3.9561
0.159964
0.422826
-0.0963194
0.132522
1.80057
3.98463
1.17813
-0.722376
1.53839
0.998132
-2.19762
0.488793
-5.82373
-3.10313
0.710809
0.00396386
-1.41643
0.0264014
1.49695
-0.172548
0.851802
-12.6799
-8.62544
-0.0996796
2.27121
-1.79543
-0.499041
0.395152
0.660102
1.33283
-2.33699
-0.436173
-0.450307
8.01272
0.383938
-1.24394
6.59236
-0.565499
-0.0509112
3.26456
1.61404
1.43343
0.681946
0.325674
-0.819196
-0.303567
0.10509
9.33039
1.10958
3.97308
0.376579
1.16075
4.85835
1.2837
-0.503905
39.6978
0.846503
-0.659222
-3.80685
-1.44586
-0.00969905
0.78691
-0.830886
-0.148999
-0.118626
0.0276596
-0.0978349
1.74865
-4.7505
-0.48355
-0.00757478
-0.629395
0.158599
0.0730635
-0.269104
-2.41189
-7.79946
-44.2886
0.540954
-1.10889
-0.673866
-0.336225
5.97854
0.194106
-12.9361
1.90337
0.665885
-2.03295
-5.87716
0.680016
1.90123
-0.372499
-1.67317
0.699809
1.54189
0.778441
0.575856
-0.567617
0.574052
0.0263726
-0.0756592
-3.07331
1.12426
-0.477905
-0.429576
9.16483
-0.549049
25.7372
-1.70082
-3.75051
1.76891
-3.24817
0.0515572
-0.280262
2.90176
3.08896
-0.145588
0.231414
-0.451349
-0.248715
2.09559
-0.0979666
-1.0811
-2.22457
-0.578625
-2.70313
1.47854
-0.206735
0.978669
-1.83351
-0.281748
1.1476
-1.0751
1.04464
-1.46043
-1.75729
-4.18806
1.62223
-9.87456
-3.0269
0.204153
-1.10743
-0.687927
0.0807606
0.72072
-3.17032
3.57082
-15.7293
-10.2607
-0.161044
0.390087
1.86053
-0.550419
0.00549102
-2.14386
0.308599
-3.64549
-1.7342
-4.46766
2.21823
0.786638
1.87358
5.2945
3.16989
-1.11708
-0.665657
0.336499
-0.299673
1.39004
1.61091
2.54553
2.93921
-0.496402
1.138
-0.628701
-0.623323
1.60431
-0.493108
2.14045
-15.8888
0.429659
0.894066
0.310712
-0.45494
-0.198995
13.6159
-0.197705
0.209792
0.822853
0.983
0.181227
0.627097
-0.720948
-0.257007
1.98473
-0.6167
-0.775672
-0.253225
0.145676
-1.81717
4.17971
2.97621
-182.204
-16.8789
2.7421
-0.312281
-1.65447
0.746334
-1.27574
-16.4094
-0.305315
-1.46673
-0.0614208
1.15302
0.414572
-0.0024427
1.44251
-0.473372
2.48181
0.878989
0.946306
-1.34791
1.44573
5.755
0.573439
0.395458
-0.536336
-3.3284
-0.32996
-0.258385
1.20329
0.0184371
2.54415
-2.087
1.19281
-0.388813
0.186612
-0.586535
1.0664
2.29695
7.37161
-8.82327
1.56242
3.90903
-8.73387
21.4371
0.896672
-1.96032
-1.02304
0.347225
-7.6891
0.942673
-1.20045
-678.823
-0.473941
0.14402
-0.984974
5.60594
-0.63384
-0.0802313
11.4727
0.00235954
0.179635
1.92854
4.99351
0.140996
-9.35019
0.109244
-0.250106
0.851621
0.458563
0.0598523
-15.5564
0.526959
-1.95403
-1.48652
-0.325406
-0.10837
-0.247779
0.506028
0.209566
0.522039
-0.120257
-2.05244
-0.125809
-0.806385
-1.47979
-7.25303
2.47516
-1.02834
-0.381114
0.336065
-1.42503
-11.733
0.538121
4.62164
3.6721
-0.0755081
1.85107
-0.400955
0.552072
0.372658
0.25478
-0.559889
-10.0017
0.534355
1.28139
0.482289
-0.597349
-0.963249
0.789084
-26.3727
3.20913
-1.64792
2.43998
-2.2509
16.1446
-0.566517
-1.85378
-12.1712
513.999
1.85822
0.775816
-1.14514
-0.220034
69.001
-1.62168
0.265337
2.00343
9.8643
8.61507
-1.23285
2.02423
-1.7027
0.549659
-0.206448
1.23347
0.327472
-0.320567
-0.909637
1.43985
-0.949796
-0.232064
-0.315113
-0.0351231
0.376843
0.331386
-2.14902
1.72563
4.68835
-0.129072
3.07492
-1.55463
-1.94731
1.40994
0.150596
0.780359
0.51107
-4.39711
-2.0603
0.361732
1.04066
3.71098
-2.14456
-4.27186
-0.379555
1.6585
1.01364
-0.263413
-3.23654
-0.955451
0.392922
-1.48638
1.34831
1.00564
1.45417
1.88676
0.0116449
-6.03315
-0.938812
-1.1503
0.334012
-3.68456
-1.94093
1.05814
1.81802
-2.09362
-2.44656
-0.81754
-1.02536
-0.0930895
0.46332
-0.226028
-3.01771
0.659813
0.945983
1.33589
-1.87295
70.9506
-0.247152
-0.65743
-3.46156
5.00754
0.678735
3.48757
1.68747
-8.92064
4.11874
-0.177938
-10.9297
-0.38574
0.0871814
-0.0511661
1.17778
-0.795678
-4.71963
0.677975
0.0458346
0.708508
2.76286
-1.1165
7.09724
0.902082
0.43699
-0.232008
-0.39086
-5.39589
-1.52543
0.465792
1.06946
0.473946
-3.025
0.579268
-1.45583
-0.252173
-0.710738
1.19885
1.44057
2.30393
-0.984157
1.40349
2.91117
-0.881678
-101.157
-0.738337
1.83943
-5.67707
3.49204
0.363159
3.84118
-0.553304
-1.0726
-1.50638
4.44222
-0.857714
1.46965
-6.79326
-0.143355
0.304803
0.282364
3.75157
0.89754
3.29108
-1.00664
1.05025
-32.5555
0.19776
-2.19463
1.5345
-1.5932
-0.31601
-0.293352
-12.1897
-0.1654
1.61597
0.801747
-0.571018
-3.22549
0.344282
0.237682
-3.65604
0.563342
-2.25571
-1.36312
-4.69846
0.0112617
-2.14345
-0.878549
-0.187504
1.40938
-1.13648
1.02496
-20.0546
-2.1257
-1.26742
-0.399563
4.45791
0.0506446
5.2455
-0.685791
0.695095
0.160503
4.31883
0.481099
1.31062
-3.88866
0.438657
-0.219803
-2.11772
0.298244
2.1576
0.588671
-7.46837
-0.0782224
0.0035943
0.752951
4.43348
0.167321
-0.535665
0.0584308
1.50963
-0.174457
0.0447662
-1.07504
0.282581
-0.963024
-0.39338
-0.893403
-0.992902
-0.210626
-3.02617
0.209142
0.825875
-0.0301618
0.84136
0.205447
1.28703
3.15394
5.03587
-0.908071
-0.435519
2.78204
8.30041
-3.10629
-0.257756
11.9003
-0.805212
4.17774
2.28984
74.4143
9.95631
-1.59504
0.711547
0.386418
-0.0657709
0.984769
0.217836
0.445465
-0.955688
-2.45876
2.43825
0.504935
-1.57039
-7.59686
-0.293151
14.4596
-1.9771
-3.47976
0.295578
0.689193
6.53056
-2.47801
-0.559417
0.726034
1.07447
-3.89584
47.7824
9.23558
0.61656
0.803759
46.5486
-0.168849
-31.9158
-0.276149
-1.60468
-1.06381
-2.13633
2.42343
-24.3899
0.235901
1.98402
0.790141
-3.0442
0.482678
3.12462
0.371847
0.379291
0.0276596
-41.0985
0.277246
17.3637
-2.62184
-0.759653
13.0664
2.91452
-0.229402
-0.51092
0.423674
-0.297102
-0.880289
-7.20521
-2.28998
-0.099492
-19.3241
45.539
-4.93445
-4.54221
-2.00423
0.427692
-1.60841
1.02273
95.1511
14.6547
-0.130171
-2.62718
6.8131
9.50796
1.77736
-1.08554
1.85703
-1.9102
-1.04637
0.845463
-1.17863
0.21544
22.339
0.376353
0.400842
0.22703
0.0109801
-0.32079
-5.26531
0.444402
-9.77181
0.453019
-0.93481
-0.564383
-0.0656698
-11.2164
-3.29401
9.50193
0.245221
2.40815
0.761713
-0.289924
-0.0422579
-0.156796
0.520549
1.63897
-0.0881012
-0.0201522
-0.314807
-0.443829
0.461383
1.15666
-1.22523
-4.19697
-0.162112
-0.689983
-0.69558
0.17754
0.406288
-1.19462
0.879231
-1.94402
1.19237
-1.42339
-0.836742
-0.0612731
-3.75377
0.385417
0.112941
-0.128488
-2.73494
-26.8602
-5.09064
0.111822
0.468567
-2.58127
2.01891
1.65663
0.296144
1.14944
-0.626034
-0.0481306
0.0774283
5.25694
-0.0207357
0.509912
0.276121
2.03092
-1.11871
-0.949359
4.03042
-1.02709
-0.779672
-1.0815
-541.915
-0.111978
7.24048
1.13617
0.438639
-0.682404
-1.53227
0.894485
-23.0097
-0.0992782
-9.8635
0.0811444
-0.150603
-0.160564
-1.08046
1.02853
-0.841554
-7.38889
-2.17149
1.25766
1.67814
39.9675
7.03904
0.4764
-1.7537
-0.483895
-51.0599
-190.41
0.684433
1.24942
-0.842838
1.51656
-0.085763
0.749075
-0.449977
-3.17822
-1.44853
-0.177459
-0.587103
-0.337012
-2.40904
-1.89861
0.585547
-29.6343
-3.58366
0.432366
0.348574
0.959035
3.10924
1.90892
-2.21403
0.470384
2.01281
-1.3385
0.343006
-22.711
8.30456
0.365697
-2.24873
-9.61879
-0.477391
-3.28059
-1.3868
-0.627058
-5.74803
0.0502256
-0.718299
-0.736859
1.68408
-2.46013
6.46569
-0.520293
0.510885
-0.536667
8.05033
-0.936635
-1.16698
4.10932
-0.1336
0.26527
40.9863
1.97559
-0.544782
-0.302318
0.70183
-0.485915
-0.30514
0.294892
-5.83868
3.26428
6.24285
-3.71485
0.981722
0.221661
-0.0339804
1.73666
0.887043
-0.696378
14.8077
-0.66758
-145.636
-5.90083
0.239509
0.705757
-1.03585
-0.987249
-3.18513
2.42978
4.57582
0.324389
0.26051
-0.333617
0.689282
15.0803
-1.77926
0.32346
2.39153
-1.67658
-0.276635
-0.228614
6.61733
-2.39271
-0.135738
5.18484
1.25379
-2.02617
100.94
-5.31775
0.884724
1.6733
2.23012
-3.10934
0.606622
-0.55857
4.87039
-0.579585
-0.19877
-0.19288
-2.46497
23.8014
-0.114771
0.150972
0.647926
0.809873
1.30656
-2.89605
0.622003
-0.704443
-1.65386
-1.33818
-1.45197
-0.644033
0.216796
-1.39552
-5.62188
-19.295
0.637149
2.73355
47.9656
-1.17733
0.912571
1.27098
0.627463
-0.700831
-2.31302
-1.31814
-0.357645
-2.36192
-0.34276
-12.9052
113.261
7.56135
-5.60987
0.303851
-10.4877
3.92927
-0.472351
-0.603233
0.215047
2.05869
0.665946
-1.66641
-0.0381823
-0.231239
-20.0531
1.76771
-1.63208
6.02033
0.160294
1.19076
0.751117
1.78421
-1.65123
0.0639771
0.0386785
0.732759
0.0357891
0.714711
-2.63077
1.03696
-25.4523
0.86902
-6.61831
0.33919
0.542436
0.0315331
-2.54005
-4.21268
6.19833
1.35404
0.778043
1.14379
-3.71758
0.88295
-1.44368
-4.27019
-0.980185
0.399421
1.37835
-1.64449
0.0695362
0.692449
-0.438264
-0.554275
0.313872
0.948529
-2.30949
-0.448427
-5.87081
-0.824945
-4.38137
-1.76565
-0.512131
0.874856
1.61311
3.3927
0.448621
0.813954
-0.437716
-2.11065
-0.32634
-2.15092
-0.291234
5.56672
-4.09167
0.70629
0.223438
0.401044
0.172925
-0.3496
3.19103
0.144785
-0.80184
0.283951
1.46676
0.436298
-1.983
-0.451113
-0.346495
0.447841
-7.84211
-0.234152
0.973578
0.568329
-0.34174
-0.516662
-0.523192
-0.960965
-0.238606
0.666694
1.73841
0.259256
-1.22928
-0.262115
-0.835096
-3.40022
-2.87728
0.795765
1.04523
0.0869218
1.60459
9.95188
1.11423
4.54757
-2.80502
2.22552
0.143598
-0.0244671
-2.69944
-0.354399
1.92246
1.38407
-0.106607
-2.41987
0.580147
0.565416
-1.63886
0.149223
1.08885
-1.7139
-1.66472
-9.08302
5.96573
-0.587462
0.143147
0.730842
1.13764
-0.105753
-1.08025
-0.42697
0.134847
0.0175113
0.911416
-1.64803
-1.28675
1.70925
-0.622299
5.52275
-0.287813
2.40348
0.164269
2.27811
-0.1708
0.266632
-0.285187
-0.551415
0.698108
-13.1532
-1.51486
-1.01076
-0.35033
0.150732
-0.739781
-0.672059
-0.828204
-1.70876
0.814335
-1.75432
-0.472205
1.59002
-0.936166
1.02876
-0.270215
1.69283
0.870421
-1.34513
0.774403
-51.2581
-0.990434
-19.0903
0.760468
-3.77548
-11.0104
3.8429
-0.202187
-0.556221
-2.35608
-0.258481
-4.23194
-5.47701
-1.59808
-0.0728848
-1.66612
-0.212393
-6.29168
-0.0332825
-0.599299
-0.136297
-0.321639
1.32672
-0.44055
0.43314
-40.8232
-0.153594
2.77011
1.15407
1.49839
-0.750547
-0.248488
-2.95443
0.385407
-15.7855
2.40009
1.76362
-0.265087
1.86654
-0.387651
-7.14191
1.72938
-0.170088
-0.826236
-1.92784
-0.929187
-0.626278
0.0135285
-0.94084
-25.8211
-2.08577
-0.622817
-0.858068
-0.628101
0.46508
-0.18413
0.229383
2.57146
-129.124
-3.19269
-1.69701
-1.11841
0.855695
-2.92096
-0.716024
-0.329184
1.19226
0.673925
-1.24817
1.34419
-0.783609
-0.546586
-10.0093
-1.20742
0.10209
0.394513
-9.47865
-0.483673
0.817645
0.00351718
0.414553
0.200938
-0.621653
-5.13193
4.20445
0.247578
0.479513
0.625025
-0.889008
0.297754
1.3124
0.547401
-2.46581
6.45265
-2.35659
4.58084
7.06317
-1.892
-0.493169
16.6653
-0.0349985
-0.224409
-0.0378708
-1.50566
-0.0656267
0.607504
-5.11561
0.373256
0.52765
12.8648
-6.5907
0.415823
0.218974
-0.693177
-2.22913
1.09949
1.78175
0.117362
-6.69961
-0.34711
-0.807663
-2.98386
-0.352079
1.7437
1.74292
17.2889
-2.31867
-1.28159
-1.0084
1.42039
0.317284
2.51165
1.63971
1.74264
0.237971
-3.68758
0.563298
-1.37599
2.4412
-1.90019
0.845168
-0.539239
0.20162
0.89447
-0.493823
-0.120835
84.3325
7.6301
1.73267
-0.609639
-0.461908
0.165563
-0.413453
1.32249
-0.54935
4.30813
0.23287
0.147881
-0.682996
-299.793
2.17557
2.37792
2.56038
0.246799
2.69381
4.57315
7.84719
-2.80353
9.83998
-4.72482
-0.288915
-0.218961
2.12395
1.97515
0.429045
0.0253479
1.07511
-1.31721
0.355277
-0.424325
1.35158
2.8755
3.28478
1.69797
-34.1876
1.69016
-0.415744
22.0302
1.15868
-3.99543
-0.0819271
0.407022
0.48451
-1.42914
-8.57825
0.398862
-0.710332
-0.790589
1.26455
-19.5345
0.508096
-1.92714
1.10886
0.455916
-0.36861
1.98317
1.24847
-0.687667
2.71901
48.7012
0.354703
2.30749
0.792048
0.607002
3.76527
-0.555042
-2.29697
0.954298
-2.82353
1.06187
-0.886524
-6.27513
-0.950691
-4.30188
-0.82253
-4.07939
-0.0463997
0.855088
-8.98936
-0.208624
-0.149403
-1.82979
-0.455929
-27.7089
0.926397
-0.205763
1.04248
1.22162
0.433199
-0.347538
-0.147391
1.53522
4.04863
-0.333204
-3.32734
1.62885
-1.07348
23.6723
-1.46426
-1.19092
-1.97875
5.36971
0.538223
0.515232
-7.69573
-0.586726
67.0872
4.435
0.198532
-2.81204
0.372255
-0.795202
-1.38857
0.175207
-0.173686
0.486105
1.19497
-1.20247
0.328119
0.427685
0.0793784
0.205162
0.389003
-0.178953
1.54989
7.59936
1.23711
-5.35418
0.215246
-0.00165824
-0.212086
-2.479
0.569233
0.612419
1.34244
-0.781119
-1.50148
0.234491
-1.11927
-0.506473
-7.8665
-0.49202
-0.91053
0.429922
1.1651
-3.06324
6.1622
16.48
3.6163
-2.28696
-0.232246
0.869
-2.58934
-1.43037
-0.707325
0.365288
0.471836
0.352784
-1.82517
-5.64718
-0.831675
-3.79298
-0.191774
0.595185
-0.339065
-0.550976
-0.199113
4.59287
0.334056
-0.850527
-0.455991
0.611592
1.85812
1.31596
3.91414
0.768129
-1.69341
4.67522
-0.167837
-4.03439
0.339839
1.93545
5.06864
3.00973
0.650981
0.551959
-11.8006
-1.61657
-0.939949
-0.0758844
0.708356
-0.113282
1.57934
0.884447
4.37254
3.06335
-2.742
0.354967
26.8532
-0.782954
0.386152
-1.19831
-0.326203
16.5543
7.51019
-0.288037
-2.92304
2.89895
-0.258094
5.63597
0.277283
-15.5848
0.137419
-1.74838
21.3169
3.55562
-0.744287
-1.62988
-1.10195
-1.13354
-1.37514
1.46075
4.29016
-0.0423427
0.599316
-1.43843
1.53946
-0.846947
0.0306482
1.19667
-0.296846
1.59232
-1.54845
-0.308614
0.742691
0.20384
0.137723
-0.835241
0.781975
-0.201213
-0.0778987
-0.194686
-0.32956
0.137634
-0.283294
-0.587599
-1.83409
-0.691735
1.44021
-25.6519
-1.90656
-1.62594
-0.0948465
-8.27333
1.23899
-5.99203
2.58856
0.259215
0.114724
0.171157
0.215292
-0.415895
-1.07176
0.311993
-0.353531
1.73525
0.821136
2.22974
-1.12752
0.0225518
0.533276
-0.696556
-1.96985
5.58663
-0.412141
-0.489667
0.226967
-1.7725
-37.9186
0.0672359
0.514793
-2.2
-2.04951
1.08236
-3.54885
2.31864
-0.641482
0.246003
-1.64905
0.402606
0.360065
1.66395
-0.589098
-11.1914
1.1059
9.86941
-0.629822
-1.13125
0.743237
2.23293
0.40045
0.849833
-0.261847
-2.54313
-2.30188
-1.76813
-0.752617
-1.61713
0.73355
5.42631
2.9107
-0.404961
-0.0749649
-1.18269
0.198294
-3.61249
-0.722997
-0.322097
1.46033
-0.716019
0.365137
0.227315
-0.0527531
1.4161
-1.92733
0.427724
-0.665003
-2.99956
-1.48057
0.438984
-0.0974269
4.86672
14.9596
-4.1882
-0.116713
-1.962
-4.77258
-3.49748
1.44808
-0.0285716
-0.358461
-4.60189
-0.0718174
2.97036
0.26851
-3.38438
-2.34417
0.136775
0.00961078
-0.988293
-1.01741
-1.12698
2.02767
1.08445
0.380161
-0.820509
-0.407238
0.975838
0.595379
-0.570434
1.79785
2.66294
-2.28733
-1.95793
-2.55039
0.969635
0.135976
-0.225881
0.814192
-1.03268
1.24693
-60.9143
0.556349
0.00915368
1.7265
-0.164185
-1.40137
0.0512308
1.44388
1.0276
1.86851
0.901658
-1.28182
0.471107
9.0692
1.51144
1.68461
1.79635
-0.103852
-0.585295
0.534968
-0.45886
0.115889
-6.46362
2.22477
-4.74973
-0.0254748
-26.8114
2.74277
4.31889
-1.49862
-3.10398
-0.264654
1.56891
-0.154794
13.5345
-1.30509
-1.08479
0.157696
-0.142054
-1.44629
-0.186261
0.105884
-11.3836
-2.6189
-1.54177
1.36086
-0.0778413
3.698
0.930101
0.250878
0.665344
1.43963
-0.84699
-3.13942
0.637642
0.60332
6.82698
-0.123034
1.48798
-0.8415
1.63547
-1.27716
0.355368
-3.96028
-0.682113
-10.947
11.083
-0.313735
-2.39394
1.27403
0.568931
-0.322109
-0.880664
1.92936
-0.336055
2.0401
0.250444
6.93061
-2.27771
-0.00203292
-7.71605
0.248011
0.781008
-1.32664
-0.249913
-0.611654
-8.65559
-1.94823
-0.0119954
1.18749
1.76925
22.9965
2.28165
0.0841546
3.88649
5.2624
0.830526
-0.448507
-0.0667955
1.291
1.32337
0.733906
0.821495
-0.0874822
0.517617
1.58832
-0.279116
1.51749
2.55591
-0.69803
6.33137
-1.82914
4.1586
0.0227694
-0.265324
-0.185663
-2.86951
1.14234
-1.8214
-0.851406
5.82415
-1.0121
-1.95456
0.427041
1.47657
-0.696571
-1.23945
-0.511038
-0.0911488
-0.17607
0.0918472
8.55441
-1.12518
-0.892027
-0.241128
-0.826507
0.0217212
0.473599
-1.23653
-0.829778
-0.522038
-3.28283
0.618868
1.47292
-1.18465
-0.0124824
0.860216
0.72742
-2.24468
1.59523
2.33586
-1.49692
0.957619
0.33452
-0.575185
2.35366
5.20581
0.575323
0.794586
8.67721
-1.7274
0.056332
-0.0142571
-15.5791
0.220081
-13.728
0.455341
6.05456
24.954
0.901007
1.28084
-1.23179
2.36138
0.305357
-3.88475
-0.553148
-1.70862
-2.71671
0.0914728
27.4783
-1.63216
-3.11066
0.54178
29.7351
0.309582
0.164244
-2.0429
-7.69765
0.691563
-1.055
1.43403
0.466717
-0.59708
-0.675025
-1.68881
-0.0549882
-1.02626
-1.02283
-0.10468
1.16
-1.78026
0.15199
-0.942569
-0.175452
-10.2522
-0.494596
-6.47605
0.00482596
-0.510673
-1.75196
-11.0732
-0.0249845
19.3572
-1.53828
-0.124554
0.153349
-17.09
-7.41989
0.77566
0.324749
-0.492133
1.73628
-0.482738
-3.73169
1.65292
-1.70299
0.380368
1.80595
0.0335022
10.872
3.14538
0.559618
0.578577
-9.43494
-1.15824
-1.56221
0.668397
173.723
-0.596203
-4.23658
2.49234
6.28354
-0.5088
-4.76831
-0.204637
0.541856
-0.479649
-0.685023
-0.563873
0.775714
-1.10019
0.064953
1.86798
-2.35922
-2.11925
-0.934212
-10.2811
-1.95409
1.27431
0.887526
-0.939337
1.47898
1.44443
-4.6458
-0.714901
1.49964
-2.80775
15.9683
-1.34422
0.356626
3.75858
-0.910737
1.12316
5.1117
-0.233536
2.06368
-0.278129
-0.0895945
-1.95519
-2.77291
-2.04139
0.0693122
-1.06755
0.103296
0.26794
-0.0655269
-0.216597
0.183832
0.580388
-4.74051
4.82388
1.10204
-1.26811
0.363896
-0.563253
-0.198524
0.360156
-6.29071
0.0470194
-6.91116
-1.16531
0.598298
-3.09716
-0.37787
0.0738407
3.73416
-1.82375
-5.40856
0.0695738
0.405914
1.88662
-21.1309
-1.10769
0.401059
-0.644886
-0.962219
-0.128135
1.15623
0.978431
0.754864
-0.360652
-0.119611
1.09806
8.33589
-0.258594
3.71181
0.937676
-1.64975
-0.336331
-19.4831
0.470569
4.67109
-5.12445
0.299861
-2.17558
1.15184
5.10422
0.205139
1.93981
1.39553
0.477076
-1.75737
-9.99205
-2.06111
11.0112
-0.462893
-0.264846
-1.23707
2.17913
-0.506207
0.845912
-0.121446
-5.33224
0.156678
-0.349737
1.73424
-2.78017
-0.940941
0.209429
-3.39062
-1.16852
-0.521608
0.653268
0.426511
0.469132
1.28199
0.339096
14.344
-2.77898
-0.0533439
3.05484
-1.61318
-0.644924
0.0925375
-1.73376
0.0539715
-1.97716
0.128523
0.503687
0.959496
1.57728
-32.6161
-1.77496
-6.90515
0.908478
-3.9616
-5.47867
-3.12569
2.37873
-0.860509
-0.897247
-0.343547
2.21388
128.744
-0.751407
-19.9885
-5.34072
-0.524811
-0.433035
-1.31635
0.543616
0.581249
1.40149
-0.387011
21.1302
-1.65816
0.978062
3.32342
-0.782587
1.6265
0.357361
1.01565
-1.31845
-4.39847
-1.28755
-0.551784
-0.402402
-1.8281
0.36532
-11.6782
-1.60708
0.396017
-1.35791
-1.90584
0.738993
2.86179
-9.8442
0.848485
0.825967
-1.02128
-1.1116
-16.0939
-1.80263
-0.243313
-0.370681
-16.5164
-10.9881
0.125878
-0.371646
0.699553
-0.299038
-0.420385
-1.06166
-0.296678
-6.42695
0.0622287
0.652601
1.79013
-0.907569
-12.6951
1.26376
-0.259008
-1.20255
0.933722
-9.53625
-0.761266
-2.63942
-0.864849
2.09594
-0.486818
-7.20064
-1.68838
-1.35688
-0.775185
1.33941
0.892635
-0.532939
0.0176557
0.644072
-0.507319
1.33037
0.914377
-1.01605
0.539002
-1.3704
0.597646
3.55645
-1.26339
0.19328
-0.463003
-2.73961
0.963015
-1.11574
-1.23961
-2.40976
-0.25009
0.0877613
-3.65422
1.40975
0.895435
0.507892
-2.98636
1.20478
2.17421
-0.241987
-0.257208
-1.41761
-5.97737
-10.7504
0.439462
1.04706
-1.32907
0.483767
-1.08246
8.62805
-0.0927447
1.1002
0.876007
-0.420702
-1.80333
0.328422
0.0907567
3.2752
2.40872
-0.610087
0.961635
-0.130523
-1.36821
1.02493
-1.88538
-3.61717
7.36573
0.898189
0.943971
2.82343
-4.07933
1.0977
1.50494
0.0456968
0.266438
0.11043
-1.03126
-1.24246
0.0361169
-0.542825
0.456998
-0.868386
-2.14368
-1.00594
-0.699302
0.244467
2.44478
-2.36647
14.7396
-0.131841
-4.68273
1.0391
0.293656
-3.12683
0.192643
0.617253
35.4593
-1.9149
-1.89449
-0.174626
-37.6776
-7.97314
-3.89506
-9.97755
0.354094
0.750033
6.65635
-8.95687
-4.59321
0.229741
0.880429
0.751091
-0.028418
-4.78175
4.12519
6.73269
2.12948
2.5827
1.32521
6.2551
-0.472719
0.5375
0.352923
2.65576
-2.57689
-0.228325
10.592
-1.9732
8.11434
-0.79684
-1.56128
0.800349
-0.435939
0.469857
0.931263
1.9979
0.57281
-81.7644
-0.43399
-0.296155
0.511135
-2.23059
5.34634
0.0733251
-0.406163
-0.0668882
0.408138
0.444868
0.560459
0.31601
1.08892
-0.192888
-4.34652
-0.205765
3.62659
2.47252
0.322154
2.36377
0.907304
-0.671442
1.83191
-10.5414
-0.456687
0.593886
-1.88103
0.043028
-1.74332
-1.42397
1.52844
0.444237
-1.2954
-2.35501
-0.154378
-3.83741
0.903348
-11.6509
1.33042
-0.240143
-0.462809
-0.0192536
1.03439
1.28484
0.352064
1.01386
1.12522
-0.152181
10.1585
0.343053
544.327
1.09246
0.582553
-0.413418
1.93711
-0.564553
-21.1052
-0.888621
-3.18987
-2.45009
5.56015
0.131437
-0.457303
0.761558
-6.58833
-0.220913
-5.47151
-0.417284
-0.287052
-0.976305
-3.89523
0.285525
0.274331
0.745642
1.35222
-1.45648
1.03889
-1.39031
0.372837
-0.0637312
0.737981
-0.605579
-0.393462
0.162005
0.27392
1.51593
-1.53519
0.542324
0.504457
6.01604
-1.14678
-0.353959
3.60188
0.765422
1.9884
-0.490427
-2.05897
1.04878
0.103384
0.0174895
0.0577228
-0.68218
-0.608214
2.5011
-1.05318
-0.200681
1.28743
-1.47216
5.74033
1.08425
-0.735009
0.0241653
-0.6244
-2.13722
5.62466
-0.557036
0.378602
6.98992
-3.83459
-27.0177
2.64212
-0.709757
-1.51871
-2.80125
0.131208
-0.67251
-3.87839
-6.313
-0.462358
-0.108898
3.0634
-3.74665
0.689836
0.101061
-0.66874
-0.523773
-1.75723
-0.209539
0.662176
3.04701
34.3738
1.14895
1.53779
0.16521
0.272579
-1.3394
0.740608
1.08681
-0.572038
7.66956
-0.451051
116.781
-5.85977
1.30065
2.4851
4.22093
1.89018
2.75293
-0.375928
-1.90338
0.142172
1.53169
1.02976
-1.00142
1.66756
0.163111
-0.18866
0.184984
0.497447
-3.37393
2.6199
-0.627294
0.434354
0.780363
87.5429
-1.57989
-25.1195
0.968839
1.29017
-1.28361
0.830379
-1.28867
0.0507181
1.2105
-0.0174204
-0.166321
0.161258
4.52902
3.06451
0.5572
-1.62611
0.586794
-0.600539
-1.09951
-18.5571
5.31295
0.220485
-1.01204
0.631329
-0.204596
-1.27071
-4.47549
0.323439
0.308783
-0.204898
-1.49735
1.29154
0.943621
-5.24369
1.58172
-0.335984
-0.467371
4.17566
-3.17837
-1.03814
-9.2378
0.150705
0.459521
-1.19023
1.52439
3.41289
6.23299
0.85034
-1.35978
-0.322419
1.92258
1.46191
12.6186
-2.63891
0.36099
0.0482072
0.167449
0.261285
-0.230235
-2.38489
-0.613738
1.33069
-6.96275
-0.623085
-0.658099
-1.20972
2.31818
-0.529573
-4.17232
2.29774
-1.43423
0.219952
1.88981
-1.03182
1.62105
0.0348899
0.408818
1.97182
-1.1192
-1.18047
-2.12801
-1.25403
-0.806463
-0.0974921
18.2368
-0.498239
-0.0317779
3.64085
2.90885
1.73644
-0.827108
12.7099
-1787.33
9.46797
0.419005
0.705125
-0.452075
-3.93814
-9.39071
-0.764383
0.380816
0.539294
1.82453
-0.291123
0.237859
0.695962
-0.451342
1.83819
-3.45811
0.659499
2.15902
-3.34
-8.79638
-2.27382
1.08311
0.72168
-1.6851
-0.708956
-0.959901
-0.77851
-4.00732
1.09269
13.4299
2.97648
0.00412407
-1.35274
-1.58598
0.164884
-2.91497
-0.645099
-1.04797
0.22332
-1.32771
1.49201
-2.50329
0.641282
0.660375
-1.8929
-0.605772
-9.38504
0.186362
-2.03535
-0.252242
0.140121
-1.3177
-11.9143
-0.182249
1.85823
3.93706
2.93413
-0.509755
-0.0829277
-10.0084
-0.206742
1.44068
1.29042
0.669408
5.48635
-0.261413
-0.333068
0.249927
0.521202
-3.56854
0.523454
3.76517
-0.595204
-1.06102
3.03799
0.0989567
1.57093
-0.608966
-0.841822
-0.014164
-3.69198
0.88841
-0.284379
0.122612
-0.617744
-6.07794
-0.73103
-1.15275
-6.09329
0.888329
0.758841
-2.13045
4.13257
-1.14385
-0.0340138
-4.16482
-4.03865
-1.11573
0.631214
-0.184604
0.884714
-0.14151
-0.903613
3.26898
0.168961
-0.724531
-0.781817
-3.11632
-0.833744
-0.344158
-0.0476459
0.252086
-0.312193
0.0211605
-1.13014
0.0303114
-0.0356008
1.28031
-4.81067
9.79488
-2.98341
-1.12042
0.410458
1.85399
-0.894398
0.384329
-0.20422
0.312396
-0.810284
0.116144
0.402182
-0.0893852
7.76452
5.88958
-2.65028
10.2966
2.38763
-0.0898862
-0.286962
0.825821
0.671284
2.23772
-10.0052
-0.395604
0.149792
0.558002
0.254817
-0.271097
7.76144
-0.00970542
-0.270697
-32.8394
0.0524848
1.39793
-0.958692
0.736055
0.313724
0.121208
-1.10204
-0.154836
-0.230908
-0.8339
1.60906
1.11937
-0.767334
-5.53911
-0.939953
-0.146631
-1.06327
0.212141
-0.799362
0.932624
0.43077
-0.786113
2.44205
0.438796
0.208629
-0.921794
0.63029
1.51335
0.0783728
-2.72512
0.789642
-1.8625
6.24305
0.539135
-8.35114
4.1874
-0.0855079
0.159875
-3.46865
-8.30479
-7.24091
0.290336
0.346873
0.62959
6.38322
-2.1314
-2.61796
-0.041561
-0.00187842
-29.3412
-11.5914
-2.04696
0.576021
-0.494134
-4.90087
-4.09143
1.00261
-2.33791
-1.01074
-1.64426
-1.96098
-0.379474
-0.515609
4.26162
0.388142
-0.627536
1.54828
-0.503418
-0.271716
0.0658229
-2.42715
13.279
2.40959
-3.59184
-2.30293
-0.216772
-3.08401
-2.15641
-3.5088
0.163449
0.163109
-1.28162
41.4432
-1.8223
0.310771
2.19122
0.375342
3.30526
1.84606
-3.83167
0.391094
0.932321
-1.04377
2.40463
1.60087
-1.7335
33.9077
0.230997
2.62628
2.98792
0.420803
-0.0844969
0.280366
-1.29906
-0.0267749
-0.644128
-0.951336
-0.0703515
-0.121907
-3.33165
1.79657
-0.34331
-0.603103
-0.62587
-0.236762
1.32007
-0.341112
0.743256
1.28414
1.26839
1.4067
1.87662
-2.89162
0.327903
-0.430105
-1.21285
6.2065
0.0172436
1.38209
-0.822341
87.6903
-0.111838
3.44963
6.87897
4.7132
-1.40017
13.6805
-0.451889
-1.56357
0.133877
2.45907
-0.254745
-1.51978
-0.875558
0.275159
-0.277235
0.411077
-0.488705
2.19721
1.96944
0.983089
-0.10308
-1.72889
0.286087
0.472077
20.6052
-0.26645
0.618712
-1.36259
0.475044
-0.405301
-1.90869
-0.258244
-0.680661
1.25449
4.18198
1.35552
-1.39861
0.645923
0.274419
1.42813
-0.344242
1.53031
10.2932
0.466678
0.0754259
0.095546
-8.97404
0.32237
4.30298
8.07919
-0.320062
0.244961
11.4225
6.49055
-2.32438
0.52537
0.955232
-1.47538
4.98718
-1.53498
-0.115251
-0.726559
-0.435833
11.5444
2.35937
1.37622
-1.59411
1.85818
0.408292
-5.60734
0.0247918
2.8268
-0.636181
1.6452
1.86814
0.210217
0.00475513
-1.00354
-1.61579
-0.966745
1.38222
1.77362
0.410399
0.795639
-0.366101
-1.99874
1.11399
-1.16211
-5.02608
-0.0996025
-1.23507
-1.0669
-23.0917
-0.433462
-2.61485
-3.85634
-4.77892
-10.2629
-0.866846
-0.0138778
-0.010272
0.118037
2.43387
6.95816
-0.689615
4.79154
-48.2217
26.2749
1.46136
11.3875
0.432846
-4.43415
2.32048
0.198777
-9.9962
0.974344
-1.14152
1.1837
1.22382
-0.040651
-0.385254
0.00707334
0.381683
-1.4469
-0.826667
3.22318
-11.0428
1.79514
-11.4219
1.28119
127.392
0.201038
18.4966
0.0805632
1.78872
3.90393
6.44103
26.3175
0.520681
-23.6635
2.97815
-1.9953
1.00836
-0.788366
45.6121
0.167657
-0.0542777
0.294658
-0.365327
0.0515968
0.231915
-0.835666
0.0723554
6.22831
1.04611
-1.22481
1.67161
-0.508358
0.0610646
-4.092
-0.573549
0.0410519
-0.48216
0.900641
-27.6261
-0.265944
-0.79204
0.130389
-6.09663
5.502
-0.487484
3.16389
21.4358
-0.528136
0.380439
0.364433
-0.71169
0.653507
-0.720432
-4.60997
0.639669
3.05982
-0.171849
-4.3084
-15.2813
-0.919389
0.688853
1.96413
-0.884536
-1.2197
-25.8947
-0.187306
0.59477
2.1461
-3.95603
7.42635
20.9147
0.795689
-0.511398
0.222535
5.5444
-3.12262
26.8186
1.08984
-0.620457
11.0725
0.241269
-0.271335
-0.0222802
-2.80872
-0.245815
1.85307
9.50868
-3.82751
-5.84348
-1.97432
0.65156
0.079183
-3.649
-2.52732
0.198009
-0.559023
-4.26744
-0.0687333
9.82462
141.97
0.494597
0.802304
0.223119
-1.37369
-14.3707
0.666534
0.0607065
-0.841097
-0.26595
2.61591
1.25641
1.47633
-1.25585
-0.135901
-6.13821
1.09301
0.207241
1.07267
2.15027
-1.59018
-0.0625604
-10.6605
-0.510294
0.823821
0.589616
1.65206
-1.92563
-0.227023
-0.193167
0.856645
60.5713
-4.16744
2.01666
-1.76434
0.251854
-1.44541
7.0665
-1.43736
13.5128
6.02232
11.0578
0.684982
1.43111
-0.377947
0.729264
-3.23003
-0.110506
0.246865
-0.271957
0.20871
-8.85657
-1.59973
11.6604
-1.69394
2.10555
-0.137361
13.2657
5.46584
6.05714
-328.31
5.8069
1.50881
-0.26648
3.44926
2.64329
-1.69291
4.62369
2.08655
-0.368334
-0.148446
-0.903592
-0.753764
0.638838
-0.504893
0.472307
-2.22162
0.127631
-12.6396
-0.400471
-0.455107
1.98848
30.5107
-3.18131
-0.277615
-0.598853
3.40066
-1.08992
-2.11236
-0.567213
-1.98721
-2.32987
0.208571
-0.499177
0.238846
-0.668811
2.09755
3.74838
-1.20503
0.791231
0.331273
-1.14928
-3.11753
-0.952092
-1.10304
-0.756412
58.3373
13.5808
-0.265555
0.859707
0.0320503
0.822461
-0.235903
-1.59725
-1.06183
-5.41086
0.394364
3.98946
0.631977
-3.58515
0.263498
-1.86606
0.0179516
1.33938
-1.66176
-4.54437
-1.85515
-1.98873
2.52632
-1.03452
-1.18202
-0.721249
0.0948368
-0.802386
51.4474
0.373838
-0.409394
-5.03329
0.252594
2.31162
-0.591465
-0.79863
-2.29
1.18428
1.81659
-0.364253
2.15039
-0.346726
0.14426
-0.369942
-0.0913652
-1.39472
-5.77192
-0.0860244
-0.954215
-0.156504
-0.902546
1.1743
-1.92896
-1.19564
1.41395
4.45376
-1.52031
0.314632
13.4662
0.492802
6.48895
-0.416129
4.24731
-0.701946
-0.388409
-15.0817
-0.513084
-1.13787
-8.64954
-0.991196
-0.184996
-0.145823
14.4981
0.634417
-1.96613
5.68
0.175255
-0.476269
1.37895
1.11677
1.09476
-0.650582
2.15877
5.84795
0.841002
0.184498
1.26001
12.4013
1.15737
-0.586349
-2.97265
-1.33636
-1.27223
-0.975792
0.125258
0.94848
-2.3019
-0.373333
1.31146
2.98134
0.751864
-0.960525
0.0348425
0.42699
4.28394
1.59564
-0.480184
-0.408178
-0.105781
-0.387265
13.8004
-4.44123
0.234141
-0.0250953
-7.67004
-0.895018
0.964972
-0.869137
8.79094
-18.8358
1.07604
-0.131345
0.231289
-0.56535
0.632148
0.500275
-2.61866
0.325643
1.04649
-2.39374
-3.03174
0.72183
-1.26548
-0.799536
-2.03965
1.25243
-0.895006
2.23312
-0.351782
0.525547
-1.0571
-0.518277
-5.9753
-0.605668
0.387453
5.44382
1.13556
7.51118
6.78595
-0.359817
-0.71212
0.161798
-0.472624
0.466049
-0.801862
0.836892
3.56169
-0.507232
0.133969
0.00128466
1.33765
2.71915
5.35141
-0.931941
-32.3741
-2.1469
-0.586246
1.15179
-1.61419
-0.326519
0.620053
-1.30634
3.6536
-6.96889
0.490896
-7.86148
0.166302
-0.61634
-8.92511
18.007
-3.04387
-2.29472
0.487497
0.589036
-0.253528
1.41731
-1.44394
-0.633329
2.49155
22.4867
-0.40053
-2.85007
-0.310295
-0.235854
-2.41527
8.94551
-1.33568
1.49629
0.795755
1.29224
-1.17141
0.108998
-0.712257
1.99834
-0.841294
0.461693
1.43257
-1.45611
-1.20868
0.510704
-0.713949
-1.70027
-2.60794
0.512695
5.48165
-0.59298
0.125428
1.49017
-1.57458
-0.0323017
-0.132603
-2.04224
-0.0275039
0.193508
-12.8088
0.183811
-0.488002
2.63965
-0.487068
-0.524437
-5.49995
1.35533
0.121511
-0.0667334
-4.15181
-0.49556
2.6338
0.0935318
1.00419
-0.233757
-0.999921
1.25693
-0.759878
-1.18632
-0.835589
-1.0148
0.731169
-2.05542
-12.7116
-1.56452
-22.2859
-0.959707
0.802248
-1.07512
0.430729
0.620107
0.606665
-0.149985
1.2757
-2.31658
1.14795
0.447084
-0.317433
4.92612
-0.547746
0.689748
-2.51292
0.507171
-0.593662
-0.158196
-9.32222
0.0711698
1.30386
1.24575
-3.74525
0.455262
-0.34981
-12.328
0.332376
0.696698
1.07208
3.86894
-0.439175
0.900687
3.90582
-5.41406
6.2168
4.03598
2.21208
-0.931681
-0.272918
0.243487
-0.638534
-1.43587
3.88425
17.3921
2.46694
0.430748
-4.38175
0.805452
1.13919
0.95997
-1.68316
-2.48047
-0.398549
-5.51283
0.0660872
-0.00189696
16.1293
-14.145
-0.576839
-0.455324
6.23617
-0.213657
3.55849
0.658053
-0.583721
-6.40001
-0.0599319
-1.72523
-1.72013
-3.97571
-0.898122
-97.7069
0.917416
3.09879
-0.127611
1.54087
0.867755
-4.58127
1.55387
-3.77337
0.816177
2.39231
0.730077
0.974353
4.43983
-0.402019
9.66206
-1.27701
-0.0961385
1.33488
0.352855
0.754944
0.901182
0.0689173
-0.0668733
-1.03673
0.923467
-0.750873
0.135969
-1.36291
-0.342651
-1.05252
-0.195481
0.42201
-0.131495
0.629971
1.31425
4.34938
-0.0247933
-13.0461
1.70004
90.2948
-4.10385
-2.14491
0.732668
-4.07012
2.36734
0.878176
-0.500959
-3.65394
-0.325307
-0.0934332
-0.393215
-0.640163
0.759061
-0.11529
-0.775083
1.15326
1.00301
-1.28814
-3.05398
-8.96274
-0.236455
9.70881
4.59485
-10.2852
5.98753
-1.88183
0.165154
4.2611
2.3082
-0.997261
-5.87959
-1.0995
-0.167531
0.304622
0.953938
0.0498894
-0.267576
12.9541
0.179151
2.01133
0.4377
-0.994459
-0.937024
-0.950911
-0.71343
-1.57427
-0.897577
2.39859
2.24994
6.00523
-4.4505
9.44754
0.55695
-0.63553
-0.630164
-0.0150959
0.0974177
-0.856634
2.20163
-3.38158
-2.68122
-0.617738
-0.443236
0.208711
0.677281
-1.46883
-0.777109
-21.6545
5.49507
-0.396259
-2.78291
-4.27566
0.19669
-0.367588
-2.62774
9.10035
-4.52439
-0.0195557
-0.325438
0.173899
-0.840365
0.0439643
0.219026
-0.248014
-2.73293
0.0637387
-1.08283
0.863111
0.996128
2.37727
0.640729
4.99495
2.31663
-0.643227
0.404608
2.05224
0.911017
-2.53978
0.159683
-1.59101
0.109159
6.87164
-1.27598
-0.225983
-0.497471
0.362479
2.49183
0.837435
1.61642
-0.107866
-1.45513
0.094235
-0.190407
0.318908
-2.8472
0.250808
-2.63861
0.286106
0.608139
20.2593
-1.29041
-1.22352
1.41962
1.41003
-0.313373
-5.17102
-1.03605
1.69584
0.571468
-0.421172
1.1103
0.490006
0.476169
0.481921
-4.42583
4.7236
-1.76896
-16.6503
0.127345
0.423367
0.690894
1.61189
-1.64739
0.644237
-0.297915
-2.80545
0.905511
0.959277
0.704951
-0.622102
-2.74285
0.342281
6.13503
0.00700149
0.342274
-0.0901312
-1.39201
14.653
-0.301262
-0.0687647
-7.43489
0.0357503
6.68789
0.906614
2.35029
-0.51904
0.211859
-12.446
-0.35697
-0.203642
-0.526715
-3.09738
-9.64547
-0.0918412
-0.034673
0.576284
3.72345
-0.242655
-2.60437
0.0849728
0.140107
0.370728
-0.116222
4.27898
-0.722023
-0.708728
-0.196571
1.35923
6.4355
0.0792258
1.1833
-2.90987
0.00798392
0.479372
-3.96965
-0.414164
4.01083
1.22613
-1.14055
0.222081
3.81267
-1.19695
-1.57364
3.00599
-1.08096
-3.48574
0.150106
0.563618
-1.1417
-0.502888
0.237455
1.15583
0.480817
-3.33766
1.85375
0.366767
-0.830192
-63.3608
1.03919
-0.395997
5.09309
-1.37364
1.67347
-8.01825
0.33132
0.370175
0.714518
-0.722657
0.456504
-1.71411
0.131124
1.01068
-0.41718
0.149541
-1.90519
0.603705
-0.249493
1.54721
1.00416
-0.817362
0.926472
1.37581
-5.89838
-0.88077
0.0369608
-2.41016
-1.995
-0.449031
-0.12862
-1.65661
3.53731
-1.09153
1.15259
-1.98032
0.884218
16.1408
4.14457
-0.288391
-15.5796
0.0727173
-1.38109
1.08665
0.19141
2.3945
-0.342947
-2.2668
-0.396297
-8.71571
65.5122
-12.5278
-0.788717
0.358186
-0.610071
-1.81138
-6.33391
-1.09611
-3.14424
-2.38446
-0.0942415
-5.53027
-0.425802
3.06609
0.565082
0.050625
0.118648
-0.509779
1.36746
1140.31
-0.168443
1.18093
-0.208554
-4.14192
-0.112628
-1.15097
2.08375
-6.54762
3.00132
-0.192145
6.16344
-1.87888
-2.74241
-1.72441
433.84
-0.285666
-0.0540294
-0.320704
-0.0814538
0.224719
-0.773054
-1.1855
-0.638358
-1.1
-0.303707
-2.91108
-0.442621
-1.12231
-0.685702
-0.358424
0.0796441
-1.47066
-1.8426
-11.5625
-0.101404
-9.9715
-0.291949
1.63634
1.23896
1.26198
-0.466665
-0.575523
-3.15576
2.35508
-42.6727
0.85043
-0.650182
-0.0686509
-1.53403
2.30365
-0.112361
2.81679
-4.38422
-1.01734
0.598658
-7.07508
-1.22656
1.38096
2.35664
-28.7648
-5.7831
1.62841
-1.67844
8.08285
5.43737
-3.33902
-1.39089
1.36578
0.893586
-0.122469
-6.37185
-0.022004
-2.70777
-1.38235
0.239977
-0.539767
-1.19991
-1.11859
-0.912991
-2.49555
0.0660036
1.45784
-2.07009
-0.577351
-0.732074
-4.68331
1.79937
0.133485
0.492904
-0.678067
-2.86567
2.46386
4.02174
-2.52477
4.82892
19.399
0.790325
1.04575
-2.78662
0.637215
0.22772
0.17296
0.426542
1.96545
0.414096
0.0635232
-1.37257
-1.3477
0.689547
-0.343516
0.126972
1.55256
-3.23381
0.263141
-0.632446
-2.38889
-2.45138
-0.986625
-1.92457
-0.302685
-2.16391
-0.128221
-0.464063
-6.35668
3.29965
-1.48722
0.678669
1.25554
1.48955
-2.54422
-0.358613
0.814494
-0.446926
0.989955
15.9058
-2.83973
1.56799
3.89088
0.39741
-0.941739
0.979948
-0.810824
0.546764
-102.919
-1.7245
0.363507
-2.10873
5.81262
-8.81971
-4.04406
-0.0726306
-6.24031
0.644208
0.81442
-0.896975
1.12672
2.99318
0.0122722
-0.781212
45.47
0.54956
-0.954304
0.636194
1.3646
1.90669
-0.142683
0.304148
-0.898053
-0.407416
0.562734
-0.947619
0.711145
9.05713
0.403297
-1.65478
-27.0455
0.197502
-13.8835
0.62439
-8.47203
0.159939
2.10654
0.106634
-2.27493
-1.00937
-0.695287
-0.102717
-2.03149
-2.58588
1.4329
-0.177549
-1.2213
0.589012
-2.80829
-0.932324
-6.73701
-1.90765
-1.09095
2.00797
-1.75283
-5.39899
0.387691
-0.120961
1.52695
4.50093
-1.81553
7.21512
-1.71853
-0.565242
-35.7792
-0.0931179
-2.69129
0.0549154
0.436465
-5.94033
-0.128572
0.915076
-0.892389
26.2231
-9.96605
4.88052
-0.362406
-1.65518
0.334405
-0.282908
0.185265
0.690427
-0.0687984
-3.08718
-14.7084
-1.23372
-0.137857
-10.3311
0.625226
1.8329
-0.775378
2.17753
-2.34008
0.205541
-14.3456
-1.3794
2.89548
-32.9584
-13.8138
-4.37905
-1.90711
0.948224
-0.724255
-0.227558
-0.0257766
-0.725873
3.73955
-4.65474
14.7101
1.54715
-296.67
-6.7337
0.928839
2.86286
4.73651
0.1679
-1.80721
0.86657
-0.0173441
-1.35348
0.502607
1.45965
6.45645
-2.22329
1.22981
0.563376
0.938131
0.709164
3.80809
-1.74829
-1.39394
-1.2797
-0.937922
-4.31983
-3.60487
8.09476
0.75305
-3.85594
1.89662
-1.87236
-1.47796
0.436824
1.56179
-101.075
0.126808
0.585224
-0.793432
8.1026
-0.666569
1.71839
-2.77138
0.211317
0.287427
-0.678981
-3.42496
0.580071
-9.68256
0.0803061
0.449334
-2.07755
0.863902
0.19688
2.29456
-26.4139
0.120581
2.92503
0.0429009
1.26224
-0.239676
0.573895
-0.466919
0.931315
0.246424
5.1611
-0.0147239
4.10642
-0.565345
0.646104
3.87705
-75.2929
-1.68375
0.0971629
-0.776833
0.155264
0.403444
1.00096
-0.774001
-1.24857
-1.84271
0.327382
1.98792
-0.615945
0.23602
2.99143
-5.49662
-0.087346
-0.516978
2.22466
-6.47483
-1.80304
2.24635
-1.36904
-0.0958842
0.298308
-0.895526
2.23398
0.461175
2.23306
3.54352
2.40797
-0.0632361
-0.382591
-14.3537
1.80186
1.00265
-0.429832
-1.40192
-2.60791
1.17679
0.0838224
0.357349
-1.90025
-1.36504
6.168
-1.09887
-1.29881
-0.55718
34.9389
-1.61178
0.708167
1.64187
0.420053
1.55631
-0.0450156
0.435159
-0.109524
-1.59282
0.454423
1.37792
1.04689
0.368779
-0.621746
3.19625
0.939706
-2.00372
0.235712
-0.273245
-0.288413
1.5852
-0.739185
-0.774183
-0.346688
2.87012
13.4406
-2.17313
2.11118
0.442034
-3.74411
-0.394598
-0.065234
-0.603887
-1.15586
5.89354
-40.5193
-0.0841893
0.0485942
1.12434
-1.46859
1.60587
-0.188152
3.67982
-2.69123
0.690088
0.164536
0.805355
0.76075
-6.23974
-0.12165
1.24969
0.259006
-1.03673
0.304795
-0.0154794
0.256131
0.153434
-1.78671
2.69113
-135.855
-1.69623
1.48777
-0.961163
-2.91862
5.61291
-0.648698
-1.61391
3.67242
-1.16956
0.805921
-0.684064
-1.57322
0.726844
2.57748
-0.427044
-31.7978
2.67311
-0.795096
0.340744
-3.21113
0.0926515
0.197385
-1.27387
0.764972
-2.68608
-0.222323
2.82662
0.44212
-1.35585
8.43798
0.864285
-1.85905
1.18774
-0.0243043
0.0859563
0.588141
-0.412366
0.171555
-7.56868
1.03616
-0.249429
2.40869
-1.07826
-0.692709
-0.8605
15.7062
0.926913
-0.652591
-1.54568
0.505207
-0.904095
-1.24378
0.253977
-19.8
-4.77235
4.08145
-3.90423
-0.968667
-0.889903
0.254225
0.808793
0.735023
-0.288525
-0.259076
0.596912
-4.15527
-3.02427
0.380018
2.3376
1.2804
-0.626925
-1.00119
-3.71763
1.11897
-1.52192
-1.76677
0.106301
1.0163
-2.10346
-1.56632
1.51086
1.43088
0.0796583
-0.629542
-2.24201
-2.72913
1.4252
-5.17454
-0.426218
0.478652
0.58957
0.0160251
-0.264124
1.14523
0.943016
-0.174354
1.57903
-0.491422
2.24005
0.60627
0.379026
-0.0466686
5.43671
-0.126643
0.246642
-0.0591655
0.0919419
0.769223
-2.04821
-0.433571
-0.785759
1.23168
-0.152721
-5.77217
0.878591
-1.37453
0.474487
0.600685
5.52412
-5.2654
1.65688
0.271521
2.72794
-23.1928
-0.274424
0.678444
-0.764983
-0.153617
-2.42075
3.28124
-3.35774
-2.25271
-3.23372
2.84327
-0.906555
-0.621361
-0.964454
-0.231106
0.0908912
-0.764885
-1.56413
2.34563
-2.19014
-0.576377
0.393199
-0.473242
-0.275604
2.73043
-0.0714389
1.08053
3.48291
-0.393689
-0.371137
19.4423
-0.0534504
0.226765
-1924.47
-1.11565
-0.810441
13.0032
-0.694696
9.73381
0.367262
1.01975
1.463
-8.1918
1.21847
0.694685
-5.36629
-5.26697
-0.0789904
-4.63648
-0.163929
-0.121828
-1.23839
-0.549457
-0.679168
-0.589482
-1.03107
0.0586475
-1.43568
0.812751
1.62167
-0.24196
-6.41891
-0.569027
-0.642874
0.890251
-2.12713
0.455381
0.306335
-0.357684
0.0357118
-0.888661
1.15848
-0.713303
-0.705251
0.1381
-1.45083
2.81656
-4.52654
-0.845516
2.25711
1.24017
-0.366145
-0.446829
0.318006
-2.39173
1.57881
0.510324
-1.13831
-0.703247
0.329227
-0.0314387
-2.09201
8.28404
-0.800729
0.356528
0.418593
-1.01199
-6.69245
2.26207
5.02197
-1.56687
0.388844
1.40384
-1.77969
0.907172
0.182845
-0.989688
3.12102
1.08202
-8.61329
0.0869419
0.377171
8.22115
0.232142
-0.881126
0.0294931
0.358952
1.29193
5.51294
-1.33188
0.533032
0.685445
-0.634363
-1.13994
0.220715
3.6348
-0.617226
0.308127
-4.94009
1.86614
10.0696
-1.70007
11.7522
-0.918311
0.143043
-2.8811
35.8292
0.65993
0.657083
2.97421
-1.05579
2.09479
0.36136
-0.944899
-0.15828
1.21436
-0.653848
0.328018
-0.550464
-0.130999
-3.40751
0.324726
-0.244243
-0.355647
0.837944
1.51844
-4.25922
-0.178409
1.57727
-0.0677172
-1.51204
-0.707063
-0.104656
1.05725
-0.60435
0.242141
-2.62068
5.21558
-0.174633
88.6205
-0.641513
-9.29879
-0.238589
-15.4615
-1.76167
-1.20348
-0.429653
0.567628
0.622648
2.12064
1.28753
-2.41084
74.3814
-0.10449
-0.802219
-1.86068
1.32809
-0.517446
-86.211
2.18687
0.850334
-1.14298
-0.17038
0.686744
2.11711
-0.327164
-0.810359
0.387445
-0.359154
-5.65316
10.6813
-0.42259
0.602787
0.817655
-1.87223
-68.7727
2.11979
-4.45119
-0.18972
142.398
0.744401
-1.66493
3.41026
1.66091
1.24597
1.29102
-0.981064
-0.322414
1.96162
-0.962706
-6.1371
3.35061
0.366261
0.528837
-2.14593
0.604316
-1.73813
1.13192
0.584949
0.139978
-6.1724
0.842019
0.502156
53.1458
-1.13904
18.6157
-2.84825
0.508219
-0.818791
1.59744
0.622582
0.0444204
0.438796
0.107744
4.70702
-1.16376
-0.117993
-4.66274
-0.60559
1.03249
-0.457447
-3.20037
0.119752
1.16348
2.17933
-3.01265
0.141571
-0.613007
0.165314
-0.176003
-1.83118
-0.101547
-3.44959
0.623147
-2.94377
-0.349576
-1.74556
10.4741
-0.386303
-0.0667134
0.030697
-0.99873
-0.0237434
-0.601791
2.29593
3.46985
-0.156256
0.731567
-36.4053
-1.78898
-0.897061
-1.65551
-1.04191
0.360819
2.78064
-0.704859
0.80809
0.534553
-0.556468
-1.18541
-14.1174
6.71233
-3.00062
-8.86995
-0.999496
-0.030132
-0.064042
1.93968
3.41334
1.41433
0.390897
21.8451
-0.348739
-1.127
-1.80064
5.36124
1.96551
0.958573
0.868666
0.554988
3.8671
-0.209316
0.0370657
2.18521
-0.250804
0.604962
-2.44445
0.42469
0.0461819
2.3398
2.43199
0.390469
-1.5107
20.968
-3.22976
0.823104
-0.262076
0.757772
-9.28262
-2.65745
0.0450596
2.33273
0.31862
2.54263
0.0641725
-2.8987
0.632723
1.84331
-0.133447
-2.88788
-0.765212
-5.06575
-1.4149
-2.14993
-1.22758
-4.96019
1.09247
-2.04364
-0.57429
-0.929987
-1.97737
-15.8051
-0.443235
0.725736
-3.4404
0.979064
-0.622969
1.4937
7.79736
1.04213
-0.386398
-0.0472722
2.06626
-0.0354947
-0.432066
-0.717984
2.64335
-4.56759
-357.904
0.62837
-16.24
0.0331843
1.16011
-2.20761
1.18423
-3.05311
-0.190985
0.491407
-0.72265
0.383699
-1.41277
0.618953
0.708696
2.26749
4.54005
5.33631
-2.43098
-0.111117
0.506039
-2.0923
88.9987
0.490025
-0.455242
-1.43291
0.50769
15.9914
2.46365
16.756
-1.02638
0.248998
0.543583
-10.4428
2.35806
-0.477994
-149.804
-0.588088
-0.265784
0.571386
-0.182483
0.195715
1.198
-5.43187
-0.0948512
-0.630486
-0.983989
10.7848
0.0996193
0.111528
93.2698
-8.35091
-0.0807047
-0.031848
0.461726
-0.294905
0.136811
-1.91911
-0.820428
-2.05499
-3.37766
-0.409543
-1.52861
1.28299
1.12493
1.04408
-0.00911592
-7.61335
-0.452455
-0.104792
-25.9701
3.72991
-2.10908
-2.46701
0.0993565
-0.466185
0.050753
-2.86296
8.41664
-0.011699
1.37265
3.66313
1.19611
1.78732
-0.541434
0.849306
-2.00074
-0.507632
-0.525074
-13.8583
-0.092366
-2.43021
0.543467
1.07796
2.03826
-20.2719
-0.264603
4.94008
-1.17241
0.704186
-0.258699
-3.30362
-0.450617
-1.63663
0.627789
-2.67427
0.604587
1.2442
1.5549
-0.484666
-1.05049
0.220168
0.908196
-0.479175
-16.1457
0.538492
-0.688323
0.479541
-4.97952
-6.90187
1.64769
0.408044
0.965947
0.616563
-6.67923
-0.821634
-0.219058
-1.31766
-0.220742
-0.359987
0.0376352
0.300812
1.11421
-4.70724
-0.314556
1.08045
-2.21027
0.979719
0.354171
-0.756001
0.0373761
-1.30227
-1.37558
-2.1783
-0.766789
0.621564
4.88457
1.46624
-4.69642
0.0811227
-0.961892
-2.46074
-4.71289
0.617272
0.908432
1.71888
-1.27972
7.59816
-0.998324
-0.146177
0.0795676
1.29546
1.26447
-1.42527
-1.55453
-0.586516
1.7523
-6.54947
-0.432741
-0.172227
2.23966
1.40479
4.14858
-0.0357582
-0.997014
-0.454277
1.95406
-291.904
0.561202
-0.424089
1.74351
-0.310224
5.30266
1.53382
-1.2824
2.67328
-0.744416
10.1992
1.02101
0.608594
0.498165
0.0597179
1.88373
-0.47218
2.24259
1.8449
177.527
3.76921
-0.950449
1.07404
57.5666
-0.0877475
-0.982277
-0.672005
-2.51597
-8.42135
4.10322
0.143251
0.195913
0.455194
0.273701
0.268058
32.4387
-9.89414
0.414034
-0.760197
-2.29181
-0.479233
-0.175061
-0.904661
0.332894
-3.11745
-0.0331565
-0.375113
2.46386
-2.01219
5.42599
-3.05217
1.04064
-2.00372
0.762352
0.256444
-0.0602441
-0.383821
-0.619063
5.47764
-0.147635
0.00606064
2.36184
0.136955
0.296297
-21.1669
0.889353
-0.386671
-0.0717716
0.239316
-32.1631
1.03258
0.855355
-0.521178
-2.64711
0.222046
-1.4302
0.289344
-0.308462
1.74607
1.04316
3.06489
-2.17541
1.02989
-2.89145
-6.13126
0.513294
48.4375
-0.318245
-0.600487
-1.60497
2.45697
-2.31741
0.273738
-4.43505
1.01382
-1.13449
0.906817
-1.04722
-2.96731
7.50724
-45.5582
1.7156
-0.676117
1.96052
-0.510317
0.932784
0.515527
-1.77493
-6.79022
0.744779
-7.81789
5.77534
0.0485115
0.451736
-0.1769
9.6358
124.987
-0.218731
-0.196029
1.41435
-1.61328
0.223978
-1.4862
1.18407
1.06307
-1.28461
0.261382
2.86995
0.611461
3.41104
-0.666162
0.880285
-1.20052
0.517486
0.408524
2.60859
0.080807
0.491313
2.25429
0.126236
0.882471
317.673
-1.40877
-0.721815
-3.82569
-0.410874
7.2634
6.15536
0.0919317
-1.93566
0.761304
0.791712
-0.0312758
-0.514626
0.240909
-15.7213
-0.187166
-0.755032
-0.111248
-40.4078
-1.30843
1.19932
1.3691
-0.330688
1.91473
0.285588
-0.582989
4.12531
-0.131413
-0.835203
-1.27564
-0.136471
-7.82029
0.0588374
-1.85478
0.0798096
-0.00143994
-0.612601
-1.79568
-12.2502
-0.267423
-46.8982
0.433986
1.15532
-0.629912
-1.32973
32.9107
-4.55518
0.398867
-0.259934
-0.351463
1.1709
-0.0302078
1.74664
0.767359
-0.691593
1.22347
125.457
-1.03336
0.396558
-0.988794
-1.08039
1.17341
-0.460831
-0.960419
-2.6195
-2.79597
98.449
0.717869
-0.673799
0.324841
-0.0817777
3.79173
-5.24341
-9.63874
-19.2374
2.02745
1.01164
-1.67582
-0.693131
8.33453
1.06979
9.4497
1.56761
1.86845
0.960304
1.68323
0.868172
-0.211814
-3.20922
-0.69163
0.437895
8.24
-2.17456
0.313582
0.959575
-1.09029
12.1079
-0.928507
20.6244
-0.226904
-0.205625
0.798749
-5.14439
-1.00401
-0.108101
8.62061
1.14108
2.52898
3.67916
-4.65697
2.95285
-0.488753
0.997524
15.549
0.825895
-1.22921
0.616763
-11.5243
1.39973
0.595578
0.105196
-0.535021
0.86111
-0.457989
-0.794784
3.62346
-0.498214
-3.9414
-85.2647
0.201428
-1.02023
0.509845
-6.37932
0.909556
-0.00596443
-0.879888
-2.18621
-1.41344
0.696868
-2.85618
0.52346
-1.74436
-0.390616
4.88738
-0.179129
0.0554528
-0.242987
0.952072
-1.43841
1.64709
-0.980952
-0.0356579
3.2242
0.223268
0.0308349
-5.59844
-1.47633
1.54093
6.13368
0.982753
5.4644
-0.189709
-30.0366
-0.0150171
-0.700022
-1.30664
-2.014
-0.410346
2.05746
-38.4563
5.53033
-0.691018
28.2913
0.804885
-0.680246
0.192927
-3.22069
0.27504
0.143681
-0.44898
-1.29743
-2.16928
1.8035
-0.393279
-1.28205
2.60472
1.24552
3.1852
2.26937
-0.76677
0.118564
0.507561
-2.10667
0.191101
-0.568913
1.67488
-0.849814
-1.60904
21.4237
0.334698
1.77308
-1.1397
-0.0618375
-0.726004
-0.448024
1.99209
2.0038
0.989508
3.7922
-0.96383
0.131527
0.242755
-18.782
-2.12394
0.250787
-0.235778
-0.894997
4.03973
0.143787
1.4308
588.644
0.603717
-2.32665
-1.51717
-6.08616
0.38255
2.10585
-0.373639
0.477632
-30.9003
1.71343
5.57002
0.843622
0.201202
0.0179899
1.12999
-0.601904
0.378442
-0.197676
-4.01097
-8.27103
-0.53912
1.19455
-1.29152
-0.352104
-0.69196
0.85713
-3.6298
-5.99871
3.21019
0.34438
1.5418
2.54739
-0.0467013
74.7378
-0.995225
-0.295554
-2.15089
4.23225
0.00582819
7.09603
2.45813
1.65077
2.39743
-7.63592
-1.51149
-12.0357
3.88954
0.0329829
2.36201
-0.360961
-6.38225
0.533231
0.312073
-0.0848467
-0.515208
1.07462
0.264989
0.020922
0.760919
-88.2189
-1.15446
2.07205
0.280798
-1.29541
0.675131
-0.188116
0.740643
-2.97612
-0.612206
-3.04605
-0.253578
-0.0986401
2.35586
-1.6897
-3.35374
-3.34041
0.378775
0.183088
9.522
8.55262
-2.20784
0.243528
-0.301267
-0.361889
-0.243584
0.0792523
-0.734894
-0.180652
0.739029
0.366285
0.972499
-0.938673
2.12315
-1.78905
-1.97086
0.650956
-0.622188
-4.11905
1.27866
1.05001
3.06148
-5.19744
-1.38905
0.110413
1.29007
-2.51343
-0.112977
-0.767306
2.01247
7.33478
-0.120087
1.21981
-0.848454
-4.95412
3.83935
1.59319
-2.27021
-1.17145
0.53448
7.68603
0.596767
-0.169633
0.685727
1.95886
-0.0294222
2.54597
-8.36571
-0.230177
0.137674
0.338745
0.10125
36.0543
30.9208
2.36141
-1.52675
0.257025
0.144444
-1.00795
-1.51516
6.69415
1.41371
-0.359127
-0.134818
-4.59244
-2.07704
1.21089
0.408884
-1.07423
0.693462
1.93267
-0.113404
-0.275413
-0.398295
-2.11335
0.775082
1.58867
-0.131432
-12.0151
0.957471
-1.11188
-4.74883
-2.71652
-3.74464
-0.39011
-10.0151
0.530991
-3.29614
0.484041
-1.03298
6.40552
-1.93582
0.0594358
8.76555
-0.21588
0.00736262
-1.29429
-4.25181
-1.49388
0.101454
0.209162
-9.11876
-2.27212
-0.171289
6.55596
-0.416496
-0.658247
45.1885
-0.629741
-0.144698
-5.42412
0.011998
0.396875
-346.061
2.33627
-11.5375
-2.4318
0.706391
0.400337
0.561401
-0.0302252
3.18208
-1.22424
0.120688
-1.08555
-0.380007
-0.734657
-0.0673986
-0.086621
-0.691867
7.59488
1.33107
-0.0103589
2.03183
0.453172
-0.576135
-0.878672
1.19611
0.338867
1.5795
0.386899
100.407
-0.707674
-0.210265
0.847233
-3.42431
0.48029
0.542414
-0.381632
1.77572
0.00430307
2.85347
-0.758099
1.49512
0.575146
0.303869
-0.834994
3.45336
-1.29458
-0.881483
4.1818
-0.749631
0.558671
-0.604804
1.58152
6.9814
16.1208
-0.847671
-1.2069
-0.494079
5.35326
-0.580313
-4.63167
0.639594
-17.3721
22.9335
62.4648
-0.536261
-0.0185532
-1.32025
-0.532979
-0.103115
-0.489558
2.45696
2.66469
0.179651
1.58101
0.485718
-0.69938
0.676728
2.78957
-0.886233
0.609678
3.39282
-0.121316
2.9333
5.36754
-2.94111
13.5528
-0.561865
-0.116093
0.822672
0.311537
-21.3287
-9.96415
-1.36893
-4.45546
1.00061
0.858753
-4.63594
-2.4438
-9.21965
6.27712
1.03095
1.07027
-1.23838
0.265132
0.615035
0.550857
-0.707971
-0.0560241
7.34621
-1.36545
0.822778
-0.244066
0.14958
1.50119
0.584527
0.308716
-0.25201
0.433673
-4.10492
-1.31375
0.777713
11.9737
2.81791
0.892116
-2.058
-0.90136
0.285654
-0.347207
-0.715628
0.676958
1.28606
-0.523927
-7.54374
-0.358928
-17.2149
0.240364
13.8555
-0.255863
3.2509
4.45362
-3.3252
3.06498
2.8255
-0.488583
-2.06462
-1.61168
-1.18575
1.07711
-0.823497
-9.36976
-1.22632
-38.9547
2.89635
-1.70877
-0.21947
-5.67423
0.197837
-0.698318
-2.83804
1.62806
0.497547
-1.97542
0.058873
-21.6218
2.77729
9.25612
-0.0463955
2.88437
-0.00614742
0.510567
-2.31006
0.432556
6.7534
0.120852
-3.035
-0.603529
-4.59999
0.911362
-19.691
1.13836
0.962734
-2.13051
-0.305549
0.488936
-1.15734
-0.824276
-1.75992
-0.698821
-0.665359
-0.440698
-0.111065
-1.57921
-0.0302492
-2.87356
0.958423
0.323883
-2.01848
0.322667
-3.70706
5.3799
-2.68827
0.102155
2.13201
1.1463
-0.0843234
-0.0195031
0.174175
-0.344924
4.57804
-2.57539
-0.656436
0.337875
0.0435046
-0.269532
-7.49897
-5.15142
2.17955
-0.0502702
-31.4531
2.94929
-1.61258
-0.581649
0.03086
1.05628
0.459508
-1.74111
-0.0122326
-0.20506
-8.95985
0.0505739
-0.700189
0.317427
1.32018
-0.138072
-1.10587
0.135822
0.146715
-2.33697
-8.37488
0.504556
-0.798428
-2.21809
0.289075
-0.348288
-0.285911
-0.371269
-1.24612
-0.391808
-2.70096
2.08347
-0.660592
29.0315
0.965136
0.446441
-0.906435
0.419977
-0.579685
1.32446
-0.63937
1.10702
-0.871631
-1.83238
-33.6365
2.86807
0.0356781
1.99506
3.61956
-0.435824
-1.63331
-3.59263
-0.204813
-0.395186
-1.19051
0.0563589
-0.453235
-2.66717
-0.408334
-6.06974
0.774296
49.4155
0.147557
10.9379
0.32177
-3.70588
-3.79017
0.980575
0.95045
-5.37274
0.669092
0.683745
-1.20619
0.549253
-1.38672
0.623903
-0.499065
-0.978326
1.33357
-0.822012
0.221765
0.31034
2.9048
0.821219
-3.36374
0.180404
2.36873
0.590608
0.107272
-0.0883012
45.4054
-1.43771
-2.90045
0.755181
-1.00624
-1.13569
-13.2415
0.143889
-1.7301
-0.695303
-3.59963
1.43859
-0.00322976
0.576918
0.308532
0.39968
6.1908
1.36268
-0.697725
-0.657565
4.69128
1.24057
0.204591
0.384631
-0.0867807
0.49751
-180.625
0.419485
1.39815
-0.254663
-2.20124
23.8064
0.110215
0.197452
8.39844
10.5151
-1.20093
14.3119
0.177425
-3.84268
-3.21529
2.1082
-4.43866
-1.51613
-0.0914255
-11.4178
-2.91877
2.93918
0.426459
-3.90526
1.04126
-0.684285
1.61823
-0.0363359
2.1343
-0.162349
2.50694
-0.145735
1.83677
0.463465
-0.698646
1.31096
0.27984
-0.874929
0.123041
6.04038
-3.54398
-1.61429
4.51781
-0.481209
1.99101
-1.80127
-4.41294
-1.02189
3.59489
15.7974
1.7451
-0.0909688
0.058885
-0.0857323
0.0762654
0.149873
-1.43332
-17.0963
-0.0748989
-0.089118
-2.29972
0.993631
0.104198
0.0360156
1.73535
0.65291
0.328341
1.1515
-0.393964
0.0181375
3.0206
-2.25502
2.89629
-14.216
-26.6643
4.28629
1.99335
-0.369601
-1.90988
0.415781
-0.191043
-1.68466
-0.457489
-0.0499179
0.0466541
1.22094
-0.562205
0.797935
22.711
-0.711148
-1.84566
2.6152
-3.87927
-0.824317
1.5624
5.11172
-0.158911
0.556773
3.86917
-3.38449
-1.0418
-2.86374
-0.0612512
0.868773
1.83616
5.69682
-2.71536
-8.19209
-3.71842
1.39599
1.34268
-2.62271
0.235535
-0.0551803
1.30546
-0.971115
-0.175552
-3.7522
-0.209881
19.5072
-1.08419
-1.41923
-1.44729
-0.605806
19.8353
1.59401
2.50907
0.694095
5.9322
-0.486146
-0.00763749
-22.8241
1.02792
0.298896
-0.88342
2.76241
8.31295
0.426623
2.74248
10.5178
0.617568
-1.98813
-2.03149
-3.62441
-1.69862
1.01354
0.423107
-3.53418
-5.61432
0.181002
-2.33285
-0.21406
-1.10317
0.213515
-0.314398
-0.0244182
-0.225491
0.0643834
0.638625
1.34969
0.941421
1.85127
-0.113063
-2.26076
-0.245613
0.475264
-10.4325
4.08919
-0.0730468
0.264031
-1.93695
1.5335
-3.57802
-4.44363
-2.54185
-4.79741
-1.59434
-2.63453
-0.455891
-0.589743
-1.59308
-3.61408
17.1927
17.7641
-0.0663866
-0.447645
-1.31041
-5.45541
-0.856792
0.704951
-0.501178
0.692752
0.37627
-1.29022
0.425135
-1.66386
-1.11854
-0.51494
-0.0104426
1.12346
-0.0194739
1.25497
-1.83999
-2.12384
0.118991
-0.922098
-0.95998
-0.736923
-1.95411
-19.8365
-3.33118
1.4128
-0.439312
0.890844
-2.42824
5.71985
-0.710182
-0.243808
-0.472146
1.80184
1.51664
-3.84941
1.33706
0.906563
1.11187
0.340467
-1.78278
1.39139
0.454884
0.622184
-3.73351
-0.463472
1.31783
-0.300038
-5.85077
-0.399998
-1.77069
0.200986
-0.542971
3.85822
-4.26813
-9.43016
0.0413013
0.967052
0.0508419
3.41233
0.361469
8.2739
-4.11723
1.72067
-0.551221
-1.37152
-1.81907
0.0558397
0.236154
1.46836
0.677133
0.299533
-1.46048
-0.151064
-12.9514
-3.00342
-2.49721
2.81598
0.726347
0.289873
-0.125455
-36.0648
2.32171
32.6692
1.39378
1.16278
0.141605
0.104599
-0.554856
-0.988345
-0.275088
-0.965388
1.24919
-0.651637
27.3884
2.82952
-0.348141
0.864337
1.65041
-3.44989
-4.60565
-3.1942
2.68063
1.89756
-0.898928
-2.02863
0.496482
-0.146016
0.381959
4.29344
-8.05304
-0.676641
-1.2446
-0.0998206
3.26035
0.874745
2.47165
2.14475
-0.802338
-2.2361
-2.91098
-1.03958
-0.79568
-1.44043
0.642255
0.44887
-0.213511
0.427969
-1.21518
-2.01467
0.109006
0.75162
3.47456
6.51609
-0.235988
-2.06458
1.03692
-0.596875
48.4242
6.63665
0.0957262
-0.199638
-1.55559
-0.686827
-0.943379
1.79934
-2.19301
-5.45597
0.212805
-0.272096
16.0386
233.649
-0.413985
3.98087
-0.863398
-1.47866
-0.190738
9.46471
8.51304
2.62456
-0.707518
0.0580445
-1.20836
-2.45655
0.687106
4.53897
-0.5845
0.728082
-2.66776
0.802577
0.483501
-0.186622
0.28567
0.66243
-1.66974
-3.79443
0.585561
-0.818387
-7.08307
-1.16991
-0.540701
0.393616
-0.103468
5.62901
-0.54952
0.944612
2.7566
0.779041
0.99063
-0.985819
1.80155
11.5358
3.34019
0.603633
-0.956218
-0.23697
4.94862
5.78909
1.41092
1.45415
-4.67429
-2.16263
0.218835
1.50879
0.347559
-19.7558
5.44672
7.762
1.82991
-1.08264
-0.231861
-0.893606
0.482616
6.19454
-1.00582
-0.431767
1.62125
2.80746
-0.227825
2.37787
-0.67895
-1.71671
-1.77664
3.45687
0.699401
3.55119
2.79379
4.97827
-0.468099
0.149253
-0.81006
1.40968
0.652439
-0.306309
3.13168
0.452477
-0.536194
0.0331267
0.382919
-1.09318
1.6365
-0.408405
1.47496
1.18278
-2.1411
-1.92147
-0.509131
-27.3545
0.646777
-0.813402
-0.546674
1.26819
-0.585809
-0.48307
0.321209
-1.24144
-20.083
10.7752
2.52392
0.264863
-0.344372
-0.514226
-0.520177
-0.50128
-0.496643
-1.69802
-1.77578
8.2856
2.4732
0.131503
2.91079
-0.377239
1.41877
-0.663559
0.230512
0.346624
1.12131
2.16069
0.0163027
0.0229897
0.332611
-7.47511
0.197202
0.319315
-9.21347
-7.42466
0.608277
-0.838026
1.80833
-1.16881
-0.493631
0.728341
19.068
0.247815
-0.184357
-5.75782
0.529327
1.35973
6.48557
-0.500224
0.020795
-1.38164
0.0860578
-0.559302
0.836476
-4.14771
1.20923
0.0994579
0.152992
1.76505
0.659915
1.30936
-0.744877
0.0500408
1.47871
-1.19455
-1.43511
-12.396
0.602088
-0.742309
-0.611467
-1.63306
2.45867
-0.758513
0.552832
1.05674
-0.154974
-0.417452
-2.26716
-0.949695
-3.42797
-4.00346
-1.71091
0.340634
2.38576
1.70314
-5.3547
-0.593758
0.916372
1.93869
-1.79244
1.7894
8.10321
-0.683344
-3.0254
1.2001
1.85107
1.17386
0.702099
-5.13954
-2.72432
1.31626
-5.7037
-1.71197
0.853324
0.868993
2.91087
0.116265
-3.05335
2.54644
8.12245
-76.0132
-1.04905
0.0781462
-0.36541
-2.97781
0.147838
1.69553
1.07568
-0.436086
-1.10577
3.88702
-0.659403
-2.04126
0.706898
-8.12224
11.4806
0.529045
0.571374
0.749223
-2.58347
0.40154
1.42912
0.679645
3.25558
-0.344848
-0.421935
2.45264
0.763014
0.410063
-1.37604
1.58215
0.0572378
2.43745
14.7154
1.32359
0.996062
-0.52809
-2.0559
-16.5181
-0.660345
2.06141
0.0862006
0.582198
2.22253
0.68648
-3.67357
-0.49368
2.34731
-1.05025
0.816782
0.342916
-0.541607
-7.83804
0.0361351
8.39697
0.221431
-2.33448
-1.42671
0.779858
0.221409
2.64207
0.813031
-398.567
1.93683
-71.2356
-0.675224
-0.0142166
2.60285
-1.02637
-4.85437
-0.469647
8.16569
-0.623803
-36.86
-31.2983
0.905289
1.86136
-16.1199
0.678449
0.20285
6.02505
-43.0354
0.934305
-1.59309
-7.91054
-1.73042
2.10121
0.894299
-1.0678
-0.429661
-0.585056
0.207662
0.171366
0.691623
232.616
-11.1788
0.846468
0.668601
0.925149
27.7834
1.66358
-0.286513
0.862123
-3.96904
-0.230589
0.321889
-1.04604
0.250381
1.42831
-0.73721
-8.45817
1.38842
-11.0762
-1.31254
-1.0104
-15.6298
0.476295
0.769725
0.691839
2.72991
6.15005
-30.5308
-0.153175
1.74841
0.272441
23.028
0.672528
-0.217725
-0.0246903
-0.173596
-0.667492
2.30771
6.1662
15.0643
0.335892
0.693996
14.0819
1.96096
-0.442126
-1.03517
0.573671
-1.81075
-0.955482
3.66434
0.48207
0.818602
-5.14932
0.066179
-0.134368
-0.0587587
-1.33391
1.47496
2.01354
-0.0582529
-0.632395
-0.796137
-2.28678
2.17164
-3.44195
2.76841
1.59698
0.858284
-4.07447
0.00333462
3.49241
-0.590926
2.11563
-1.95818
0.705198
1.02241
-0.453897
84.2124
-4.80882
-1.66086
-1.27912
1.3703
-0.303402
0.676556
-0.0139785
-0.757477
-0.439916
-1.1554
-0.0183975
0.580173
-1.34453
6.82078
-3.2687
0.267373
-1.7586
-0.286507
0.116001
1.01139
-1.25369
1.99068
0.079104
-2.71672
6.76527
6.9592
0.293207
4.4964
1.05083
-0.898771
-0.288791
0.0325002
0.0215678
-0.211925
0.811678
-0.747394
-0.135085
189.341
0.184891
0.449958
0.254275
0.576008
0.0665915
1.28094
-0.193936
-1.94072
0.520807
-0.302947
-1.20842
1.39309
-1.75727
1.8899
-2.93358
-1.75995
0.204861
1.37465
0.412608
0.0500577
-10.1335
0.370684
-3.80356
0.142701
-7.31556
0.511531
-0.754915
-2.34041
-0.626654
14.0116
-10.1249
-1.41662
4.99004
-0.879294
-4.88712
0.554292
-1.57467
-3.88708
17.9514
-0.642172
2.10425
22.7198
-0.837091
-0.405204
0.83366
-0.587691
1.51061
-0.629413
-0.072274
0.54946
-7.25345
-1.53268
0.116072
33.6975
-0.418437
2.66247
-0.887018
-25.1933
-2.96106
-0.28262
2.95968
-0.59269
0.130011
-0.298851
0.683083
-2.34736
-0.368281
9.19167
5.43753
-3.75487
-0.771812
-0.353875
-0.903289
3.44761
1.19528
0.263135
0.700851
-0.124227
0.0289751
-5.73765
-3.68185
-0.171919
-8.22405
-5.92801
0.461859
-0.593726
4.85182
-0.380156
0.387292
-1.03814
-1.47344
0.435064
-6.40923
-0.588426
-1.74531
-1.37052
0.443254
-2.32659
3.54889
0.197365
-4.5704
0.666971
-1.73749
-0.36194
-0.875519
-1.32838
1.09832
0.848045
1.08889
-1.13309
-1.67633
-0.345141
-2.98854
0.987783
-1.68736
0.495793
-1.78046
1.21026
-1.16497
-0.717338
-2.1005
-2.19441
-1.18773
2.458
-0.46104
-0.227054
5.89112
-0.299261
-0.28705
-51.0118
-0.359643
0.26914
-0.343471
-0.0293071
-0.625432
-50.7812
0.77149
0.685388
-1.72506
0.246571
0.214344
4.60364
0.221843
-0.533195
0.706561
0.719739
0.466957
0.0183964
-0.213406
4.88912
-1.52819
-2.10515
-0.468976
-0.0307873
1.05905
2.66733
-0.172242
3.91813
-0.350281
3.5599
-0.814605
-2.05593
4.62438
1.59961
0.650044
1.42672
-1.30145
-0.250056
3.0067
0.352103
-1.28243
1.52561
1.33573
0.346633
-1.02463
-11.3529
-1.19358
-1.39435
-4.28142
2.27277
0.0792493
0.121797
-0.684685
-0.205413
-1.93188
1.04655
-0.527929
-0.933276
1.49263
0.848903
0.300694
-0.319996
0.267918
-0.178418
-0.44404
1.59575
0.158283
-0.65867
-3.23197
-0.63277
-2.43583
0.0527005
8.48733
-0.79785
0.322642
-0.358021
0.0212394
-0.772676
-1.60327
0.576857
-1.37295
-0.233714
0.348107
-0.567997
-0.024559
-1.01036
0.279461
-0.156707
-0.974467
-7.77417
0.237022
0.173847
1.75638
-4.76444
2.91868
-1.28916
13.7577
0.189864
7.15739
-0.407338
-0.278875
-2.54988
0.248132
-0.0740042
-35.8925
-2.65144
-0.624944
1.11687
-0.258271
1.0766
-0.573037
-0.643739
-0.311846
-1.56332
-0.549167
-3.79011
0.386479
-0.38404
0.768605
-0.582486
2.01108
0.319073
7.76675
-0.0119118
0.91058
-0.848291
3.2138
-5.06821
0.395464
0.783755
-0.858733
15.2897
-0.502499
-0.292129
0.874296
-0.0325483
-0.909771
0.523468
0.160627
0.781437
1.59739
-0.392622
-4.24079
7.43334
-1.84744
-0.439222
-0.475524
0.698376
3.44729
-0.701529
-0.931337
-0.423101
0.350434
2.49568
0.49699
10.8532
2.33559
-1.29357
7.70101
2.27385
-1.11261
0.0114132
4.15282
-0.556441
0.803731
0.360403
-1.91654
-1.17171
3.87581
-0.963503
-0.042785
0.889376
-0.568949
-0.384802
3.6423
-0.71344
-0.510561
-0.0487946
1.48113
0.153138
-6.46697
1.15503
-0.472009
-0.0493589
0.792577
10.9514
4.12598
-2.81156
4.40067
-0.183941
-0.629356
0.7433
0.824706
-1.95762
0.255843
-1.95228
-8.08549
1.65996
1.37214
-27.0638
0.031723
2.92669
0.461367
1.55021
-0.369425
0.970252
-1.07478
1.6744
-0.0583363
-0.358576
13.7339
4.6228
-9.6526
-1.56271
-2.8952
-11.3542
-0.44298
-18.5025
0.568319
0.0500047
-0.504612
0.00190979
-2.71874
1.70658
-1.22642
2.48526
5.15292
-0.0304657
7.72546
4.50193
0.750335
-2.80343
-2.27639
0.377793
1.70929
-0.826432
-1.05063
-3.29497
-1.30812
-2.21761
1.04152
0.00883311
6.81491
0.471551
1.45568
0.381789
-1.93355
-3.3327
0.569411
-0.138175
-2.46364
-0.194327
-0.0044963
-0.412893
7.02893
0.763712
1.0246
0.11234
-4.06943
-0.486276
1.85723
1.75158
-1.90919
-1.02103
1.20525
1.54101
0.147614
-0.0309464
-8.2545
-4.25919
2.55016
1.78697
-6.57023
-4.32989
-0.283595
0.831822
0.518356
0.392037
-1.31825
0.158427
-2.22782
0.342353
0.173065
-0.591697
-0.656639
55.8659
-0.670543
-33.8601
-0.84429
1.27324
-0.479849
2.23147
0.622591
238.409
-0.814472
-0.188087
1.60419
-0.38385
0.209312
0.0574545
1.75442
-1.62046
0.0728256
20.3727
1.00578
0.147611
-0.246504
-0.43216
-0.665026
0.560394
-0.0378756
2.52198
3.1822
0.236191
0.523811
1.46381
0.0113496
0.541082
0.0541304
0.661953
-4.09963
3.08247
4.09185
-3.02074
-1.25762
-2.34653
-2.29097
-3.76381
0.365239
0.462701
6.11804
0.597871
0.571903
-10.1395
-2.77282
41.2408
0.0481658
-15.2444
-0.490863
12.6959
3.50964
-0.556868
-2.49113
1.14771
-0.013058
0.0613205
1.4701
-12.0758
-1.30238
-0.207769
0.0145628
-9.11467
0.266452
-2.99076
1.00946
0.325993
-0.426378
-3.22018
-2.17668
-0.724014
-1.21978
-2.13156
-0.611368
4.38705
0.316974
-1.84528
-10.4737
-2.78639
2.20425
1.14911
1.81122
-0.707257
0.312917
-0.979885
-0.0527986
-0.00350734
-0.901876
-1.11276
-1.48867
-0.258546
-1.32893
0.0592348
-1.12546
1.36133
0.167799
0.147122
-0.831488
-0.018875
3.04409
-4.62168
-4.02357
0.309089
-0.675235
-0.65985
0.0349532
-0.859699
1.42679
-1.61574
15.5909
-0.31987
0.698801
2.55395
1.48409
1.92736
7.99965
0.468831
-0.0376669
-4.88832
-0.119678
-4.91111
0.423552
2.3908
0.324823
0.147112
1.33758
-0.787867
0.44561
1.83823
0.34073
-0.727467
-0.768311
1.87094
-0.14386
1.00014
-1.87324
4.00147
-0.194509
4.44059
0.484476
-0.0605101
-5.90402
-0.953484
0.532904
5.27627
0.374758
-0.699531
-1.27056
0.60716
1.61741
-2.47049
3.93985
-1.57252
-0.47351
-0.837497
-9.38517
2.42783
-0.986861
0.0836454
-0.67021
-1.55567
-0.983409
-0.483628
10.4179
-0.302351
-0.604598
-28.5996
1.06887
-0.471394
-0.276196
-0.0448341
0.905056
-0.417389
-9.68828
-0.239591
-0.250021
1.90306
-1.57852
-1.17606
-2.83376
0.0224666
-2.30777
0.605801
-0.319731
-1.7569
0.150233
-0.0670927
-0.332357
1.63213
-2.53552
-0.252771
-1.0076
-5.43108
0.0458499
3.47808
0.788254
0.650128
0.280734
0.143945
-2.09734
1.38197
0.680744
4.52463
-5.39318
0.562465
2.2389
0.203414
1.74723
0.626167
-0.847893
1.21443
0.466695
-40.1325
-2.44709
0.094308
0.146126
5.87173
0.503746
0.447377
-5.78243
2.41141
0.278201
6.52108
34.8346
0.167373
-0.487144
1.97654
-0.50593
0.0575775
0.648929
-1.70019
0.887541
-1.70857
-0.462169
0.249205
-5.47308
0.79444
-0.519231
-0.612728
4.90171
0.571888
1.64884
0.810537
-0.0683722
-1.26432
0.575097
0.187309
-0.0743501
-4.56925
0.294312
9.12966
0.212684
1.66954
-0.290776
-0.368724
-4.45752
-1.16772
2.91514
-3.46605
0.810784
2.02464
1.25921
-0.507833
3.55025
6.24115
0.266345
2.80382
0.946512
10.0579
25.1492
6.82673
2.6067
-1.0892
-0.735844
-0.254055
-1.52744
-0.0259743
1.22245
0.706096
-15.0424
-0.759435
1.18311
3.35549
4.8555
4.70733
0.0377142
0.087833
-0.0499537
0.256878
-0.147751
0.306309
1.98964
-2.37955
-0.312957
-0.0458557
0.687114
1.78759
-3.13985
-1.28759
1.40982
4.11693
-3.81501
-0.274407
0.97224
-1.86514
-1.79308
-1.85094
-1.7668
-0.25629
0.380349
0.892067
0.251432
0.126311
3.08043
0.544354
-0.532304
9.65634
-0.886622
8.48425
0.184393
-2.50519
-1.63423
-4.48963
-0.0876895
2.3192
-0.206178
-0.16362
-0.00679271
-1.21693
-2.98248
-0.419142
0.982039
0.225554
12.449
-7.55339
-1.55424
1.00814
-0.248801
-0.165528
-0.360093
-0.446903
-0.54724
2.45284
0.357032
-1.7904
0.293933
-2.42926
-0.279475
-0.831497
-0.00529047
-0.473367
-1.4512
47.1859
-1.24865
-0.821779
0.695096
0.104427
0.633728
-0.275602
-2.50822
-0.0344044
-0.265173
-1.06992
-22.0291
-0.773412
0.0530252
0.777962
-53.1414
-1.25436
-1.23141
0.304602
2.54268
1.25742
-41.9898
-3.35282
1.09341
0.185272
2.41134
-0.905041
7.61461
1.35069
-2.15426
1.14766
-0.0331232
-1.28689
0.00535458
-9.33307
-29.7342
0.00916515
1.21539
7.18304
1.19382
-1.30385
19.3503
-2.94252
-2.34968
-1.21112
0.827357
0.105377
0.430834
-107.889
-0.0391353
-0.478965
4.77255
-1.12455
-0.540276
-1.36881
0.485672
-2.52545
-0.143007
1.86336
-0.932744
43.5448
0.417601
12.2353
1.12359
-0.107902
-4.76951
1.36045
0.122753
-0.525628
0.403667
-0.280641
-0.64971
-3.36289
0.64189
-13.4235
1.78836
-4.51224
0.341386
-3.84318
-0.355526
-0.638139
0.824793
1.22646
-2.48674
-4.70035
-0.0410744
1.11537
-1.46344
0.0474666
1.50649
0.182278
1.87033
1.45922
9.78286
1.5253
7.33157
0.104195
5.3791
16.6347
0.0278231
-0.969603
-1.73481
0.112783
0.146993
1.78322
-0.101195
-11.9501
-0.851894
-0.296542
-1.02803
-2.44187
1.11871
0.616213
1.02703
-1.74651
-8.29197
3.06069
0.664821
1.0259
0.800089
-0.69228
-2.20509
0.295008
1.02765
0.150121
0.0207501
0.32666
-0.437006
-1.00362
0.462341
1.934
-13.9858
0.767971
0.941441
-0.316147
0.763496
1.25024
1.71132
-1.12415
-2.55696
-0.304919
-29.3487
3.0316
-0.104011
0.155736
0.589413
-1.562
1.48746
0.82317
4.03733
6.21983
0.162734
3.49806
-6.30155
0.155612
-0.477062
0.821395
-0.376305
-0.0211887
2.22739
-3.56653
-1.57524
-3.24102
-4.72897
-0.542743
1.09372
0.356718
-4.51996
-0.259326
0.234268
2.11443
1.0734
-8.52606
112.142
3.05025
-0.308925
-2.57045
0.889971
-1.99175
-0.436526
0.992445
-0.0351262
-1.70215
-0.499753
2.64246
-1.43458
1.32266
0.463246
1.98268
0.742425
5.45714
-0.33132
-0.683336
0.833576
-4.78689
1.20687
-11.5108
4.29055
0.896298
0.561562
0.723375
3.14344
-2.01971
-0.0255404
0.988807
0.550302
-1.48344
0.202655
-3.52164
-0.26892
-0.166688
-0.122889
-52.1498
0.0475649
-1.11279
-30.3795
0.174095
0.303644
-1.53441
-396.318
-0.929242
-0.436054
-2.27855
4.65019
0.791348
0.850651
0.384872
21.9356
-1.70252
1.44808
-4.54194
-2.01836
-1.11621
2.03406
-1.91458
0.637031
0.262927
0.469824
-1.08276
0.917898
0.331341
0.00893655
-3.46113
-0.176607
0.246413
-0.204207
0.789667
-1.25229
17.2829
2.34737
-1.31751
0.302925
1.26854
0.509181
-0.145874
1.05918
7.5478
0.80139
0.461586
12.5243
-1.3546
5.21324
0.482644
1.40485
-0.833382
-9.34873
-0.0793877
11.7574
1.10072
1.22155
-0.820094
-1.97138
-1.09321
-1.10274
-0.228919
1.58742
0.319674
-0.314347
-0.144243
0.470388
-0.954996
-0.896695
0.0403001
-2.37307
-0.0642316
-0.275937
-43.8548
-1.53929
-0.0627517
0.337974
-1.2892
0.160485
-0.67268
-0.618673
-0.0215584
0.598862
0.30229
0.583351
1.91648
-0.0230946
1.05201
-0.498688
-1.30924
11.0969
-3.77523
0.166667
-12.9121
0.116655
6.92184
0.490567
2.39744
1.13962
-2.09954
-0.0557133
1.91642
-1.32875
-0.965814
-4.38264
-2.6262
0.325886
38.9341
0.253564
-0.247584
-0.586571
-0.498754
-0.385552
-1.15144
1.47823
-2.93032
30.6469
0.518462
-6.23744
1.07462
-0.147216
7.97577
0.743393
3.80772
-0.326825
0.538178
-8.56504
0.633155
1.14475
-11.4267
-0.492936
-9.99632
-0.527901
-0.404926
-1.7344
0.0453439
-1.33088
2.37741
6.47369
0.221251
0.226565
1.71343
-0.691922
35.9675
-0.449936
2.06868
0.697744
-0.229798
4.84068
-0.615815
-0.458051
0.670906
0.411403
-0.0903124
-0.149175
-0.131358
-3.37082
-0.0529037
-3.96498
-3.99808
-14.9635
-0.149996
-0.034363
-0.876911
-0.741501
-0.237981
-0.231584
0.787001
3.19924
0.776512
0.20319
-0.618364
-0.804512
0.222234
0.555509
-6.65584
-1.45918
2.95285
0.942337
-1.23767
-1.74715
0.509637
-0.838011
0.301735
0.500605
-2.6614
-3.48869
0.710687
1.09548
-0.52366
-0.711422
0.153939
-0.130172
1.24102
-0.525822
1.28593
0.697126
0.294916
-0.550072
3.0237
1.24037
20.5839
-0.416175
0.548422
1.40655
-3.00094
1.84104
-5.63085
0.966332
0.969595
13.6659
-0.529931
-0.305225
10.8698
-51.0612
0.212563
0.146988
0.64478
-0.817042
-0.585417
2.63932
-1.1042
0.206107
-2.41752
-2.6885
-2.03978
0.0653946
-3.62563
4.83687
-0.833101
0.162226
-1.26599
0.790881
0.311044
0.106633
-2.54236
1.09784
0.457529
2.92837
-9.53391
0.365586
-0.559191
1.69832
4.75981
-2.89334
-0.817603
-0.451847
-3.64507
1.17418
2.71424
-0.238202
-0.838959
1.77067
2.58791
-18.6947
0.846055
-4.86746
-0.68562
-14.8451
0.120719
-0.29804
0.399044
2.42213
-0.530241
-1.19535
0.407348
-0.342718
1.49272
-2.95187
-1.65279
-5.29619
-0.131679
-0.918234
-4.66933
-5.25571
-1.31764
-0.249864
-1.13374
-12.5918
1.65498
0.361708
-0.370032
-0.188264
-0.906037
0.239171
0.0949252
7.57899
-2.91576
-0.0853239
0.450271
2.67811
-5.3458
-0.983108
1.37266
0.594296
6.5532
0.385198
20.6898
2.62767
-0.219804
-0.439215
-1.28308
0.35825
-0.116846
0.65786
19.9314
1.49442
-1.56035
0.0537582
-30.4117
1.13053
5.81125
0.889727
-0.59362
-0.11477
0.0738487
-0.503152
1.57515
-0.212471
0.143134
0.178798
1.20266
-0.202471
-3.99984
6.43954
1.12084
0.85563
-7.97122
1.2662
-2.44599
-0.964926
2.03387
0.335959
-3.1931
9.25333
-1.10812
-0.163857
-0.893937
1.56627
-1.34972
-1.54788
-1.80957
1.03621
1.4399
-275.684
-0.237042
-0.271853
0.15197
0.0333781
1.97093
0.305727
-1.23784
0.0342059
-1.59665
-1.81403
2.2628
0.885091
-0.436512
0.512437
-0.70678
0.744279
0.801849
-1.15613
-0.576022
1.4466
-11.7817
-5.50194
0.411185
-1.12974
11.207
0.83313
-0.692855
1.21248
-0.972668
1.28795
-1.53982
-0.192905
0.143417
-0.138711
7.98617
-0.498401
-0.415437
1.56265
-0.822247
-0.403958
-0.70995
-1.12392
-1.38093
1.32065
1.98864
1.23471
-0.215812
0.386719
-0.331201
-0.00185988
-0.901067
7.75038
0.702221
5.63226
15.0818
1.2118
-7.71794
0.0861671
-0.24852
0.0166593
-0.0227301
0.347409
3.62303
-0.35269
1.71547
-0.637165
-0.166629
-4.29863
-2.01194
0.273075
0.707698
2.04521
0.697243
0.542357
-0.5487
-0.45731
1.27642
0.301188
-0.446924
6.50362
0.0934762
0.549277
0.183713
0.365361
0.280811
0.712714
-1.71924
-0.609746
0.342977
-1.31271
-0.298437
9.4917
-1.42733
-1.87295
-14.1389
2.96358
-0.521557
0.101679
1.28751
1.0968
-0.259411
-2.89348
0.867654
-5.65934
1.04807
-4.64829
-0.392112
0.164961
-0.365048
0.328557
0.0829071
2.71135
8.5256
-0.106646
0.204459
-5.28337
4.429
0.112268
1.70212
-0.224811
0.134919
-0.274528
4.16557
-3.37677
-1.5271
3.13559
-0.754497
-1.06196
-1.11292
0.0499791
12.7398
-0.00244865
0.277008
0.836287
-1.61804
-1.30304
-0.510643
-2.51627
3.22438
-6.53767
-1.28022
1.40846
97.3592
0.507167
1.9455
0.046498
0.417908
-4.06305
-0.830861
-1.18856
1.76739
-0.774518
-0.634605
-0.525603
-1.97121
-0.514852
-3.86109
-2.48029
-0.635881
0.81955
-0.315131
0.224689
-0.333401
-0.0938301
13.3901
-6.63039
-0.65699
-0.692078
-2.45603
0.194953
22.2976
0.41873
-0.849514
0.34189
0.594689
-0.0615079
-0.120385
-0.767461
-1.52478
-1.19018
1.13035
0.819338
5.73812
-0.0428775
-2.96423
0.877851
-0.661339
-0.775349
-0.065689
-1.18712
53.2995
0.26356
1.0055
0.947899
-2.06185
-1.27248
1.33204
2.5767
0.114014
0.747984
0.514266
3.04362
0.103555
-0.084134
0.234276
-0.950384
-0.478732
-0.647793
-6.68506
0.344613
-0.0421364
0.819078
99.391
-3.38025
0.690055
-1.71166
-2.0347
6.1141
-3.40474
-0.269225
-8.27022
-5.54869
-0.0640054
-1.52119
2.73584
0.226705
-0.456926
2.69613
-1.26442
2.34151
0.777406
0.501957
-0.608064
0.834241
7.67652
-0.552054
11.4063
1.49848
1.98108
-1.85885
0.697053
-0.307612
2.34193
2.99964
0.197748
0.667312
-0.0823831
0.698368
-0.183904
-0.737108
1.45865
-0.471591
-0.123058
-1.00063
0.430837
-0.60806
-0.316742
0.875971
0.869946
0.482951
0.341462
4.65948
-0.961843
1.11223
-10.9739
0.480201
-1.44717
0.0196902
0.0830906
0.225969
7.23533
-2.43337
-1.14403
13.497
0.50527
-1.19979
-0.955304
0.174538
1.92988
0.779507
0.579901
-0.425875
0.0161736
-0.363098
-0.413525
0.116547
2.33036
1.24007
0.458745
0.0941354
11.2148
-7.35076
4.83628
-0.210407
3.93528
-0.00350509
0.237012
2.59496
-12.8362
0.244904
-1.58049
-6.21302
-0.0610545
-1.16199
-2.18713
0.0854851
0.186058
2.26318
3.10206
-2.26847
-6.99874
0.641442
-0.405493
0.276425
1.53691
-1.10454
-2.70043
-2.95791
0.161943
-6.27423
539.574
-0.589518
0.0732783
0.194477
-0.754623
-2.24573
-0.874433
-0.107505
4.27138
-0.0564841
1.29054
-3.72022
2.28175
-0.12818
-1.53252
1.47862
0.00464198
-1.97102
1.55339
2.79643
1.59806
-1.50265
0.687572
2.08397
-0.0280669
1.69651
0.735047
-1.13019
-0.367179
5.07896
0.953533
-0.960828
1.28182
1.4832
-1.21269
-1.91014
0.260086
2.40801
2.99209
1.31852
-1.43036
-2.05638
-0.378151
4.01478
-12.6982
0.59412
0.681351
0.796653
11.7077
-1.70815
1.03429
6.18766
54.8434
-17.5726
0.945852
0.705456
-7.54623
-0.946813
-67.8447
1.24887
2.3529
-1.49382
0.0312245
-0.74766
0.156918
-2.12104
-2.86944
2.96775
-0.571151
-7.54045
-0.61528
-0.41167
-0.360755
0.808442
0.398516
0.32027
-0.075668
0.791912
-0.47181
-2.85951
1.02714
2.3721
-10.9487
0.341589
1.52222
3.57814
0.39141
0.829163
-1.33464
-1.32528
1.95406
-1.80069
0.586858
0.0844089
0.46634
-2.0955
5.65542
-15.6721
-0.599761
0.709419
0.806136
1.14044
0.464076
-3.61698
