3.94373
3.31929
3.1557
4.12823
3.60382
3.33388
3.59644
3.94123
3.91861
4.14561
3.79993
3.33598
3.14741
3.12959
3.39956
3.45804
3.31485
3.52092
3.22281
3.62907
4.58787
3.63993
3.19859
3.59773
3.6222
3.27202
3.16527
3.66795
3.55421
3.57846
3.67936
3.86421
3.00584
3.57462
3.80366
3.64108
4.03649
3.74731
3.10775
3.36672
3.41734
3.29303
3.74255
2.40796
3.41971
3.74412
3.95443
4.11722
4.00085
2.90988
3.78338
3.86882
3.83647
3.59503
3.44387
4.51552
2.59132
3.96786
3.51541
3.2331
4.13497
3.73565
3.57422
4.19401
4.10164
2.94529
3.27618
3.85844
3.25945
4.26169
3.15493
3.39389
3.59548
3.48739
3.52823
3.83212
3.33984
3.3713
2.40927
3.54476
3.343
3.41514
3.69889
3.96679
3.28748
3.92095
3.68818
3.21949
3.65585
2.93358
3.53013
3.8824
3.19387
4.01668
3.84278
3.13618
3.2988
3.46152
2.98526
3.84618
3.32924
3.5626
3.80204
3.87909
3.77452
4.00438
3.25945
3.04253
3.53781
4.18866
3.40278
4.0105
3.77861
3.49217
3.44079
3.44475
3.32679
3.47925
3.51863
3.24527
3.12162
3.50439
3.86895
2.96042
3.44569
3.4249
3.535
2.86003
3.91502
4.30384
3.73819
3.52241
3.25309
3.01863
4.71688
3.50888
3.31791
3.60104
3.49161
3.79717
2.66761
3.91898
4.51629
3.61742
4.1415
3.97135
4.05354
3.18252
3.49998
3.10159
2.36634
4.02704
3.60798
3.84645
4.44701
3.76645
2.96309
3.92113
3.50871
4.5614
3.06097
4.00226
4.34299
3.4191
4.65691
3.00559
3.40151
3.68677
4.42411
3.96495
3.58845
3.18959
3.3251
2.90462
3.75424
3.43836
3.20493
3.25715
3.7601
4.1797
3.68026
4.41396
4.23691
3.7843
3.34072
3.40609
3.29055
4.06623
3.09465
3.49777
2.91008
3.09933
4.18327
3.13553
3.71389
2.94389
2.95325
3.2307
3.9227
2.91991
3.41949
3.66347
3.57757
4.66064
3.46605
3.68162
3.52465
3.65275
3.72463
3.52739
3.56737
3.81736
3.2365
3.66091
4.44091
3.40853
3.44507
2.85901
2.89236
2.60365
3.3828
3.75312
3.6541
3.1328
4.10748
3.53034
3.97682
3.64172
4.00924
3.55688
3.64239
3.20582
3.55138
3.59297
4.00586
3.5102
2.82407
3.05403
3.11959
3.18333
2.48173
2.93243
2.87166
3.11978
3.70112
4.02975
4.32429
3.34998
4.23865
4.05953
3.56729
4.11251
3.98182
2.46549
3.90504
2.75747
3.58103
3.96053
3.57487
2.95663
2.81461
2.82687
3.4482
2.91912
4.28095
3.92802
3.79497
3.40889
3.82856
3.16806
3.69564
3.83283
3.32571
4.29439
3.56418
4.51616
3.43811
3.97475
2.99892
4.00431
4.02446
2.98978
3.30769
2.82818
3.57575
3.66753
4.55692
4.14236
4.31623
3.84631
3.37373
3.99341
2.64961
2.68756
2.98384
2.69822
3.07625
4.07062
3.5968
3.4098
4.02275
4.08631
4.25439
3.92076
2.71741
3.3064
3.6365
2.60235
3.31101
3.54141
4.07299
3.09938
3.88382
3.70894
3.63887
3.49939
3.79645
2.22038
4.21397
4.16661
4.53319
2.45351
3.26721
3.77939
2.75303
2.9141
3.37962
3.83209
3.70513
3.09943
4.14898
3.96018
3.48158
3.36199
3.12286
2.92005
3.272
2.73177
3.286
3.40253
2.85083
3.69063
3.88153
4.08193
3.46937
3.30245
3.97461
3.89987
2.64149
2.88788
3.67114
3.05615
3.50284
3.09275
4.28265
3.02608
3.99012
3.23421
3.9829
3.14691
3.52824
3.71898
3.63027
3.4132
3.72973
3.61317
2.93399
3.09383
3.3019
2.60325
4.02138
3.631
4.42404
3.12297
3.21686
4.00428
3.298
3.33123
2.97258
4.34014
3.89214
2.91086
2.8945
4.52047
3.58987
3.81871
3.18643
3.89095
3.02057
3.65232
3.58857
4.39286
3.79199
2.70888
4.51612
2.53965
3.15959
3.59696
3.60714
3.13211
3.8598
3.92223
3.76809
3.45384
2.90057
4.10284
3.55905
3.91112
3.54388
3.78089
3.38983
4.17917
4.03137
4.08127
3.00178
3.8893
3.79569
3.62929
2.58945
3.23912
3.46651
3.27387
4.66952
3.63078
3.42151
3.37304
3.43406
3.53963
3.44918
4.28374
3.3285
3.78853
2.78159
3.35796
3.47379
2.75063
4.32174
3.28271
3.30642
4.22614
3.83135
3.51097
3.43827
3.33615
4.16177
3.31647
2.74279
3.24934
4.30143
3.66489
3.55254
3.40509
4.08044
3.12944
3.10708
3.61892
3.81362
3.48893
3.01925
3.55432
3.98016
3.43137
3.03161
3.01704
3.22938
3.44677
2.71388
4.37621
3.56822
4.02737
3.00596
3.13882
3.52796
3.70413
4.14012
3.80217
3.42355
3.2334
3.47989
3.58101
3.51089
2.90758
4.19199
2.95444
3.91324
3.99906
3.92154
2.69966
3.62981
4.25672
3.26984
3.67767
3.25579
3.65945
2.8778
3.10868
3.73439
2.7913
3.79691
3.92235
3.02805
4.2381
3.58384
3.99112
2.53738
2.81539
3.6834
2.65196
3.91252
3.22284
4.16851
3.89511
3.0935
2.38036
3.78499
3.44559
3.48207
3.23635
3.00257
3.1862
4.0892
3.74858
3.40256
3.46811
2.8189
3.02348
3.23667
3.32821
3.74
3.25969
3.87006
3.47953
4.26457
4.17694
4.07586
3.16419
3.09241
3.02135
3.77736
3.0556
4.09801
3.52359
3.33753
3.36957
4.02731
4.34634
3.87509
3.69148
3.93842
4.5928
2.83971
3.74932
3.26153
3.35785
3.7081
3.4603
3.16984
3.08911
3.66657
2.55092
3.64468
3.68483
4.02463
3.39857
4.18438
3.79087
3.35794
2.46509
4.04796
4.1694
3.50801
3.79023
3.7409
2.79671
3.56985
3.98619
3.14194
3.50799
3.8777
3.52127
3.23603
4.04192
4.25285
3.80408
3.36007
3.24825
3.4066
4.17681
3.18447
4.00638
3.39501
3.39928
3.84494
3.06356
3.90149
3.55245
3.70534
3.53602
3.87653
4.01353
3.67395
3.72692
3.19352
3.75181
3.31152
2.69974
2.98279
3.16733
3.66155
4.20632
3.68553
3.04215
3.79887
4.10355
3.62268
3.3965
4.53467
3.80316
3.50315
3.13988
3.53214
3.08389
3.29923
4.37971
2.27834
3.25589
3.79656
3.59794
3.92454
3.70195
3.87917
3.12859
3.94835
3.73055
4.23974
3.46678
3.9077
3.96092
3.20856
4.41262
3.74784
3.62015
3.27406
3.40094
3.6891
3.668
3.62117
3.59037
3.66467
4.07477
3.14322
3.88311
3.09361
2.36305
3.38658
3.51926
3.46644
3.68425
3.76628
4.23738
4.28621
3.23579
3.64488
2.7154
3.35012
3.73537
2.99564
3.60381
4.17267
3.95339
3.37478
3.43571
3.54297
4.4653
3.30703
3.0459
3.77507
2.82029
3.44201
2.35388
2.65187
3.73332
3.46816
2.96317
3.87908
3.1923
4.27502
3.50234
4.05777
3.53264
3.23304
3.98037
3.74978
3.06653
4.21467
3.1519
3.15217
2.7641
4.6088
3.98553
4.21305
3.26942
3.58488
3.30096
3.21255
4.19379
2.7419
2.98841
3.89925
3.16441
3.53112
2.94637
3.21353
3.01637
2.97065
2.97156
3.4461
2.8013
3.1736
3.80747
3.87077
2.94593
3.59072
3.90549
4.45777
3.42917
3.62198
3.67552
3.21436
3.75638
3.88086
3.10022
3.01684
4.29464
3.89864
3.5602
2.98865
3.19311
2.93531
3.56469
3.5462
3.14746
3.81712
3.30506
3.67535
4.17792
2.35015
3.54629
2.81758
3.37519
2.86291
3.34392
3.93683
3.22901
3.8101
2.92204
3.90379
3.189
2.62319
3.76995
3.27642
3.51793
3.12299
3.11355
3.37136
2.78225
3.31259
3.38939
3.21268
2.98538
3.24855
3.69752
3.01059
3.38395
3.44175
3.43178
3.26436
3.43772
3.36842
4.38361
3.89976
3.62879
3.67558
3.58854
3.54317
2.54605
3.54434
2.53171
3.10053
2.66579
4.42805
3.05181
3.75097
3.66981
3.5114
2.8803
3.78124
3.92723
4.24054
3.22538
4.37843
2.92662
3.65304
3.15797
3.5651
2.97996
3.49039
3.77963
2.90198
3.43043
4.20494
2.74975
2.90015
2.8808
3.97668
3.72238
3.27589
3.11971
2.73448
3.59036
3.74768
3.958
2.93016
4.1574
4.01645
3.59761
2.94273
3.45606
3.88636
3.94057
2.994
2.90262
3.67504
3.40593
3.83578
3.82711
4.12845
3.8574
3.22248
3.63977
3.99693
3.65489
3.81242
3.49261
3.2455
4.12805
4.14429
3.26746
3.56287
3.43036
3.21487
3.06971
3.89996
3.76703
3.43745
3.6294
2.71012
2.90068
3.88958
3.60897
2.87985
3.62349
3.76268
4.28988
3.02991
3.04474
2.80483
3.45772
3.43332
2.0782
3.30205
4.0281
3.23824
2.92327
3.77222
2.55347
3.99982
2.6197
2.54987
3.72346
3.71681
3.41527
3.81866
3.31905
3.13501
3.72139
3.40264
3.8036
3.52099
3.34137
3.75597
4.3314
2.92606
3.44163
3.59494
3.42696
3.15172
3.89601
3.49481
3.43602
3.19433
3.16854
3.02813
4.07197
3.38817
3.81037
3.64987
2.97876
3.28227
3.43146
3.53879
4.2045
2.97812
3.66789
3.48326
4.32696
3.22144
4.20098
4.15371
3.19561
3.48284
2.7942
3.2328
3.35174
3.5785
3.59934
3.87827
3.66142
3.57339
2.64343
3.87229
3.04341
3.77605
3.94305
4.06525
3.89693
3.57523
4.10277
3.85051
2.93173
3.1852
3.03981
3.91079
3.57575
3.55796
2.637
2.35581
3.48304
3.78675
3.16126
3.12435
3.88759
3.76715
3.69511
4.1533
3.64604
3.19783
3.6138
3.81975
3.28528
5.19505
3.8007
4.54135
2.71813
3.36092
3.32909
3.67392
4.01342
3.08711
3.74808
3.47434
3.20418
3.69208
3.39623
3.40042
3.59027
3.68114
3.32597
3.89866
3.33965
3.9853
3.45748
3.08448
2.91495
3.97605
3.4907
2.84855
3.44979
3.3698
2.38932
2.92654
3.17178
3.32697
3.41069
3.34897
3.31704
3.11721
4.19087
3.44106
3.20353
3.16367
3.80416
3.67215
3.7282
3.59546
4.50141
2.65754
4.02564
4.12917
3.49198
2.99482
3.37356
3.16631
3.16892
3.87067
4.15311
3.43537
3.5874
3.50288
2.7696
3.82329
3.79153
3.48632
2.91203
4.73259
4.24466
3.99055
3.37729
2.86706
3.15377
3.51048
2.90765
3.2899
3.88833
3.50072
3.08785
2.41499
3.47946
3.22777
3.82071
3.78316
3.34522
3.55344
3.74775
4.04179
2.92308
3.1166
3.20415
3.48752
4.30072
4.0094
3.89493
3.84818
3.72157
4.04778
2.95182
3.67144
3.50153
3.11538
3.8781
4.25437
3.42849
3.3134
3.11126
2.98889
3.1266
3.77835
3.03093
4.81532
3.65214
3.53298
3.71234
3.6668
2.74811
3.11528
3.07307
2.85453
3.21991
2.4836
3.2836
3.78451
3.80446
3.32544
3.90981
3.21339
3.69038
2.90106
3.72823
3.94215
3.00705
3.93205
3.5024
2.91281
3.13529
3.79885
3.23161
3.61482
3.60287
3.44026
4.48065
3.52412
3.61308
3.85173
3.37208
2.48938
3.41455
3.45818
3.16999
2.54609
3.25606
2.39103
3.10711
3.0809
3.57993
2.82802
4.20458
3.08485
3.39285
3.55827
2.80646
3.42538
2.91305
3.814
3.89861
3.63379
3.62821
3.66415
3.50443
2.64586
3.30817
2.89412
3.04737
2.75004
3.80199
2.79976
3.5429
3.68869
3.10907
3.20252
2.8303
3.4247
2.24902
3.24682
3.27719
3.02677
3.86519
4.16932
3.98757
3.44341
3.28204
3.2339
3.01647
4.1268
2.89661
2.90493
4.44233
3.53439
3.31931
3.08543
3.87069
3.47725
3.08986
3.37551
3.54033
3.10066
4.07888
3.31045
3.17595
3.97403
3.34615
2.91669
3.07885
4.83331
2.76143
3.17789
3.16994
4.4607
3.6042
3.13216
2.29684
4.00286
2.64348
3.82533
3.58972
3.72008
3.85935
4.22428
3.49808
3.7254
3.00284
2.44805
3.86329
3.21415
4.10085
2.30335
3.47935
3.50046
3.29829
3.6153
2.56719
3.36917
3.08933
3.22256
3.43525
4.3175
4.02524
3.26066
3.32173
4.20272
3.39614
3.98545
4.01188
3.62789
4.16928
3.89329
3.2959
4.08983
3.62659
3.77273
4.181
2.97922
3.67949
4.07707
3.49377
2.96471
3.24885
3.63541
3.60654
3.60883
3.3835
3.22437
3.49421
3.2553
3.95052
2.90097
3.17558
3.7935
3.26595
3.75146
3.81595
3.3473
3.94455
3.33967
3.36539
3.75205
3.53242
3.64231
3.57965
3.37458
4.1466
3.13763
3.61855
3.89785
3.38062
3.46774
4.13904
2.13295
3.64555
3.22374
2.89806
3.23797
3.40075
3.40679
2.35288
3.91406
3.38915
2.99715
3.59416
3.71609
3.52681
2.81707
3.16974
3.55631
3.50656
3.50233
2.9549
3.29572
2.96096
3.40121
3.19727
3.50978
3.68979
3.59848
3.2123
3.58087
3.49246
4.01598
3.42812
2.71182
3.05585
3.17019
3.0758
3.27093
3.63344
4.17119
3.7941
3.07041
3.41144
4.42624
3.76519
2.74664
2.99308
3.26515
3.72065
3.35197
3.84215
3.33347
4.25459
3.08408
3.31223
3.10357
3.35342
3.2707
3.54798
3.73241
3.89956
3.79342
3.58032
4.24879
4.12883
3.57609
2.84709
4.18182
3.11911
4.07951
4.1564
3.24619
3.86049
3.43568
3.26958
3.57873
3.30454
2.92103
3.81619
3.27469
3.51344
3.90985
3.16333
3.10106
4.12692
4.76507
2.64707
3.26818
2.83788
3.31545
3.23357
3.51965
2.91516
3.13412
3.71283
4.0548
3.5345
3.77534
3.93826
3.92644
3.77653
4.4423
3.91005
3.06089
3.62315
3.25053
2.66098
3.92594
3.63144
3.31765
2.93801
3.62653
3.18674
3.35181
3.08336
3.83657
3.83441
2.72739
3.30406
3.97951
3.66223
3.22794
3.17876
4.44896
3.55315
4.2031
3.78615
2.91465
3.35074
4.32698
3.24921
2.88799
4.07749
2.96259
3.77465
3.72527
3.81835
3.32786
2.92747
3.62548
2.73017
3.72533
3.41505
2.93378
3.85977
3.53901
4.56601
3.69033
3.05134
3.51842
2.9737
3.36822
3.69661
3.56086
3.4348
3.62316
3.92851
3.26993
3.84819
3.13154
3.58211
4.00914
3.64989
4.22209
3.34403
3.48636
4.14453
3.51073
3.48424
3.09586
3.25451
4.12672
3.41185
3.81135
4.24268
4.37233
4.0191
3.86483
4.37471
3.28708
3.87547
2.26224
4.27267
3.59155
2.80639
2.87861
3.37119
3.36457
4.23888
3.94157
3.42283
4.06166
2.91883
4.15369
3.40955
3.11146
3.20254
3.02026
3.50226
4.33053
3.5976
3.1409
3.37045
3.27626
3.57608
3.7894
4.67933
4.41127
3.90534
3.04786
3.52182
3.08141
3.33973
3.57757
2.81803
3.81389
2.98891
3.8003
3.87491
3.82044
3.02628
3.33041
2.83411
3.84466
3.62357
2.93919
3.64598
3.12141
3.59547
3.64956
3.49293
4.22024
3.71054
2.75057
3.74569
2.92343
2.47272
3.58753
3.07074
3.04341
2.89985
3.42488
3.71786
2.7132
2.92401
3.99572
3.80143
3.68714
3.51024
3.54272
3.54961
3.06849
2.93882
3.22218
3.53052
3.13409
3.41809
3.68388
3.77469
3.55529
4.79302
3.45613
3.99833
3.31827
4.08723
3.95661
3.79195
3.02569
3.96355
3.01612
2.67416
4.01573
4.41148
3.74382
3.32067
2.86315
3.56678
3.37861
3.06335
3.33127
3.04181
2.46328
3.91486
3.22234
3.49242
3.24391
3.40913
3.82796
3.86999
4.13861
2.95818
3.31
4.40492
3.93642
3.71118
3.34624
3.84058
3.07786
3.56145
3.25415
3.78408
3.43589
2.98258
3.05981
3.76328
4.4567
3.78468
3.6082
3.67691
3.83669
2.6673
3.81475
2.79723
2.10304
3.10537
3.03696
3.33255
3.53195
2.63989
4.29909
3.77944
3.77985
3.05512
4.23138
2.89208
3.41938
4.20933
3.58956
4.06902
3.26328
2.94617
3.09905
2.30514
3.42579
3.54892
3.62237
3.5792
3.01266
2.6101
3.27702
3.64531
3.64694
3.47405
2.63499
3.16891
3.72958
4.07018
3.51418
3.9959
2.8999
3.98978
3.12567
4.06588
3.60263
4.06957
3.46978
2.57834
3.98451
4.03003
2.87781
3.49318
4.03488
3.87704
3.47517
4.29473
3.95106
3.8103
3.59569
3.17087
2.65088
3.29217
3.80546
3.35669
3.17083
3.21586
3.19886
2.36486
3.38008
3.27189
3.50814
3.17216
4.00659
4.14708
3.3217
3.65477
3.91351
3.60023
3.83546
3.66221
3.37974
3.74407
3.56525
3.09261
3.3307
4.02314
2.82737
3.17965
4.03113
3.91221
3.54808
3.92422
3.19356
2.77034
3.09204
3.70127
3.77229
3.57064
3.30315
4.04536
3.40419
3.8859
3.83076
2.96568
3.52406
3.54556
3.06744
3.36425
3.12358
3.78962
3.15406
3.72856
3.43947
4.03009
3.5113
2.7425
3.5478
2.99098
3.23599
3.30726
2.90762
4.53275
3.45438
4.68631
3.33889
3.37752
3.35342
3.5865
3.23565
3.23627
3.61501
3.45971
4.50709
3.9996
3.8572
3.15724
2.80551
3.68871
3.93989
3.29192
3.54139
4.27334
3.6221
3.26034
4.50249
2.74873
4.56096
3.85043
3.58517
2.52365
3.02237
3.20716
3.7123
3.70686
3.42638
3.65195
3.95403
4.28928
3.47984
3.44877
3.68366
3.50472
3.15244
4.08292
4.29238
3.81162
4.13133
3.46573
3.55327
3.47395
4.14328
3.70151
3.66593
3.62924
3.66243
3.6503
2.82999
3.01685
4.02535
3.99302
3.88677
4.2001
3.35431
3.85297
3.63506
3.15051
4.44335
3.25049
3.86807
3.97308
3.89063
4.26514
2.99542
3.83632
4.26475
3.75244
2.80509
3.331
3.97123
2.8099
3.48678
3.51687
3.23951
2.40965
2.97962
3.82668
3.27971
3.21274
3.52347
3.78181
3.66209
4.55274
3.98446
2.63429
2.85151
4.42399
3.09188
3.58493
2.58244
3.53249
3.66498
3.63748
3.88963
3.06503
3.72437
3.43399
3.11303
3.30489
3.07464
3.57646
2.57461
3.57005
3.01056
3.47542
3.37864
4.17255
3.74126
3.17574
2.91585
4.19517
3.9428
3.39563
3.65586
2.85454
4.04096
2.6745
3.69107
3.06695
3.89281
3.56086
3.74922
3.05648
3.47662
3.68137
2.52072
2.94201
4.01626
3.3174
2.65063
3.21277
3.65781
2.7756
3.62431
3.84977
3.88216
3.87414
3.52932
3.07271
2.779
3.77641
3.30553
3.29009
3.12409
3.68921
3.09881
4.80263
2.39284
3.60244
3.21294
3.65772
3.90991
3.78271
3.40809
3.27566
3.77567
3.64316
2.92322
4.56542
3.52707
3.89725
3.60363
3.72116
4.18171
4.0641
2.89377
2.73764
2.88015
4.42839
3.20933
2.90568
2.78329
3.96785
2.83162
4.14667
3.19771
3.5466
3.97104
3.51717
3.5935
3.33258
4.0254
3.56304
3.24525
4.43283
3.81277
3.92458
4.16862
3.15005
3.68741
4.69217
3.84107
3.54947
3.95127
3.98449
3.38675
3.68498
3.35248
3.06896
3.47208
2.86856
3.71597
4.06675
3.59989
3.27759
2.88066
3.88246
3.80628
2.97915
3.12107
3.47101
2.4561
4.11127
4.11053
3.40222
3.89884
3.99571
3.23679
3.90595
4.68873
3.3672
3.20998
3.67842
3.38869
3.18943
2.90648
4.2032
3.66958
3.68776
4.27146
3.68749
2.98245
4.26429
3.85659
2.43768
3.52281
3.37073
3.19835
3.09515
3.02258
3.19979
3.24633
3.62637
3.09654
3.21604
4.42966
3.30886
3.43665
3.58218
2.70393
3.67726
3.58901
3.94698
4.04951
2.99132
4.36457
3.84614
3.89629
3.76048
3.62613
4.12774
3.82873
3.70712
3.76067
3.84868
3.67901
3.2734
4.0873
3.99919
2.74501
2.87427
3.76757
3.69721
3.37359
3.5716
2.97648
3.65475
3.02886
3.19258
4.65855
3.75368
3.21868
3.63756
3.63518
3.97816
3.28191
3.72069
3.14547
3.73653
4.04234
3.85901
3.09448
3.76518
3.71478
3.27362
3.84905
4.34251
3.70205
3.58877
4.36279
2.45093
4.05103
2.81289
4.22833
4.31009
3.83947
3.1579
3.94622
2.86486
3.1444
3.00075
3.76626
2.3464
3.49676
3.51418
3.89862
4.43517
3.85592
3.09078
2.70828
3.3396
2.64133
3.15767
3.19793
3.76453
3.73802
2.82638
3.15074
3.27849
3.14591
3.04523
3.74586
3.49913
4.07235
4.01936
3.77603
3.30133
4.27087
3.63597
3.78774
3.91263
3.30822
3.48018
4.03135
3.79559
3.69554
3.2494
2.54938
3.12726
3.94856
3.47197
4.54796
3.97068
3.64549
3.40822
3.88789
3.39366
3.93029
3.36007
2.59771
3.82543
4.16274
3.83761
3.75327
3.35144
3.04595
3.62903
3.38391
3.93224
3.56548
3.29284
3.25765
3.19232
2.9534
2.93885
3.46322
3.45969
3.1445
3.38723
3.64911
3.64779
3.32061
3.8925
3.09553
3.85563
3.14307
3.59208
2.98688
2.72306
3.65228
4.18642
3.31876
3.6125
3.06703
3.08075
3.31482
3.5992
3.34528
3.81595
3.54527
3.0368
3.87219
4.08849
3.63014
4.12544
3.51963
3.00764
3.47701
2.94464
3.57577
3.46006
3.44407
3.32339
4.17208
3.55018
3.13602
3.20509
3.83876
3.057
3.73151
3.32505
3.19904
2.69587
2.3074
3.5534
3.5661
2.69631
4.06643
2.66665
3.83576
3.3046
3.19137
3.09584
3.57163
2.79262
3.73997
2.85997
3.55866
3.40204
3.06163
3.428
3.35452
3.37546
3.65805
3.66319
2.99766
3.82409
3.22646
3.78865
3.0342
3.1538
3.31544
3.97303
3.4054
3.61938
3.5899
3.67066
2.99061
3.79943
3.64303
3.76014
3.23023
3.88162
3.10948
3.31127
3.75659
3.62135
3.52542
3.46954
3.3398
3.68385
2.94769
2.98326
3.70947
2.80283
3.28538
3.30809
3.44221
3.78635
3.61382
3.0091
3.60846
3.87308
3.43232
4.3407
2.7515
3.29007
3.89322
3.91975
3.52496
3.58545
2.97158
3.81737
2.94443
3.40751
3.36079
3.18031
3.2125
3.37396
3.07129
3.15268
3.45537
4.02295
3.7755
3.904
3.46335
3.06016
3.88386
2.97989
3.15622
3.71378
2.65301
3.47664
2.99846
3.48197
2.81881
3.20124
3.96822
3.90496
3.81301
3.51341
2.93781
3.71666
4.06398
3.45659
2.95247
2.82836
4.1984
4.06972
3.8979
4.06958
3.65183
3.93204
2.92617
3.45896
3.76301
4.02812
3.26336
3.50071
3.86777
3.43058
4.15129
4.09966
2.72482
3.58312
3.67948
4.1608
3.29752
4.12656
3.64264
3.78671
3.98151
3.24579
3.31254
3.20901
3.31012
3.92584
3.14229
2.68757
3.4853
4.28998
2.92492
4.08392
2.77372
3.3536
3.80695
3.16299
3.8738
4.06208
3.81166
2.89977
3.80081
3.39155
3.65555
3.16542
4.15392
3.57623
3.6456
3.63984
2.81996
4.18649
2.82355
3.64533
3.23562
3.3167
3.7777
3.31881
3.27078
3.55212
3.67113
3.13754
4.11232
3.16952
3.53972
3.28601
3.71908
3.18587
2.79189
3.19937
3.48502
3.4051
4.09582
3.34137
3.1891
3.02276
2.46922
3.8724
3.6268
3.13371
2.89019
2.83603
3.00956
4.14806
3.62688
4.33987
3.28476
4.15581
3.23749
3.92947
2.97061
3.19069
4.32099
3.45145
3.41611
3.62898
3.103
3.67488
4.08838
3.11915
2.82004
3.78733
3.0554
3.47337
3.11929
2.60496
2.27409
3.36202
3.31998
2.93352
4.10976
4.43761
3.38638
2.9897
2.70458
4.17464
3.34118
3.64019
2.87894
3.24691
3.10224
4.93819
3.69113
4.1742
3.35414
4.03491
2.59709
3.25537
3.07043
3.01631
3.34342
2.96473
3.18081
3.56275
3.29318
3.52431
3.63187
3.0522
2.82559
3.77416
3.71851
3.82503
3.76685
3.74849
3.56751
2.80126
3.50113
3.02522
3.5331
3.98863
3.47665
3.45207
3.51884
3.14271
3.26368
3.76199
3.36853
2.43773
3.13746
2.87632
3.97313
3.47954
2.85035
3.35408
4.11946
3.33988
3.32412
3.98073
3.8602
4.01359
3.4347
3.4003
3.31393
4.29821
3.37788
2.97961
3.80761
3.06793
2.29611
3.75359
3.15284
3.76175
3.41286
4.33592
3.60127
3.12803
3.86238
3.58923
2.6533
3.3656
3.21912
3.63432
2.89817
3.77397
2.92256
3.43812
3.94252
3.37303
2.35941
2.7551
3.23819
3.17528
3.30682
3.10701
3.74926
3.89111
3.25636
3.77119
3.40187
3.8205
2.83018
4.40758
3.13964
3.53206
3.06702
3.48983
3.16102
3.6531
3.29712
3.11621
3.54423
3.19186
3.64168
3.06087
3.96898
3.28591
2.86373
4.0864
3.62328
3.61832
3.36371
3.57374
3.63752
3.96572
3.55456
3.93557
3.51691
2.94026
3.66746
3.56463
3.54711
2.95998
3.73074
3.22826
3.52723
3.82971
3.53096
3.35611
3.43757
4.03755
3.30649
3.57751
3.27923
4.46914
4.24038
4.15078
3.82588
2.71529
3.01072
3.08634
3.90729
3.49539
3.22305
3.80104
3.59811
4.4424
2.99076
2.55119
3.81413
3.59237
3.24602
3.67668
2.82225
2.89437
3.55489
3.84921
3.5493
2.90426
3.77693
4.05229
2.82886
4.04842
3.35081
3.43125
3.85378
2.94117
3.30412
4.43634
2.60649
4.21235
3.27661
3.34242
2.91776
3.1491
2.91285
3.76371
3.55855
3.67859
2.92142
3.19218
3.89851
3.81607
3.91447
3.3737
3.66875
3.67536
4.3324
3.99565
3.24501
3.98632
2.8255
2.6953
3.12178
3.78688
3.40504
3.30827
3.3764
4.05443
2.99338
3.06153
2.92625
3.51441
3.19361
4.07546
3.26112
4.21128
3.16586
3.07494
4.08661
3.65002
3.43872
4.11924
4.44341
3.91364
2.30084
2.94588
3.37112
3.63504
2.60869
3.68374
4.56437
3.04934
3.91359
4.22567
2.72261
3.07492
3.25178
3.46141
3.42417
3.4699
3.25821
4.35628
3.85886
4.08253
2.95608
4.02175
3.63239
3.06242
3.14014
2.95868
3.10969
3.12165
3.71393
3.56462
3.39344
3.53268
3.65669
3.78145
3.03739
3.52266
3.48777
3.91976
2.97381
3.57129
4.16241
2.73181
3.88748
3.34212
2.77422
3.71465
3.39812
3.07476
3.75621
4.41067
3.91676
3.73827
2.96344
3.63236
3.42072
3.09341
4.08704
4.07381
3.14531
3.53433
3.29042
4.18137
2.31994
3.1779
3.27512
3.44086
3.57952
3.64128
3.67524
3.39934
3.06157
3.29641
3.74541
3.77415
3.45289
3.5123
3.24914
3.91242
2.37875
3.49414
3.77044
3.14914
3.0316
3.30042
3.3632
3.77228
3.31484
2.96723
3.51914
3.83842
3.53154
2.89156
3.37659
2.99256
3.77645
4.22277
3.90871
3.73109
3.69394
3.48456
3.52125
3.70666
3.64323
3.49688
3.55631
4.20943
4.06612
3.3903
4.13985
3.36872
4.48151
3.60281
3.62749
3.40469
4.03467
4.22166
3.5939
4.4197
3.90852
4.38073
4.37824
4.25393
4.1575
3.14619
3.6389
2.84048
3.15416
3.42127
4.18749
3.27977
3.34197
3.37341
3.56347
3.51371
3.36711
2.73459
3.87698
3.51488
3.41574
4.04868
3.38916
3.31641
3.71221
4.0369
3.11534
3.49316
3.63745
4.22535
4.42805
2.86519
3.80604
3.32627
3.20332
4.22942
3.69383
3.08715
2.99477
3.33586
4.03741
3.91963
3.53693
3.60946
2.73032
4.59278
3.57002
4.27945
2.8198
4.12283
3.0455
3.61245
4.46206
3.71443
3.71237
3.85643
4.32255
3.70563
3.90142
2.7874
3.41201
2.94218
4.01518
2.41094
2.72766
3.35348
3.79851
3.90578
3.32311
3.72616
3.40561
2.8071
3.55912
3.768
3.59587
3.71186
3.29154
3.52832
3.08252
2.9491
3.63163
3.58802
3.62405
3.69301
3.6676
2.65567
3.89021
3.90695
3.66557
3.30304
3.4505
3.2915
4.77148
3.04694
3.9247
3.56996
3.1151
3.831
3.40107
3.97993
3.97042
3.68446
3.66972
3.2495
2.75627
2.93222
3.63454
3.122
3.66449
4.30313
2.95899
4.15327
3.08206
3.13142
3.56696
3.0406
3.72757
4.06842
3.56183
3.65268
4.05107
3.31968
2.44274
2.71499
3.95057
3.39523
2.68897
3.26532
3.73698
3.20815
3.84935
3.02907
3.03372
3.07952
3.71534
3.27445
2.92542
3.80548
4.47249
3.4925
3.67482
4.41448
2.91682
4.40729
3.70526
3.59085
3.88859
3.35664
3.30031
3.46328
3.51777
3.49401
4.10118
3.05434
3.69158
4.04711
3.48598
3.16016
3.8462
4.02935
3.79434
3.27667
4.25075
3.33488
3.11436
2.91175
3.39355
3.55866
3.47808
3.7201
3.39657
3.16775
2.81543
3.3705
3.07579
3.31031
3.89548
2.90242
3.33136
3.08413
2.7378
3.55216
3.9929
2.99628
3.10572
4.12578
3.56177
2.63099
2.69693
3.96907
3.48345
3.20288
3.02605
4.43246
4.1497
2.70774
3.24755
3.45122
3.27127
3.2934
3.29627
2.95922
3.07889
3.75815
3.72694
3.82693
4.001
3.24461
3.01258
3.86222
4.03371
3.73188
3.8161
4.135
3.45944
3.83897
3.37775
3.98443
3.38728
3.73785
3.16556
3.54028
3.7796
3.63443
3.81432
2.93728
3.19562
3.31096
3.13282
2.62443
3.42424
3.13368
3.08795
3.2685
3.49481
3.71433
4.17815
3.72383
3.24583
2.57478
3.98749
2.8881
2.69805
3.69874
3.96582
3.98648
2.91988
3.76494
3.60898
4.42414
3.88935
3.14128
3.71746
3.31976
3.5483
2.87945
3.79015
4.18044
3.8109
3.48498
2.86448
3.40094
4.22995
3.6475
4.24247
3.86788
3.34091
3.90137
4.04652
3.42229
2.89495
2.84694
2.92765
3.78131
3.25874
3.0978
3.0026
3.74276
3.19997
3.52964
2.72531
3.09386
3.59437
2.6914
3.90208
3.6179
4.28096
3.89954
3.93879
3.44058
2.85887
3.57159
4.16213
4.18015
4.16064
3.76506
4.18609
2.96326
3.9529
2.673
3.79866
2.84116
3.60725
3.48796
3.22251
3.98827
3.55005
3.58062
4.35759
3.78816
3.24168
3.85031
4.2422
3.50937
2.75191
3.3891
3.47327
2.74619
3.68969
4.26164
3.70526
3.14734
3.81176
4.23818
2.60106
4.17801
4.07627
3.22796
3.7374
3.75825
3.22369
3.94585
3.97075
3.09375
3.15882
3.50468
3.64898
3.86227
2.97416
2.66144
3.80786
3.64193
3.89619
3.35524
3.12023
3.56503
3.75267
4.96029
3.86968
2.65395
3.75031
3.83731
2.59973
3.1431
2.91865
3.3019
3.84278
4.31373
3.51747
4.03846
2.96282
4.46586
4.02127
3.77362
3.14903
4.12457
3.48593
3.18314
3.4769
3.42522
3.16907
4.04143
3.20697
3.34492
3.71682
3.53294
3.12052
4.04545
3.04643
3.93005
3.19528
4.06505
3.74528
3.00188
2.30308
3.44469
3.87349
3.05396
3.36546
4.0965
3.49853
3.40865
4.03204
3.82024
3.10671
3.92135
3.9503
2.84605
3.72799
2.78778
3.07453
3.1293
4.17665
3.43285
3.21532
3.34633
4.25206
4.68141
3.66022
3.63724
2.56005
3.69692
2.69979
2.61466
3.80668
3.83369
4.27231
3.50512
3.48302
3.58377
3.1944
4.0122
3.80033
3.70972
3.57351
3.58841
3.05214
3.43962
3.50234
3.27524
3.2705
3.26068
3.51399
4.11877
3.11051
2.88332
4.03072
3.39043
3.83847
4.3573
3.66796
3.44074
3.11543
3.10707
3.75917
3.9859
3.45922
3.31335
3.34603
2.97528
3.33475
2.60319
3.63251
3.91015
2.76336
2.92113
4.02993
4.08193
3.15872
3.73875
3.42441
3.17054
2.78807
2.92075
3.17674
3.99159
3.82406
2.60002
3.61881
3.40324
3.89369
4.32519
3.43934
3.98169
3.84745
3.52855
3.35608
3.54661
4.16312
4.0229
3.84993
2.96567
3.46496
3.27078
3.49077
2.8898
3.08066
3.57984
4.01365
3.16867
3.37457
3.66306
3.80769
3.16842
3.28733
3.66296
3.35907
3.06124
3.57843
4.77391
4.44352
2.87931
3.20939
3.50677
3.49237
3.223
3.62199
2.92547
3.56038
2.98607
3.35717
4.34505
3.20223
3.30814
3.52663
3.01596
3.81869
3.18743
3.0908
3.72958
2.66222
3.2845
3.21278
4.06504
3.6958
2.92012
2.64993
3.6576
3.37752
3.61834
3.21044
3.90395
3.19757
3.76837
3.24426
3.43006
2.92297
3.57644
3.95386
3.43227
4.50954
3.45169
4.00164
2.66243
4.0192
3.31756
2.95742
3.36327
3.63482
4.06293
3.57081
3.86999
2.9938
3.44502
3.16939
3.87961
3.06522
3.7284
3.17553
4.04942
3.6744
3.69246
3.30058
4.12131
3.03291
3.36212
3.91696
3.17865
3.26042
3.41437
3.92477
2.92789
3.88916
3.18575
3.62127
4.05677
3.22054
4.05358
3.64765
3.75658
3.15714
3.68646
3.52921
3.9059
3.26266
3.25728
2.64129
3.69831
3.80576
3.68425
3.1247
2.15692
3.92323
3.81376
3.341
4.0136
2.79123
2.68088
2.8991
4.3409
3.32283
3.58146
4.10133
4.11004
3.91341
3.66211
3.34825
3.00811
3.13494
4.08233
3.60825
4.38329
4.03363
4.02522
3.49896
4.0965
3.31462
3.43149
3.34427
3.84352
3.20107
3.80359
3.76197
4.17152
3.1342
3.77478
3.40342
3.44908
3.23438
3.36037
3.4082
3.95917
4.07263
3.90638
3.95297
3.06935
3.80551
2.72294
2.96517
3.09407
3.10549
3.23816
4.13875
3.99859
3.57265
4.2301
4.33037
3.50461
3.44256
3.79273
2.73092
3.44273
3.40908
3.164
2.89873
3.35682
3.75968
3.39208
3.30715
3.40091
3.77485
3.53839
3.50066
2.97901
3.47199
4.21357
3.76996
3.36366
3.2782
3.21541
2.94798
3.68902
3.59518
3.88531
3.49523
3.24962
3.97345
3.02248
3.48417
3.44586
3.74184
3.29272
3.40866
3.50267
3.94244
3.04144
3.43624
4.24778
3.29965
3.76804
2.28704
4.27131
3.70628
3.24154
4.36474
3.69845
2.83836
3.33492
3.58134
3.5922
3.51421
3.12844
3.00899
3.66333
3.79236
3.1797
3.05832
3.49976
4.05664
4.08089
4.3244
2.93793
3.46582
3.02146
4.05766
2.98361
3.64907
3.04697
3.40861
2.84996
3.90718
3.05252
4.16146
3.71581
3.43386
3.27195
3.1135
3.71711
3.19985
3.6215
3.07291
3.9698
2.64671
3.22943
4.63982
3.58255
3.21618
3.83059
3.5011
3.65278
2.99464
4.42774
2.91139
2.64975
3.38129
3.21901
3.84884
2.37352
3.19253
3.26347
3.02571
4.33874
2.99389
3.70461
3.00026
3.96751
4.20487
3.59401
3.57781
3.38554
3.1508
2.45529
3.00519
2.90116
3.73981
3.20092
3.15437
3.40669
3.82212
3.3623
2.95716
3.4771
3.54219
4.31606
2.79478
3.85073
3.62396
3.28719
3.86181
4.26233
2.53258
3.88236
4.21619
3.75853
2.83546
3.75433
3.29271
4.16121
2.8391
2.72107
3.59929
3.25433
2.70715
3.26087
3.6314
3.05498
4.26901
3.77736
3.73178
3.68938
3.6074
3.37598
3.68851
3.42999
4.26676
3.61619
3.30642
3.85998
4.0539
3.80128
3.50288
3.41614
3.40557
3.3403
3.67045
3.722
4.17704
4.06436
3.61554
3.6577
3.45933
3.10216
3.32328
3.02341
3.16198
3.01717
4.1154
3.43829
4.60166
3.38182
3.95942
2.77711
3.21647
3.81129
3.25354
3.48183
3.77905
3.70254
3.85339
3.49554
3.61105
3.52179
2.92298
3.85141
3.80498
3.95594
3.38357
3.60928
3.33875
3.59176
3.80084
4.36797
3.22181
3.0087
3.49183
2.99122
2.94095
4.26917
3.4497
3.47057
3.47745
3.2627
3.37585
4.00847
4.04649
3.2081
4.67503
2.94024
3.96347
2.84026
3.71094
3.02357
2.67066
4.4061
2.93566
3.90921
3.46182
3.5666
3.69831
3.26719
3.32115
3.64967
4.10407
4.07738
3.04672
2.92127
3.23664
3.50395
2.95778
3.13963
2.8734
3.05802
3.98886
3.63045
3.01377
3.41332
3.35281
3.46826
2.60811
3.27441
4.2086
4.07198
4.31546
3.10758
3.39877
2.62026
3.43506
3.32944
3.82516
4.16503
3.84807
2.70848
3.91071
3.16907
3.37198
3.26996
3.84864
2.91625
2.87205
3.90474
3.46969
3.34078
4.29015
2.66778
3.56164
4.29428
3.44302
4.41208
3.35437
3.1173
4.0082
2.43922
3.63763
3.10454
3.55747
3.25766
3.60767
3.05065
4.31387
3.82502
4.04257
4.03611
3.99987
3.811
3.78527
4.46043
3.71066
3.95253
3.76701
4.0526
3.18799
3.48294
3.4329
3.18609
3.68616
3.40213
2.93529
3.2989
3.31352
3.01486
2.83925
3.5661
3.799
3.69953
3.33887
3.6957
4.57458
3.2797
3.61137
3.81574
3.38129
2.65613
3.94056
3.39356
3.29728
5.01695
4.1195
2.97552
3.65344
3.97901
3.89661
3.25855
3.74298
3.42328
3.8581
3.10196
3.54813
4.0727
3.14349
3.56123
3.89827
3.02076
3.27011
3.87269
4.04045
3.95435
4.0962
3.04084
3.04444
3.22459
4.0811
3.77777
3.28101
3.20443
4.50511
3.51666
3.40345
4.03212
3.69039
4.06905
3.32887
3.87459
4.01805
2.71834
3.65706
3.75511
3.1659
2.63941
3.28123
4.27473
3.99461
3.00711
2.63628
3.21704
3.38964
4.00391
4.09673
4.0611
2.11955
3.65972
2.97774
2.83745
2.90072
3.0545
2.90918
3.04729
3.86211
3.88699
4.54402
3.52506
3.9827
4.76041
4.12871
3.15995
4.32819
4.25891
3.90478
3.80162
3.54229
3.98586
3.12708
2.96125
3.05216
2.70803
3.17558
3.07835
2.82604
3.59715
3.30417
3.15979
3.27533
3.28316
4.51113
2.50685
3.02223
3.53092
3.33237
3.03195
2.7578
3.32513
3.55012
3.32633
3.29447
3.99542
2.37588
3.67549
3.17063
2.73664
3.60818
3.12908
3.79414
3.4768
3.58171
3.51731
3.61526
3.51784
3.91615
3.96597
3.19851
4.22208
2.63928
2.49727
3.31697
2.73977
4.20026
3.71403
3.32124
3.37095
2.70556
3.34983
3.53929
4.12739
3.40134
3.62771
3.3424
2.90802
3.49246
2.90556
3.2662
3.42406
3.32973
3.49599
3.70467
3.10752
3.81351
2.83422
3.6991
3.20947
3.55292
3.32699
4.72268
4.14233
3.38668
3.25142
3.61531
3.34269
3.31269
3.48211
3.95241
4.0292
3.69007
3.61066
3.63498
3.7025
3.26869
3.68142
3.86742
3.08198
3.6676
3.80264
4.4434
3.89659
3.86532
2.80239
4.38886
3.04484
4.08124
4.38371
3.51544
3.11165
4.11872
4.89356
3.31611
3.57725
3.30706
3.3554
3.88913
3.27627
3.62087
2.82531
4.70496
4.26263
2.87157
3.91677
4.03508
3.20838
4.05757
3.99935
3.74011
3.31265
3.02554
3.11161
2.86889
3.41921
3.53722
3.03901
4.14901
3.63884
3.15197
3.29224
3.45304
4.24565
3.52725
3.3821
3.70376
4.46361
3.3052
2.82185
3.93557
2.98283
3.69513
3.69818
3.85809
4.14233
3.17802
3.43726
3.77204
3.1888
3.95073
3.55223
3.56615
3.36865
3.79358
3.19393
4.27793
3.83322
3.98705
3.23652
3.83012
3.43454
3.21904
3.91512
4.05815
3.46196
3.11607
3.69251
4.02343
3.71731
3.0979
3.5671
3.86065
4.04934
3.69663
2.94482
3.53649
2.56521
3.29766
3.48224
3.40103
3.71015
2.95125
3.96894
2.79183
2.75361
3.47
3.35186
3.7049
3.94297
3.96876
3.91472
3.67542
3.68365
3.32007
3.91081
3.01497
3.57702
4.18954
4.10739
3.93124
3.49515
3.38193
3.73542
3.30969
3.59418
4.17034
3.74807
4.0658
2.2657
3.09695
3.57704
3.4804
2.99813
3.42552
2.73564
3.30949
3.46787
3.99209
2.65272
2.7137
2.90253
3.64158
4.03183
3.18181
3.35627
3.25488
3.31507
3.62613
4.00997
3.56179
2.99128
3.20713
3.45645
3.50206
4.0232
3.19782
3.1538
3.338
3.57876
3.82804
3.8275
3.53857
3.53645
2.55217
3.07448
3.64619
3.89504
4.063
3.77022
3.40405
3.25305
3.62828
3.60244
3.86299
3.4336
3.45533
4.15262
3.0035
3.61526
3.79316
3.41933
3.09973
3.48986
2.86028
4.52486
3.61896
4.00319
2.94042
3.56952
4.39108
2.64492
3.61715
3.1953
3.59937
3.03891
3.62248
2.89369
2.83513
2.74558
3.15325
3.43959
4.02505
3.72286
3.26308
3.05643
2.98172
3.80262
3.06666
3.51477
3.14409
3.82447
3.49694
3.83973
3.26596
3.22917
3.73462
2.65006
3.87724
3.44874
3.18359
2.87416
2.78379
2.841
2.99439
3.68646
4.18835
3.20074
3.14208
3.97971
3.70643
3.54069
3.44356
3.53681
4.6171
3.36986
4.65348
3.28814
3.63067
3.1075
3.90654
3.13833
3.77096
4.0558
3.27817
2.81865
3.66178
4.01481
4.11426
2.56943
4.57335
3.15797
3.53464
4.17883
4.52598
2.69707
4.64386
3.00277
3.56463
3.15036
3.48676
3.06271
3.50933
3.68799
3.66521
3.66628
3.05308
4.06366
3.78632
3.71782
3.51991
3.0521
3.04126
3.48418
3.41253
4.09656
2.21787
3.55311
3.57014
4.03123
3.329
3.56983
3.32358
2.77803
3.29254
3.55962
2.47618
3.32806
3.72793
4.24215
3.25538
3.60253
3.43785
3.21576
4.07125
3.44851
3.02287
2.73772
2.98471
3.56
3.33033
3.04907
3.22966
3.52473
4.06815
3.79023
3.44925
3.98248
3.91781
4.0264
3.49862
3.04084
4.35977
3.74929
3.73204
3.62928
3.1784
3.94431
3.13453
3.383
3.74272
3.91038
3.47386
2.93251
4.16271
2.99154
3.34067
3.63589
2.8001
3.72789
3.01049
3.32494
3.3666
3.65552
3.00321
3.04739
2.97101
3.08304
3.53164
2.57195
3.48102
3.6448
3.22239
3.08332
4.4441
3.27871
3.55863
4.02957
2.56591
3.49911
4.43574
3.49416
2.8736
3.9328
3.53733
3.75036
3.69512
3.5591
3.43018
3.31564
2.46478
3.44229
2.84366
3.85912
3.61907
3.46763
3.53995
3.72499
4.47561
3.68966
2.99821
4.12021
2.9922
3.3743
3.82719
4.1748
4.1816
4.16363
3.38696
3.11838
3.21187
4.01534
4.0421
4.22637
3.85062
3.16604
3.28502
2.97508
3.41584
3.34056
3.15941
4.00432
3.27462
3.27691
2.98024
3.52196
2.68499
3.85931
3.78829
4.19455
2.90516
2.74926
3.79343
3.35359
3.49824
3.3773
3.25228
3.50709
3.13944
3.50589
3.29238
3.1811
3.48659
3.29621
3.13639
3.52615
3.30397
2.90975
3.99616
3.40887
3.53303
3.64781
3.09801
3.86878
3.8826
3.47989
3.86689
3.85588
3.76537
4.0347
3.73866
3.57441
4.03574
3.22487
3.88573
4.04373
3.48869
2.64938
3.33343
3.14689
3.45778
4.2654
3.50993
3.47323
3.1044
3.04348
3.71492
3.671
2.61952
3.41829
3.80787
3.31136
4.0627
3.31925
3.10859
3.92537
3.44244
3.41332
3.56899
2.91049
2.89546
3.4149
4.21645
3.91351
2.4518
3.41512
3.18544
3.08179
3.37618
4.15595
3.34586
3.23499
2.45527
4.02183
3.10227
4.0446
3.85411
3.24423
3.88042
3.71857
4.29418
3.41249
3.63317
2.9738
3.80925
2.3565
3.88974
3.23916
3.71409
3.31489
3.93853
3.56688
3.67525
3.52462
3.17501
2.64053
2.90164
3.46594
3.46278
4.05266
3.47695
3.96903
3.04725
3.18554
3.23452
3.73633
4.12771
3.56356
2.82947
3.05753
3.63509
3.95589
3.29148
4.59131
3.07895
3.79329
3.34585
3.56114
4.01896
3.12316
3.16918
3.05963
3.7821
3.36177
3.49989
2.87896
3.9886
3.01317
3.15285
4.3823
3.76578
4.30921
2.99125
2.9039
3.22067
3.88524
3.78756
3.51325
3.80814
3.64126
3.15967
3.20118
3.67349
3.3486
3.39696
4.14363
3.36393
3.347
2.99499
3.67139
3.49564
2.83755
3.59649
3.92165
3.02888
3.81174
3.79017
4.37013
4.24535
3.56731
3.3478
3.53989
2.83834
3.54647
3.48389
3.65592
3.71757
3.89252
3.60128
4.36188
4.19701
3.15581
3.73974
2.83844
3.67558
4.49018
3.07366
3.75991
3.73664
3.46639
3.80888
3.49886
3.78404
3.28887
2.70743
3.33584
3.39858
4.2375
3.72303
3.15412
4.04027
4.0663
3.85909
3.19687
3.03811
4.37588
3.86464
3.43713
3.00075
3.13685
3.76297
3.45814
3.84729
3.07652
3.4611
3.46475
3.59964
3.55112
2.81761
4.14394
3.89336
3.81142
3.04997
3.56525
2.35623
3.72926
3.74149
3.15958
3.56944
3.58804
4.46198
3.53746
3.26816
2.95012
3.14502
4.00559
3.25451
3.89948
3.36872
3.11307
4.1873
3.61787
3.56571
2.9063
2.97946
4.28813
3.44198
3.7944
3.97524
3.72819
3.51328
4.52454
3.39612
3.44477
4.17139
3.73909
3.23508
2.95569
3.57173
3.93447
3.84615
4.76488
3.88757
3.36392
3.41662
2.78462
3.10509
3.02429
3.82666
3.78415
3.0373
3.83944
3.59163
3.10466
3.61389
3.00072
4.64944
3.91503
3.2579
4.14733
3.69626
3.69364
3.78905
3.1673
2.59065
3.9061
3.29744
2.87243
3.53725
3.50914
2.81024
3.64807
3.32787
3.44632
3.82791
3.40126
3.35901
3.21074
3.93544
3.72881
3.46139
2.83585
3.69792
3.69882
4.26836
2.83492
2.42867
3.48757
2.4166
3.64544
3.17214
2.83577
2.81378
3.04442
3.87268
3.38627
4.02436
3.78618
3.70404
2.93759
3.51609
4.37387
3.4136
2.99555
4.57617
3.41159
3.28907
4.7279
3.14741
3.39374
3.48432
3.52437
3.65119
2.57377
3.44499
3.33744
3.55535
3.21425
3.55342
2.8265
3.51173
4.05567
3.8662
3.05101
3.82913
4.25138
2.94677
3.05573
2.86431
3.3012
2.79919
2.66386
4.10469
3.6766
3.78837
3.14151
3.28302
3.86512
4.18562
3.61966
3.30561
2.97238
3.60755
3.7572
3.59217
2.80461
2.62024
4.10183
2.61664
3.5153
3.15923
3.45244
3.00495
3.43434
3.1703
4.25011
3.98678
3.60851
4.00425
3.12183
3.31515
2.86694
4.10347
3.6742
3.4588
3.88572
3.39653
3.48162
2.93873
3.26076
3.57102
2.93649
3.12205
3.0082
3.02403
3.22634
3.60204
3.1968
2.7932
3.67559
2.98543
4.07702
3.65037
3.53724
3.47375
2.60657
2.79381
4.04258
3.06738
3.18218
2.70384
3.61439
3.03715
3.67299
2.73051
3.62201
3.4998
3.51056
3.86096
3.90435
2.99994
3.12597
3.36815
4.50919
3.4428
3.93467
3.67117
2.6953
3.03809
3.85465
2.74169
3.71607
4.10704
3.50391
3.26971
3.75144
3.17091
3.2582
3.55572
3.07718
3.18068
3.26029
3.7255
3.65856
4.0641
3.25699
2.86739
2.32781
3.45769
3.80056
4.07094
4.05271
3.55758
3.38605
2.59977
4.02611
3.96453
4.00646
4.06036
3.90381
3.71511
4.89267
3.43224
3.99114
3.38188
3.86517
3.20426
3.52595
3.19251
3.76005
3.11515
3.92854
3.05852
3.30157
3.12594
2.98657
3.22131
3.57883
4.25522
3.41596
3.91406
2.9445
3.28756
4.08599
4.00484
2.68835
3.11895
3.91988
3.5275
4.24864
3.63245
3.07952
3.32343
3.50969
3.5006
3.51585
4.20844
3.89397
4.19059
2.81383
4.14585
2.9921
3.20178
3.48395
3.3478
3.38473
3.19402
3.44944
3.54359
4.09487
4.16951
3.4514
3.84502
3.26975
3.24923
3.4414
3.20514
3.22654
3.3396
3.25411
3.90849
3.40589
3.61324
3.44975
3.34683
4.06317
2.73217
3.68918
3.52622
3.68665
3.62033
3.85192
3.81745
3.6677
3.34632
3.83005
3.40343
3.65774
3.30631
3.5287
3.19321
3.83217
2.90069
3.57634
2.6642
2.94145
3.27717
2.59588
3.16011
3.56474
3.96688
3.11016
3.11379
3.39174
3.3689
3.25318
3.98055
3.14333
3.54253
3.43078
3.85873
3.90196
3.6456
4.42264
3.34104
3.65784
4.11102
2.63957
3.58133
2.787
3.28249
4.34811
3.37785
3.96272
2.73457
3.64702
3.76573
3.66173
3.38079
3.32774
3.17753
2.46182
3.72769
2.97379
3.17218
3.23777
3.76147
2.75155
3.04922
3.64744
3.45783
3.31764
3.35645
3.46025
4.28453
3.61568
2.86547
3.31531
3.32007
3.05801
3.53136
3.40656
4.24081
3.68535
3.26858
3.3776
2.93279
3.37037
4.06719
3.86895
3.86326
3.47845
3.03933
3.19558
4.60117
3.62194
3.42785
3.04284
3.50434
3.74145
3.42486
3.35399
3.59533
2.72082
2.83978
3.24269
3.52667
3.58968
3.72272
2.29897
3.29013
3.09039
3.99032
3.06739
3.45365
2.98381
3.41787
3.26129
3.71333
3.44079
3.05257
3.93693
3.42692
3.21431
2.66955
3.88697
4.04911
4.0094
3.83345
3.4223
4.01768
3.56596
3.94483
3.49696
3.14383
3.44222
3.34206
3.29052
3.43852
3.33402
3.59586
3.39791
3.56078
3.48798
3.57492
3.68655
3.20287
3.36421
4.17748
3.16579
3.23092
4.67683
2.81525
3.87412
3.27878
2.28818
3.30227
3.82431
3.74648
3.65556
2.74298
2.95723
2.78395
3.62642
3.82982
3.83998
3.84414
3.85124
3.65247
4.00423
3.76894
3.93049
4.68703
3.35575
3.62497
3.13498
3.07471
3.99641
3.63536
2.63643
4.11649
3.58493
3.05758
3.15791
4.10098
4.52286
3.73593
3.30121
3.14966
3.78751
3.31183
2.53113
3.20481
3.14361
3.70333
2.89412
4.10178
4.25059
3.96957
4.02151
3.85906
4.34281
3.55468
3.31501
3.38537
3.19476
3.1595
3.93525
3.24509
2.49389
3.1185
2.81112
3.43924
3.52851
3.66302
4.36106
3.35083
3.75858
3.83111
3.96453
4.06987
3.87232
4.03785
3.44482
2.2546
3.8416
3.94924
3.42205
3.00194
4.27444
4.30637
3.36762
3.39166
4.02294
2.72578
4.03938
4.43504
3.04017
4.25551
4.19906
3.10028
2.88969
4.09557
3.6115
3.90333
4.09659
3.39515
3.79763
4.24418
4.18905
3.91807
3.86101
4.23504
3.31449
4.12174
4.43011
3.20834
3.22472
3.32373
3.85656
4.40874
3.20952
4.13421
2.78186
4.06492
3.21826
3.21109
4.03297
3.60316
2.94434
3.14892
3.02978
3.20624
3.55745
3.44131
3.48503
2.73754
3.55365
3.96053
3.15
2.24165
4.35353
3.77712
3.70696
3.29926
3.81402
3.39574
3.63195
3.95525
3.22908
3.11305
3.44917
3.25581
4.18037
3.70668
3.27088
3.62122
3.7585
2.54374
3.86443
3.84778
3.71097
2.95091
3.2106
3.4737
2.98305
2.8173
3.11517
4.05983
3.90283
3.40487
3.4083
2.62812
3.42208
3.72055
3.11383
3.06652
3.85938
3.55759
3.19345
3.75079
3.50258
2.94302
3.5682
3.94995
4.2123
3.7317
3.59248
3.27364
3.3288
3.46656
4.00346
4.48585
3.71936
3.37839
3.09125
3.95108
4.21375
2.52749
3.93306
3.79531
2.46018
3.59345
4.00715
4.05565
2.89469
4.19813
3.34997
3.65873
3.05175
4.401
3.64264
4.00959
3.85419
3.63457
3.21052
3.78906
3.80562
3.85204
3.39226
3.24899
2.66885
2.53761
3.58247
4.3612
4.24859
4.48446
2.97473
4.1175
3.30747
4.37365
4.12925
3.09422
3.92882
4.19161
3.46233
3.58649
3.30057
3.40256
3.60229
3.18362
2.92918
3.54608
2.77918
3.59848
3.20307
3.05918
3.01331
3.38018
3.50985
3.62575
2.84039
4.33069
2.77215
2.7356
3.15833
4.01247
3.30177
2.8889
3.50402
3.6757
3.78197
3.51083
3.66543
3.24985
3.9732
3.64526
3.50757
3.23603
3.39732
2.87493
4.23805
2.40277
2.79087
3.66987
3.56103
3.6294
4.02789
3.49433
3.76572
3.55738
3.99791
4.00667
3.76831
3.40182
4.08523
3.56539
4.47409
2.84116
3.93022
3.50861
3.54879
3.34508
4.0641
3.80284
3.28615
3.11656
2.79331
3.66127
3.7312
3.51574
2.87017
3.61023
3.56651
3.89955
3.02134
3.23677
2.49127
3.25239
3.31596
2.97902
3.4206
3.79979
4.14041
3.32485
3.30543
2.98803
4.20683
3.16344
3.22067
3.77949
4.05774
3.28809
3.09215
2.65458
4.43898
3.17771
3.53052
3.02772
3.6989
3.18801
3.71291
3.97621
3.53122
3.16276
4.60071
3.74707
3.4147
3.72901
4.0047
3.44857
3.51253
3.16919
3.60625
3.64952
2.57979
3.26708
3.5159
4.30055
3.58718
3.90329
3.79863
3.95847
3.30477
3.42994
3.11732
3.23571
2.99925
3.48315
2.74395
3.7137
3.68368
3.89576
3.66045
3.25005
4.0186
2.75167
3.31912
3.67618
4.4988
3.87714
3.85466
2.82309
2.96995
2.69321
4.13812
4.12966
2.8046
3.35728
3.53528
3.27913
4.22715
3.50101
4.07984
4.3758
3.31266
3.12527
3.49441
4.11552
3.59428
2.84207
3.58984
3.21981
3.99956
3.65724
3.54638
3.59489
2.99574
4.36635
3.42745
3.74345
3.85953
3.89047
3.49968
3.39812
3.89691
3.50734
3.03051
3.16227
2.72368
3.43705
3.20726
3.13502
3.87752
3.62072
3.66922
4.06388
3.06786
3.7842
3.86706
2.50954
3.2794
3.50797
3.56133
3.3243
3.73089
3.02803
2.74473
2.93635
3.35058
3.87195
3.12028
3.9991
2.96497
4.18757
3.49023
3.90579
3.30766
2.75123
3.00832
2.98627
2.74039
3.64608
3.72041
2.89395
4.23819
3.47998
3.16646
3.75774
4.22616
3.76636
3.03925
3.61475
4.26508
3.72046
3.49302
3.4563
3.3686
2.72705
4.16778
2.91099
3.39477
3.61485
3.84282
4.15497
3.48964
3.1267
4.35544
4.08119
3.97122
4.10333
3.01876
3.0755
3.32684
3.90264
3.74489
3.43907
3.15738
2.95532
3.42772
3.56305
4.43688
3.1113
3.86194
3.90257
3.36619
3.56074
3.07264
4.11383
2.88452
3.11704
3.40273
3.4093
3.56291
2.0281
3.55263
3.75253
3.63873
3.73633
3.98981
3.45531
2.86061
4.13642
3.74305
3.05662
3.59809
3.38407
3.06914
4.05394
3.33085
4.1877
3.82739
4.12407
3.16711
3.26898
4.11983
4.41182
3.95121
3.80703
3.35284
3.7817
3.30551
3.18503
3.84845
4.11867
3.61174
3.73692
3.98133
3.33083
3.47229
3.44556
3.03991
3.64803
3.60207
2.67302
3.60815
3.62712
3.88639
4.00719
4.23665
3.46551
3.50115
3.18795
4.01977
3.29159
3.02591
2.83027
3.91808
3.54168
3.39144
3.29004
3.76284
2.84956
4.28775
3.52279
3.85221
2.56634
3.3194
3.66412
2.89633
3.09443
3.72947
3.31461
3.79116
4.16108
3.42425
3.64094
3.29851
2.97328
3.31538
3.40883
3.68261
3.38705
3.1568
4.94226
2.70079
4.29098
3.58857
2.75737
4.06901
2.84467
4.0102
4.24848
3.62021
4.0298
3.1909
3.30732
2.84635
4.16236
3.68461
3.63564
3.36254
3.08142
3.15272
3.26529
4.05446
3.67102
3.60748
2.92864
3.26773
3.18811
2.87432
3.92628
4.3707
3.06116
3.73154
2.51765
3.86975
3.89004
3.72078
3.61431
3.47882
4.31961
3.53211
4.1845
3.64254
3.27557
3.65236
3.2813
2.98503
3.74261
4.12592
2.98596
3.50407
3.33139
2.81204
4.31147
3.053
3.82217
3.93295
3.7408
3.25032
3.18938
2.99229
4.07775
3.42976
2.80272
3.30351
2.66744
2.59103
4.06709
3.90288
3.79742
3.53432
3.70461
4.03224
3.21914
2.45918
3.19872
3.16147
2.73358
2.78096
4.1117
3.6809
3.16359
3.76599
3.55333
3.42914
3.28954
3.30891
4.01964
3.13191
3.45373
2.77341
3.6375
3.11245
3.04282
3.29053
2.54184
4.29453
3.9367
3.25581
3.17886
3.05405
3.76577
3.48967
3.77
2.38536
3.44784
3.62296
3.48776
2.63374
2.97962
3.74209
4.08602
3.20538
3.33654
2.67602
3.79371
3.20175
3.5889
4.03
2.72225
3.83497
2.47085
3.66846
2.85359
3.7662
3.14296
2.82237
3.36688
3.66924
4.26775
2.84378
3.62848
2.85656
2.77167
2.85303
3.11132
3.21517
3.2959
3.62192
3.82586
2.98504
2.84199
4.00836
4.53661
3.57265
2.99779
4.10626
2.60432
3.12775
3.88238
2.99651
3.23552
3.52122
2.57818
4.083
3.23738
2.64746
3.82196
4.46997
3.06735
3.1344
3.10559
3.68486
3.03345
3.07998
3.59114
3.77336
3.44231
3.3435
3.3739
3.39099
3.30881
3.20587
3.63081
3.48839
3.43222
3.87272
4.07075
3.53489
3.21036
4.32942
2.35677
3.44778
3.50462
3.96752
2.79977
3.99232
4.18517
3.68684
2.62639
2.89005
3.67696
3.83805
3.00341
2.72094
2.89362
3.40539
4.25434
3.42707
3.38784
3.73952
4.33324
2.82375
3.36296
3.43553
3.12425
2.99621
3.88222
4.61147
3.51473
2.80791
4.67832
3.3777
3.94326
3.96899
2.90738
3.19768
3.75322
3.71119
3.50788
3.62588
2.68612
3.58814
3.5165
4.06873
3.72802
3.26758
2.75914
3.7496
2.77608
3.4048
3.7769
2.96899
3.72156
3.78413
3.16323
3.53635
3.04898
2.88799
3.67961
3.90993
3.93042
3.90087
4.084
3.11634
4.04787
4.3779
3.0472
2.9317
3.00508
4.40564
2.84891
4.09129
3.19474
3.55522
3.73688
3.95476
3.36534
3.77571
2.89843
3.58937
2.88626
3.59809
2.93558
3.64346
3.83824
3.11812
3.55104
3.16794
4.56061
3.69873
3.34393
3.20347
2.66536
3.18053
3.68046
2.98616
3.28202
3.61151
3.04607
3.53498
3.42641
3.60457
4.1022
3.66911
2.89003
3.9045
3.36207
4.16338
3.92589
3.59339
3.46619
3.28563
2.26037
3.58612
2.98001
3.86948
3.08983
4.16551
3.45232
4.36138
3.22423
3.77901
3.16432
3.44104
3.41938
3.66667
3.56598
3.34926
3.69288
4.11286
3.33751
3.46755
3.54814
3.71157
3.33016
2.479
3.03447
3.50812
3.33207
3.60002
3.9502
3.7275
3.17128
2.90772
3.24993
3.02243
3.10934
3.19784
2.84556
3.77161
3.29544
3.09342
2.49482
3.9317
3.24238
3.78435
3.3501
3.79372
3.85204
3.31324
3.99392
4.21767
3.45956
3.23324
3.91665
4.51658
2.68161
3.74839
2.39566
3.63384
4.04586
3.6075
3.11433
3.60548
3.94479
3.55755
4.11298
4.02162
3.39872
4.07277
3.29278
3.29893
3.9292
4.36075
3.69773
3.04866
4.03523
3.30712
3.67838
3.67252
2.8313
3.05543
3.29537
3.04112
3.84772
3.82899
2.44915
3.70764
2.80982
3.88676
4.22683
3.08181
3.40442
4.16525
3.83533
3.83702
2.60793
3.6939
3.24451
3.54611
3.59226
3.78117
3.79245
3.63894
3.0408
3.25417
3.00916
2.7475
3.39843
4.1943
3.29382
3.85206
4.64555
3.14707
4.33463
3.36453
4.12794
3.19398
3.78919
3.38258
3.29042
4.55981
2.24727
4.32125
3.35365
3.58854
3.37668
3.9758
3.04007
3.45655
2.90699
3.29282
3.89599
3.40184
3.73459
3.22378
3.57379
4.03286
3.93664
4.50823
3.62897
3.94128
3.36017
3.58116
3.45367
3.37757
3.20682
3.52209
2.90959
3.6589
3.66214
3.56077
3.53938
4.26372
3.62284
3.62719
3.92736
3.22767
3.4538
3.28121
2.84662
3.99059
3.96079
3.07988
4.27086
4.25465
3.89376
3.03797
4.14607
3.69854
3.79945
2.81006
3.50822
3.05309
3.92086
4.57019
3.59965
3.07871
2.59518
2.78758
3.07842
3.39514
3.73061
4.1948
3.73099
2.89933
3.44641
3.71716
3.79022
3.16722
3.33949
3.98006
4.02708
3.27056
3.59466
3.73341
3.22566
3.34982
3.78451
3.63012
3.46782
4.06973
2.70915
3.76805
3.34491
3.24367
3.50444
3.25281
3.28048
3.94887
3.00161
3.26111
3.08952
4.36404
2.94997
3.18225
3.21584
3.84638
2.71831
3.88796
3.28077
3.92527
3.46941
4.0283
3.64297
3.92471
3.05621
3.47417
3.11003
3.83711
3.51689
2.62468
3.75951
3.35595
2.55002
3.76989
3.5181
3.63502
3.73004
3.54771
4.21419
2.87724
3.47705
3.25579
3.26033
3.76608
2.92381
3.37736
3.43875
4.03774
2.82687
3.65232
3.45434
4.15258
3.54753
3.87273
3.98582
2.55922
3.88238
4.30432
3.40742
2.95503
3.15188
3.23363
3.16982
3.23196
3.9595
3.11256
3.52016
2.45648
3.41285
3.62025
3.80778
3.76803
3.85203
3.68448
3.56353
3.99011
3.75937
3.60277
3.85679
3.5336
3.0288
3.37567
3.12606
2.83186
3.65163
4.21274
3.24508
3.58239
3.62989
3.39411
3.52804
3.48007
3.55687
3.7682
3.69367
3.41195
4.30872
3.63908
3.4997
3.74392
4.16961
3.64426
3.32521
3.8647
2.96708
3.94653
3.9201
4.56257
4.42306
3.16125
3.35719
3.59571
3.42974
3.9128
3.41378
2.97694
4.83876
3.26203
3.17619
3.52891
4.10571
2.96863
2.60185
2.17593
4.26114
2.65061
4.09013
3.22377
3.18293
3.87524
3.80458
3.03895
3.52403
2.56372
3.55533
3.57418
3.90325
3.31445
2.49224
3.5967
3.09588
3.34739
3.67536
2.76158
2.96467
3.24466
3.2811
3.83202
3.25068
4.01029
3.26846
3.38402
3.59756
2.69451
4.27151
3.74271
3.3113
3.42578
3.30043
4.68316
4.36196
3.66628
3.02486
4.08817
2.5123
4.35448
3.97991
3.2911
3.21254
3.82067
2.47632
3.74179
4.02894
2.95935
3.31284
3.41873
3.87839
3.11499
3.08029
4.5709
3.21938
3.98496
3.41307
3.90775
4.10435
3.56665
3.98538
3.76616
3.62681
2.77302
3.3659
4.56797
4.30071
3.81366
4.03577
3.54236
3.78855
2.786
3.94155
3.72197
3.14836
3.64421
3.39589
3.63235
3.89889
3.31057
3.45525
3.37889
3.70603
3.16711
4.09528
3.99614
3.37248
4.01292
3.57104
4.45917
3.56664
3.29491
3.79045
3.66687
3.35537
3.51781
3.34596
3.99235
2.10963
4.21172
3.54069
3.1557
4.23031
4.68303
3.81169
3.20945
3.39607
2.99748
3.89465
3.83736
2.66339
3.24145
2.8903
3.95219
3.25345
3.5806
3.08463
2.73836
3.23878
3.98225
2.94121
3.82057
3.59714
3.69087
4.12533
3.14952
3.22849
3.64345
3.73609
3.48099
4.03515
3.98445
3.11408
3.98501
3.04398
3.18737
2.65855
3.05652
3.30334
3.0129
3.52937
3.80949
2.91662
4.13114
3.92571
3.52143
3.57778
3.20803
2.82448
2.95538
3.35367
4.1039
3.6282
3.02169
3.21116
4.05452
4.11322
3.65206
3.91686
2.80283
2.38575
4.04334
3.94018
3.62219
2.74452
3.58896
4.3703
3.51957
3.91513
3.35073
3.11073
3.62971
4.06291
3.8343
3.24468
2.90919
3.80722
3.61629
3.46784
3.21167
4.15155
4.53151
3.86459
3.67343
3.81035
3.16394
4.05709
3.06099
3.35486
3.79497
3.88588
3.83012
3.91644
4.24784
2.78456
4.11834
3.8776
3.72727
3.38981
3.74063
3.04713
4.2884
2.68208
3.48061
3.25716
3.97948
3.58112
3.56732
2.63654
2.48749
3.92461
3.20023
2.50607
3.7767
4.63658
3.83273
3.90774
3.74463
3.14684
3.64726
3.22155
2.83046
3.75112
3.25249
4.13959
3.29611
3.60556
3.10608
2.45895
3.05995
3.92837
3.01376
3.22097
2.99888
3.73499
3.77854
3.16602
3.54404
3.5624
3.17111
3.28932
3.6811
3.64174
3.86555
4.47479
3.62583
3.85764
3.33175
3.25013
3.48115
3.58635
3.8989
3.14804
2.59167
2.63377
3.80187
2.97454
4.09717
3.4983
2.9951
3.47717
4.34653
3.56253
3.36607
3.97175
2.8687
3.57134
3.20336
3.42836
3.00758
2.88331
3.37173
3.83311
4.11268
3.98596
3.61936
2.83391
3.83786
3.14428
3.79019
3.24491
3.13526
3.80602
3.43675
2.92555
3.94191
3.01611
3.4266
3.86656
3.34169
4.09627
2.60831
3.50681
3.14523
3.72511
4.45029
3.37117
3.36585
3.8077
3.2886
3.56102
3.97944
2.6525
3.41764
2.94536
3.64155
3.97761
3.22994
3.09208
3.1951
3.64695
3.95925
3.54512
3.83723
3.29122
3.30368
2.99476
3.2239
3.59702
4.3032
3.20476
3.07619
2.55175
3.31858
3.75135
3.01223
3.81058
2.8065
3.69557
3.36396
3.60582
4.30815
3.75171
3.14798
2.74792
3.16635
3.33134
3.14497
3.27106
3.45889
4.03336
3.7024
3.65553
2.98331
3.21737
3.91011
3.31271
3.35129
2.73871
2.70893
2.64738
2.84808
3.74008
2.77724
3.51632
2.68542
4.08617
3.20087
4.28057
4.12384
3.09384
3.96655
3.40312
4.16298
3.15206
3.72976
3.17227
3.09609
4.14215
3.59241
3.13519
3.69782
4.26016
3.78638
2.20479
3.16171
2.90984
3.19392
3.15715
4.12663
3.27582
3.04613
3.3656
3.72924
3.00327
3.42574
3.6213
3.09172
3.60149
3.86085
2.76934
3.00224
2.75543
3.83121
3.64311
3.76789
4.17054
2.91878
4.40852
2.81756
3.89269
3.61971
4.4339
4.1051
3.23627
2.99465
3.17983
3.21038
3.02022
2.86991
3.35755
3.7589
4.25285
3.21168
2.73305
3.378
3.72285
3.08104
3.45824
2.88048
3.64536
4.2375
2.68925
4.71413
3.07828
3.49387
3.50591
3.9382
4.26544
3.3357
3.27533
3.58565
4.37959
4.60332
4.1065
3.24254
3.82975
3.69502
3.92161
4.52367
4.36372
3.28472
2.92375
3.34622
3.63786
3.958
3.36955
4.50073
3.74306
3.45526
3.05937
4.49151
2.86663
3.87092
3.8362
3.96613
3.33684
2.69295
3.63868
3.77647
3.73783
2.97701
4.28253
3.31113
3.59921
3.73456
3.64826
3.21211
3.35599
3.77473
3.83237
3.93596
3.84099
3.77463
3.07286
3.84229
3.0132
3.26301
3.88884
3.09056
3.44188
3.48744
3.3781
3.09816
3.75793
3.29528
3.49512
3.66085
3.34998
3.19367
2.88612
4.05923
4.02455
3.66434
3.48662
3.0724
3.6656
4.09377
4.59082
3.29272
4.12058
2.83967
3.48111
3.48344
4.10614
4.48981
3.45976
3.94314
3.86842
3.2793
3.75401
3.43908
3.64893
2.9178
3.76943
3.24402
3.1986
3.73799
4.04546
3.15851
3.14901
4.11218
3.52092
3.62371
2.99115
3.49359
3.84619
3.12719
3.22848
3.72457
3.4827
4.07686
3.96236
2.91357
3.20907
2.66584
4.23465
3.21848
3.40757
2.47384
3.39333
4.28342
3.13304
2.6481
3.5635
3.86191
3.47049
2.97969
2.99769
3.81893
3.06661
4.03873
2.6456
3.23982
3.47422
4.25451
3.2249
3.78421
4.07745
3.9243
2.89118
3.70808
3.36972
3.10735
3.29634
3.13727
3.23517
3.7081
3.3914
3.21115
3.6381
3.77525
3.77089
4.12501
3.25421
4.14132
4.17248
3.88499
4.08095
3.99941
3.43694
3.74967
3.44342
2.86222
3.29981
3.36734
3.56611
3.57037
3.32772
3.52838
3.00961
3.61528
3.62865
2.73712
3.27554
4.01409
4.65671
3.46787
3.76154
3.32211
4.49859
4.00487
4.00231
3.59068
2.97021
4.17609
3.76157
2.67608
3.66835
3.57603
4.04352
3.27787
2.81371
3.03269
2.47163
3.9325
3.78799
3.60913
3.23607
3.41089
3.20915
3.34025
3.44044
3.5662
2.70538
3.19045
3.18204
4.15072
3.23976
3.37803
3.0789
3.46846
3.40374
3.2474
4.21081
3.45265
3.53952
3.78024
3.07045
3.3551
3.86712
3.12209
4.12443
3.70688
2.98397
3.1606
3.46334
3.55762
3.6708
3.22739
3.27344
4.22319
3.87934
3.90514
3.9917
3.86931
3.59342
3.20697
4.00988
3.73138
3.44688
3.55513
3.17212
2.6181
4.04764
3.52146
2.56432
4.06959
3.89914
3.70185
4.22289
4.13812
3.62634
3.38247
3.39384
3.73209
3.40527
4.31535
3.85252
2.3119
4.06117
3.45641
4.04792
3.44869
4.24203
3.9288
3.46458
3.35483
3.39031
3.75993
3.5989
3.96743
3.92753
3.60049
3.32561
2.5141
4.13233
3.66894
4.1841
3.21259
3.13444
3.5753
4.24313
3.85372
3.76305
3.46295
3.70639
2.98973
3.17971
4.06746
2.80043
3.29759
3.79224
3.32674
3.23999
3.40981
4.38747
4.08656
3.69522
3.10259
2.73706
3.2312
4.18861
3.70414
3.12219
3.72863
3.22886
4.43339
3.28906
4.11513
4.2425
3.60207
3.78882
3.35422
3.49307
2.71095
3.47173
3.79
4.18161
3.44329
3.59691
3.57524
3.30111
3.40667
3.58536
2.98944
3.07144
3.19668
3.88543
2.97262
3.41016
3.45381
3.23612
3.48542
3.39867
4.05744
3.80534
3.46645
4.08184
3.94839
3.74626
4.19291
4.19333
4.29455
3.15666
3.26066
4.02774
3.81112
2.7423
3.18502
3.68439
3.52031
3.67696
3.78399
3.78686
3.0825
4.21805
4.04029
3.03576
4.05386
4.07816
3.54923
3.08179
3.0228
3.36937
3.94427
3.20937
3.55059
3.12845
4.35246
3.70052
3.68883
2.99753
3.467
3.50241
3.56932
3.57631
4.23436
2.95077
3.65945
3.27807
3.93852
3.30551
3.249
3.71342
4.12524
2.73368
3.58158
3.69195
4.844
4.12869
4.26706
3.87334
4.0959
2.78384
3.20865
2.91604
4.16066
2.94204
3.75098
3.66289
2.63601
3.12232
3.60342
3.46957
3.05816
3.37799
3.31519
4.22304
2.88193
3.76985
3.17686
2.4137
3.88437
3.84202
3.89506
3.31626
3.71595
3.26677
3.23524
3.40083
3.85842
4.57862
4.04989
4.03709
3.15866
3.54684
3.707
3.37073
3.89298
3.73959
3.40677
3.94298
2.97649
3.71158
3.22154
3.69019
2.96741
3.00126
3.91721
2.90204
3.4261
3.75223
3.21163
3.5332
3.474
4.27777
3.09831
3.45483
3.55775
3.76598
3.21139
2.79852
3.45881
3.57712
2.9305
3.48689
2.99924
4.2136
3.52173
2.86134
3.67927
3.04693
3.58366
3.00886
3.64256
3.76502
3.41505
2.95622
3.40026
3.75675
3.64338
3.84133
4.15492
2.78013
3.05115
3.48788
2.85065
3.76387
3.50948
4.00087
2.73614
3.47128
4.27621
3.56688
3.26199
3.50937
3.1384
3.08457
3.5443
3.29465
3.47666
2.56707
3.41148
3.59148
3.30156
3.94958
3.71137
2.61723
3.15989
3.00157
3.59093
3.4629
4.03135
3.98479
3.37096
2.70628
2.93363
4.0143
3.42354
3.59913
3.92688
3.77142
3.11973
3.58823
3.05589
3.78381
3.9506
4.18461
2.9911
2.92929
3.83465
3.82376
3.72732
3.13636
2.90969
3.36358
3.67136
3.44594
3.76779
3.74611
3.29791
3.16511
2.62653
3.60241
4.27518
2.28512
3.34058
3.70933
4.05982
3.65228
3.94214
3.71056
3.43315
4.07182
4.05942
4.39344
3.29832
3.59116
4.09732
3.56668
2.78087
4.1505
3.47447
3.71334
2.77261
3.60487
3.4963
3.09701
3.53163
3.31355
3.60357
3.87836
3.29851
3.05867
3.77134
4.05283
3.11201
2.99675
3.7431
3.14935
2.60473
3.66283
3.57033
3.63385
3.03196
3.23869
3.58767
3.84008
3.63485
3.86276
3.98907
3.00442
3.16142
3.2009
3.58055
3.60998
3.46658
3.81348
3.07025
4.24946
3.08532
3.54578
3.41666
3.59496
3.52039
3.23505
3.791
2.81693
3.70884
2.96889
3.62005
3.42329
3.22935
3.44615
3.4607
3.49377
4.28473
3.18287
4.11768
3.16329
3.84199
4.37234
3.45123
3.46216
4.03467
3.64943
3.73146
3.24986
2.53008
3.82618
4.18129
4.48295
3.0365
3.85669
3.51033
3.4366
3.97327
3.85591
4.27669
4.25322
3.54918
3.43845
3.82436
4.32044
3.09235
3.45956
3.32867
2.98472
3.94735
3.43241
4.14261
2.98568
3.60309
2.9615
3.67189
3.7502
3.43744
3.4742
3.9168
3.81426
3.56255
3.34814
4.10412
3.14435
3.22708
3.72405
3.99245
4.00918
3.57962
2.85981
3.46943
3.30641
4.31983
3.323
3.46961
3.37793
2.86183
3.63553
3.5268
2.85116
3.10693
4.17553
3.43484
3.92281
3.27014
3.70773
3.52602
4.25527
3.42817
3.85551
2.98642
4.285
3.55368
3.6436
2.91267
3.24582
3.77351
3.43228
3.47468
3.58926
3.93635
4.13013
4.08422
3.73787
4.29754
4.01378
3.87923
2.73615
3.22703
4.29959
3.61895
3.36807
3.31845
4.30358
2.74513
3.18863
4.1254
3.59232
2.89972
3.17102
2.97363
2.96878
4.09965
3.29994
3.39515
3.45386
3.5543
3.94528
3.70352
3.61542
3.7717
3.22956
3.57652
3.66308
2.63431
3.3561
3.73579
2.66864
3.03573
3.49426
4.41002
3.5883
2.95453
2.82145
3.74155
2.95405
4.00188
3.70097
4.64321
3.16836
3.51444
3.22843
3.33566
3.77752
3.67447
3.0084
3.89239
2.91528
3.42401
4.02692
3.59282
4.30011
3.60044
3.86439
3.23113
4.23562
2.75541
3.24723
3.75145
3.50502
3.52989
3.56565
3.17746
4.36729
3.74269
3.98874
3.7772
3.05347
3.51034
3.68699
3.25161
3.2287
3.2512
3.42634
3.45787
3.82634
2.83678
3.42668
2.77621
3.97719
3.43868
3.38159
3.20182
3.44855
3.77927
3.91514
3.59075
3.57347
3.02988
3.00543
3.71157
3.59292
3.01003
3.5334
3.85229
3.14912
3.12656
3.11935
4.20445
3.36043
4.15182
3.28867
3.59415
2.97393
3.97476
3.7619
3.35237
3.53385
3.8696
3.29352
3.2146
3.81993
4.11125
3.48734
3.11239
3.50146
2.92724
2.89573
3.5673
3.51907
3.81099
3.46342
3.12001
3.64783
3.13117
4.50573
3.82546
3.51136
3.25748
3.91509
3.81713
3.50855
4.0829
2.66827
3.79154
3.18032
3.35792
2.96103
3.4865
2.98571
4.16229
3.92551
3.82441
3.77275
3.62498
3.38985
3.36451
3.42107
3.66329
3.01813
4.05573
4.19954
2.54708
3.42294
4.00422
3.32377
3.5043
3.97152
3.56764
3.51446
3.86918
3.01064
4.06057
4.04941
3.4347
3.6138
3.70342
3.36781
3.70569
3.20889
3.16951
2.72752
3.15975
3.57266
3.18307
3.23183
4.40765
3.18293
4.09304
2.73409
3.80548
4.29777
3.19577
3.19465
3.60587
3.88519
3.30197
4.0062
4.14556
3.65574
3.64097
3.1198
2.35204
3.45402
4.16834
2.99556
4.01202
3.64448
3.69003
3.468
4.2795
3.88035
3.43932
4.05784
3.81168
3.77377
3.84033
4.07821
3.20578
3.48895
3.16441
3.57464
3.5702
3.65901
3.13364
3.70478
3.0986
3.78134
3.24799
3.60502
3.42549
3.37491
3.21073
3.60761
3.82728
3.68708
4.29894
3.36347
3.99262
3.11621
3.87398
3.99207
3.62144
3.27047
3.94921
3.32115
3.52176
3.71198
3.82995
3.59579
3.15885
2.93933
3.31338
2.72726
3.27137
3.54066
2.78374
3.21892
3.20425
3.70295
3.7608
3.34752
4.01823
3.39262
3.05709
2.99493
3.72118
3.52595
4.17251
3.2165
3.62642
3.82706
3.40193
3.19878
2.87849
3.82497
3.35456
3.20081
3.59688
3.07016
3.68144
4.38929
3.87351
2.65502
3.27969
4.16988
3.0197
3.00141
3.59043
3.1826
3.49383
3.63249
3.32932
3.57136
3.35074
3.27494
4.08683
3.95364
3.33934
3.1415
3.70762
3.20785
2.93472
3.1227
3.70631
3.26245
3.1267
3.37065
4.19955
4.01201
3.69638
4.38644
3.43177
4.30221
3.49783
3.22694
3.44485
3.11675
3.42188
3.8253
4.28966
3.66589
3.75451
3.67376
3.39967
3.51754
3.05202
3.24592
3.84504
3.22836
3.44083
3.53982
4.15788
4.12358
3.4094
3.00192
3.76708
3.44087
3.69544
3.84594
2.8039
3.49479
3.28124
3.90968
3.63709
2.83479
3.29547
3.19648
3.46883
4.56143
3.77981
3.62721
2.67079
3.53134
2.81391
4.2824
3.26184
3.12335
3.40233
3.54305
4.02686
3.05445
3.81246
3.04271
3.74877
3.92552
4.21217
4.22204
2.8734
3.24336
3.49162
4.53131
3.64957
3.10695
3.5633
3.95488
3.88444
3.56201
3.71994
3.53595
3.42674
3.81979
2.78981
3.95831
3.83824
3.60199
2.86428
2.99633
3.43645
3.31538
3.28242
3.27275
3.48918
2.576
3.34299
3.76811
2.81427
3.29427
4.37377
3.90444
3.88537
3.09866
3.32388
3.77974
3.26748
3.81708
2.4545
3.75872
2.80351
3.55154
3.98879
3.12903
3.44563
3.57292
4.24184
3.41151
3.4732
3.32929
3.28671
3.16623
2.5614
3.80243
4.12272
3.76579
2.76237
4.26375
2.59734
3.61058
3.93363
3.17219
2.9932
3.63996
3.49574
4.02293
3.72685
3.24724
3.12425
3.89748
3.0161
2.83495
2.57828
3.2817
3.65786
3.2513
2.84113
2.91015
4.21873
3.72698
3.59543
2.9611
2.9754
3.18601
2.77868
4.36852
3.35259
3.93282
4.062
3.33309
3.3908
3.7218
3.56807
3.3063
3.43691
2.59445
3.49166
3.28772
2.78532
3.12324
3.00887
3.71713
3.40785
2.82996
3.45883
3.55945
3.69547
3.05065
3.25422
3.37197
3.79537
2.89759
2.82488
2.70966
3.16183
2.72329
3.62102
3.16588
3.34953
3.11979
3.30055
3.66204
3.36328
3.49099
3.19749
3.29132
4.03806
3.11416
3.51634
3.08793
2.95851
3.36113
2.9195
3.5347
3.83728
3.87815
3.77297
3.93833
4.05665
3.02775
3.78792
3.99305
3.73799
3.27436
3.14347
3.41952
4.23898
3.44982
3.89864
3.00784
2.88837
3.46344
3.09912
3.70917
3.55349
3.52542
3.95723
3.61261
2.79571
3.83127
3.83084
2.7098
2.90424
2.90869
3.4501
3.29147
4.50887
3.45745
3.43804
3.13647
4.25735
4.51656
3.64404
4.34518
3.2033
4.17197
3.1568
3.23558
4.08558
2.27203
3.58594
4.16187
3.09053
4.24677
3.2992
3.43163
3.97318
3.13085
3.77473
4.18913
3.07405
2.7693
4.07572
2.69884
3.30318
3.43857
4.17721
3.40433
3.57327
3.7448
3.47258
3.45451
3.94869
4.16478
4.25986
3.58023
3.43775
3.47419
3.35585
3.77098
3.89031
3.56142
3.70827
4.14254
3.87324
3.75449
3.47431
2.70307
3.18138
4.29202
4.00629
3.41641
3.80162
3.44864
3.03281
4.02783
4.18309
3.57876
3.54664
2.55875
3.57656
3.47157
3.50804
3.19361
3.49114
3.41431
3.44487
3.97316
3.47678
3.73937
3.37871
3.27514
3.97601
4.88508
3.72859
4.00445
2.3987
3.62852
3.44179
4.23164
3.35856
4.15309
3.07379
4.20956
3.67051
3.49199
3.8869
3.2648
2.74296
3.14306
3.2602
3.50173
2.90942
2.77908
3.80056
3.5734
3.52876
2.9817
3.0175
2.96493
2.34397
4.80591
3.77231
3.80165
3.12393
3.73612
2.43422
3.63524
3.52337
3.22344
3.77447
2.97794
4.38091
2.99816
3.10136
3.54616
3.33562
3.22981
4.48747
2.74094
3.17732
3.86153
3.66241
3.83477
3.25636
3.57403
3.7426
3.64994
3.0634
4.33867
3.94181
2.70552
3.7503
3.39773
3.25411
2.87633
2.89791
3.76418
3.82358
3.54852
4.24714
2.96195
3.81241
3.07301
3.89453
3.73168
4.05218
3.5093
3.11383
4.80582
2.61041
3.71864
2.5004
3.11099
3.62723
3.30686
3.04496
2.884
3.37476
3.23372
3.52894
3.69255
3.46422
2.59687
3.29336
4.22971
3.97386
2.66512
3.96862
4.00587
3.49285
3.17688
3.16259
3.69036
3.67462
3.73625
3.88963
3.85894
2.86512
3.33053
3.68325
3.28246
3.71974
2.55942
3.37036
3.64545
2.94478
3.60743
3.39509
3.71289
3.39739
4.30759
3.86552
3.46673
4.25025
3.83586
3.1566
3.1132
3.27526
4.1421
3.43778
3.11526
3.02275
3.16485
2.90415
3.03404
3.27077
2.69345
3.77479
3.96659
3.0915
2.9328
3.28243
3.24634
3.2293
3.89189
3.41352
3.32664
3.20803
3.65932
3.56808
4.3964
3.6824
4.44475
3.59371
2.78117
3.02122
3.45726
2.80847
4.06146
4.45776
3.25743
3.16237
3.0943
3.3652
3.66182
3.59739
3.75289
3.81293
3.59474
2.95116
3.703
3.03181
4.47346
3.40957
3.91375
2.26454
2.77975
3.54859
3.3544
3.19956
3.91174
3.91601
3.95753
2.78493
3.22674
2.88878
2.93284
2.69095
3.87675
3.20173
2.89514
3.03819
4.10532
3.57885
3.02336
3.73011
3.61508
4.30817
2.59685
3.82725
2.43252
2.88668
4.25883
3.37241
3.38723
4.02177
3.73606
3.42413
4.38973
3.31084
2.99722
3.77825
3.63329
3.33086
3.96197
3.45509
4.66134
4.65487
3.37618
4.00252
3.43383
2.97261
3.84775
3.01254
4.09202
4.0274
3.29166
3.97202
4.06275
3.49192
4.16128
2.6657
3.45949
3.19027
2.84746
3.32226
3.92914
3.7342
4.00528
3.0418
3.15959
3.67639
4.32265
3.26601
2.70485
3.69379
3.87368
4.14967
3.60062
4.09928
3.70361
4.16496
3.9348
3.64004
3.17113
3.61767
3.60378
3.5761
3.82772
3.47688
3.42674
3.94282
3.24254
3.51782
4.10656
3.1861
2.68545
3.24965
4.21752
3.51936
3.95945
4.44796
4.46605
3.38635
3.42781
3.3345
3.91261
3.3243
4.41024
4.04384
3.65886
3.3066
3.62595
3.48998
3.69576
4.30488
4.2409
3.59299
3.1748
3.34517
3.82986
4.04873
2.80574
4.24302
3.69335
2.92238
3.40087
2.48779
3.47302
2.81887
2.77698
2.40628
3.38814
4.73148
3.29279
3.77112
3.16986
3.39184
3.74101
3.42951
2.89841
3.5429
3.13054
3.313
2.95294
3.52867
3.08556
2.84915
3.16195
3.44224
3.65521
3.33121
3.49667
2.29647
3.76819
3.71189
2.77835
3.27912
2.88373
3.5726
2.8745
4.12701
3.58135
3.67974
4.23794
3.00137
3.3984
3.57452
3.89642
3.96934
4.66572
4.05333
4.12956
3.79401
3.40828
2.68041
4.07365
3.70825
3.56877
4.1352
3.87392
3.69515
3.37908
4.23137
3.75747
4.0205
4.14524
3.85518
4.02951
3.36051
4.02857
2.85569
3.99885
3.3406
3.09666
3.0795
3.21788
3.14852
3.48436
3.77811
3.1761
4.10821
3.94661
4.02568
4.21513
3.69785
3.90084
3.57076
3.93701
2.96878
3.24863
3.70498
3.25661
3.16921
2.83229
3.2676
4.00275
3.0995
3.8237
2.81431
3.60163
4.32341
3.65897
3.2643
3.88007
2.83238
3.32412
2.49951
2.90494
3.60743
3.36302
2.9253
3.02893
3.74628
3.92069
3.41177
3.94212
3.42038
3.45108
4.82018
3.53222
2.39984
3.91005
3.47924
3.73554
3.23133
4.32062
3.51089
3.81469
2.37714
3.53905
4.81555
3.62777
3.72082
3.86658
3.81201
3.4577
3.31799
3.34308
3.1871
3.84949
4.1179
3.62552
2.94567
3.65684
2.60472
3.79513
2.96122
3.12857
3.40457
3.25393
4.01323
3.36927
4.3773
3.06256
3.45675
3.38733
4.05963
2.63761
3.70543
3.19761
3.54877
3.66838
4.11922
3.57478
3.5136
3.92907
3.67292
3.05727
3.49271
2.854
3.44228
4.1808
2.98675
3.30983
3.47911
3.67413
4.07476
3.94019
3.05737
2.97898
3.88209
3.77435
2.55713
2.95937
3.20004
4.48328
3.9135
3.04521
2.90509
3.2326
3.09289
2.8084
4.04818
3.52336
3.46896
3.59871
3.08215
4.22818
3.25591
3.37081
3.16815
3.22141
3.81686
3.71245
4.34958
2.56866
4.70009
3.33795
3.60442
3.1822
2.66645
2.93982
4.38505
3.16529
4.25595
3.29544
3.72661
2.75991
4.10196
3.40452
3.35333
3.87868
3.73658
3.68706
3.93429
3.14322
3.54089
3.40032
2.7382
2.66759
3.77882
2.93724
3.40902
3.51689
3.81373
4.04784
2.93242
3.33745
4.14185
3.27873
3.0852
3.59653
3.28681
3.05499
3.25768
3.68569
3.88485
2.83257
3.012
3.83366
3.45025
4.1281
4.08626
3.34065
3.84572
2.98711
3.77787
3.08772
3.89289
2.58052
4.23646
3.09098
3.34267
4.62294
3.16977
3.06203
3.58608
3.18567
3.31354
3.00234
3.52064
4.2307
3.73881
3.30055
2.39813
3.82129
4.16813
3.11842
3.7643
3.46851
3.94435
3.54224
3.76139
2.95183
3.64388
3.04298
4.59964
3.20608
4.04827
3.23009
3.91376
3.49585
3.78638
3.69991
3.00592
3.60214
2.9314
2.97143
3.13658
3.62537
3.68507
3.56815
4.05991
3.76232
4.00393
3.24661
2.91067
3.04388
3.12008
2.68828
4.33428
4.02411
3.38167
3.16285
3.41254
3.29006
4.68592
3.23781
3.47199
3.91598
3.50013
2.05004
3.7725
3.61395
3.56387
3.97188
3.35865
2.83742
2.83811
3.19561
4.01662
3.47257
3.11479
3.32631
2.31457
3.50676
3.92284
3.01503
3.11443
4.19175
2.96455
2.97992
3.72851
3.22378
3.28854
3.4551
3.55415
3.84111
3.25363
2.67289
4.05496
2.49377
3.56011
2.9267
3.36746
3.86904
3.22296
2.57823
4.09678
3.06016
4.33403
3.56402
4.02556
3.54462
3.80781
3.0229
3.99516
3.89239
3.52824
2.607
4.12844
3.75319
3.41157
3.35585
3.34869
3.176
4.37284
3.70403
3.80924
3.19269
4.03142
4.25957
3.38352
2.85182
3.21358
3.43161
3.77562
3.51736
3.40761
3.80211
3.59631
3.75105
3.29998
3.32801
3.40989
3.47599
3.36831
2.52652
2.7921
3.37321
3.22989
3.23762
3.34992
3.09128
4.54193
3.3744
3.93868
3.85378
3.22247
3.76303
3.47259
3.92742
3.60867
4.24074
2.7596
3.6684
2.89139
3.12167
3.70176
3.49268
3.76336
4.45652
3.98754
3.62051
3.19014
3.70379
3.56248
3.32381
3.06127
3.99634
3.69992
4.15934
3.20138
2.62883
3.90353
2.79932
2.31885
3.20769
3.65874
3.57508
3.9421
3.59686
4.20999
3.72828
3.24136
3.35883
3.07636
3.6181
3.35654
4.33209
3.42772
4.2617
3.44908
3.80219
3.22924
3.08919
3.6688
3.91539
3.72181
3.67326
3.57414
3.55006
2.84144
4.4475
3.76681
2.30241
3.0906
3.05632
2.59977
4.05958
3.65974
3.98334
2.7898
2.82457
3.7574
3.48406
3.61386
3.02377
3.64235
3.10238
2.59093
2.96944
3.7616
3.67961
3.64866
3.9656
3.18294
2.76842
3.74705
3.23763
3.17116
3.24311
3.2786
2.93182
3.29202
4.15147
3.78754
3.8729
2.83829
2.98248
3.648
2.58365
2.65741
4.02792
3.81387
3.7625
4.12023
2.89484
4.10061
2.98095
2.50579
3.97994
3.68204
4.30451
3.48697
3.84549
4.08278
3.35693
3.6871
2.94071
2.91954
3.0391
3.93786
4.49115
3.99228
3.68024
3.90377
3.63252
3.04889
3.34061
2.64889
3.99463
3.14448
2.80119
4.0065
3.94456
3.48948
3.46724
3.27252
4.0775
3.02783
3.47918
3.77874
3.29728
4.2097
2.76536
3.3121
3.45779
3.52056
4.08806
3.13135
3.04017
3.80114
3.82515
4.49249
3.21967
2.74046
3.29634
3.62975
3.42997
3.64685
3.38459
3.54896
3.66174
3.69948
3.01913
3.27506
2.73589
3.35541
3.77861
3.35619
3.6711
3.43528
3.93869
3.96133
3.0191
4.63278
3.23025
2.81918
3.66984
3.79136
3.89049
3.53069
3.13303
3.76373
3.78078
3.44808
3.68091
3.51778
3.91154
3.84824
2.99154
2.87485
3.15556
3.03861
2.56033
4.36432
3.74804
3.81861
3.65183
3.15079
2.86259
3.88021
3.94245
3.33794
3.61908
3.766
2.75881
3.1759
2.82063
3.41354
2.94526
3.29641
3.53333
3.59973
3.39805
4.07287
3.31372
3.25937
3.68258
3.55
3.4556
3.1869
3.40394
3.1104
4.06892
3.54069
3.63
3.14312
3.12008
3.85439
3.17013
3.95179
3.25433
2.91988
2.8915
2.98776
4.28727
3.44171
4.50899
4.21618
3.69409
3.27284
3.41347
3.5206
3.74129
3.32688
2.60705
3.52451
2.59729
3.92201
3.19325
3.55567
2.82461
3.34701
3.62323
3.20188
3.09769
3.85002
3.52886
3.50446
2.80699
3.03556
2.97679
4.30834
2.90111
2.816
4.35683
3.63535
3.38551
4.09813
3.37185
3.66993
3.33733
3.29635
3.72513
3.54417
3.11262
3.54862
3.60536
3.58176
4.11346
3.67176
3.9479
3.50789
3.54896
3.92771
3.20538
2.85521
3.06552
4.08257
3.48901
2.89316
3.43803
3.02545
4.44655
3.38089
3.7053
2.87412
4.12117
3.2917
3.19932
3.0299
3.28969
2.87936
3.35915
3.0541
3.40766
2.55443
2.53709
4.02367
3.29225
4.51156
3.19574
3.18376
3.05334
3.39601
2.9613
3.25019
4.03666
3.02061
3.9396
3.62476
3.672
3.24194
3.01796
3.07173
3.62337
3.57706
3.56734
3.06373
4.51678
3.48994
2.52547
3.04083
3.2754
2.99935
4.2834
4.23615
3.72063
3.85747
3.61395
3.50721
4.10145
3.02142
3.57221
3.27167
3.09368
2.98732
3.36449
3.68192
3.06418
2.77927
2.62365
3.0826
4.02433
3.4832
3.34503
4.08066
3.70085
3.18842
3.42867
3.21751
4.03098
4.047
4.33992
3.2681
2.64291
2.88412
3.84194
4.10178
3.51129
3.88989
4.06994
3.32513
2.98159
3.39614
3.90847
3.58697
3.73581
3.58885
3.69963
2.96087
3.5263
3.73011
4.25095
4.23093
3.13288
3.06069
3.92893
4.19131
3.50277
3.02718
3.81477
3.23052
3.91162
3.32538
3.96585
4.00652
3.73764
3.97396
3.26765
3.92872
4.57004
3.73054
3.67717
4.44825
3.87668
3.63452
3.35059
2.81812
3.33489
3.80899
4.21393
3.01973
3.18315
2.87649
3.47719
2.96268
4.08039
3.44125
3.90873
3.84977
3.46349
3.06292
3.87806
3.75944
2.77251
2.99482
3.24157
3.03273
2.66701
3.18196
3.08734
2.96236
2.98584
3.11218
3.6712
4.06648
3.20657
3.58608
3.5681
2.38982
3.53977
4.31927
3.6288
3.31013
4.04704
3.51291
3.27356
3.73802
3.80094
3.62652
3.47092
2.88338
3.10847
3.0593
3.94091
3.42178
2.69892
3.29408
3.18851
2.92939
3.53088
3.78072
2.91476
3.86499
3.50176
4.43326
4.16891
3.66312
3.34744
3.0878
3.29694
3.6622
3.39849
4.11608
3.3077
3.62685
4.11298
3.11175
2.71962
3.53364
4.43543
4.16468
3.26731
3.07491
3.03471
3.71076
4.03859
2.9951
3.85305
2.79258
3.1792
2.90944
3.65203
3.28909
3.74357
3.16499
3.87036
3.7696
2.58654
3.58901
3.61224
3.6008
3.38245
3.63005
3.46376
3.28235
3.4242
3.43203
3.58913
3.70998
3.79635
3.79193
4.687
4.66214
3.33303
2.73684
2.89123
3.27929
3.46225
3.61622
3.57946
4.15221
3.60522
3.64031
3.8066
2.85883
2.74028
3.20607
3.20926
3.38615
4.05761
3.63679
3.23116
2.84709
4.32234
3.12203
3.39839
3.74931
3.12989
3.67942
3.62727
2.79587
4.17906
3.37022
3.67655
2.29527
3.5045
3.78554
3.85953
3.2311
2.80188
3.98046
3.01059
3.88897
3.04518
3.06812
3.95461
3.6614
3.03725
3.59648
3.3565
2.74863
3.85093
3.11511
2.83213
2.94627
3.80962
2.99991
3.58081
3.55819
3.22239
3.13859
4.05327
3.69573
3.53037
2.98999
3.79818
2.82213
4.3374
2.81548
3.13407
3.37337
3.98929
3.04083
3.6722
3.63473
2.93269
3.24191
2.9704
3.27465
3.52563
2.65824
3.2261
4.03536
3.78854
3.42285
3.42127
3.05227
3.77563
3.35777
3.21048
2.62191
2.81329
4.21911
3.59753
3.46061
3.29323
2.18608
3.57468
3.59417
4.02461
3.17349
3.90273
3.49095
3.34105
3.20728
4.58884
3.39893
4.72431
4.13787
3.37308
3.06951
4.14836
3.37632
3.16348
3.64886
3.16366
3.12331
4.36334
3.49005
2.93294
2.72122
3.41341
2.98687
3.49613
4.79483
4.12551
2.75303
3.98379
2.75594
3.51297
3.06796
3.81423
3.03292
3.3273
3.98309
3.60151
3.04589
3.88934
3.83032
3.06755
3.48354
3.55705
4.09675
3.1931
3.34793
4.30094
3.72767
3.65874
3.51847
3.36224
3.89231
2.81838
3.24663
2.84759
3.5946
4.01437
4.02804
2.86815
3.73369
3.48448
2.2088
3.95958
3.81691
3.92749
2.96793
2.52389
3.50014
3.4857
3.97812
3.41225
3.47866
3.46881
3.08203
3.52242
3.97369
3.58524
3.23166
3.91313
3.658
2.76332
3.22319
2.44146
3.83625
2.83597
2.92032
2.8085
3.04352
2.92935
3.19373
3.65234
3.4482
2.83689
3.21494
3.45616
3.54298
2.97678
3.52764
3.54349
3.0803
4.22238
3.47999
2.8113
3.05644
3.46137
3.63627
3.10549
3.7709
3.68085
4.19675
4.27251
4.5855
4.19208
3.73944
2.92455
3.48024
3.79991
2.25783
4.33454
3.35063
3.78827
4.0038
3.63142
3.71378
3.53479
3.55487
3.09486
3.08841
3.38356
3.3104
3.35236
3.78631
3.09694
3.28133
2.66093
3.20061
3.77335
3.57318
3.20923
3.89894
3.55963
3.3723
2.50485
2.92693
3.30279
3.03049
2.91562
4.20058
3.47754
4.0031
4.3125
3.71325
3.79216
3.93127
3.01563
3.50599
3.31707
4.06856
3.3739
3.44743
3.29637
3.03797
3.31251
3.34218
2.49439
2.56499
3.06169
3.2343
3.99566
3.36792
3.53376
3.99506
3.3179
3.29648
2.94465
4.3819
4.01425
4.09515
3.27974
4.22817
3.63229
3.32768
4.58308
3.77073
3.96383
4.03449
3.80257
3.34546
3.96074
4.60469
3.05296
3.77798
4.00878
3.62977
3.16223
3.26993
4.44235
3.16605
3.24575
3.92852
3.75001
2.8681
4.30679
4.30995
2.36159
3.86574
3.49064
3.94463
3.22428
3.54201
3.12348
3.28529
3.5667
3.52999
3.04628
3.36619
3.31585
3.78139
3.50766
3.18461
4.07386
3.4698
3.50869
3.41344
3.37736
3.27709
3.99649
3.02625
3.15399
2.77105
4.18235
3.76389
2.35685
4.11801
3.01411
3.5944
3.19915
3.28405
3.96126
3.41557
3.22771
3.1636
4.27534
3.72228
3.66533
2.7345
3.76695
2.80819
3.01854
3.87366
3.39467
3.29431
3.88854
3.87759
2.59017
3.87431
2.73967
3.01729
2.74742
3.13929
4.57102
4.1172
3.18327
3.19237
3.50333
3.68282
3.13003
3.4861
4.23458
4.01211
3.45009
2.41324
3.1343
3.51067
3.76623
3.65424
3.43777
3.59097
3.08018
3.13249
3.5679
4.07101
3.20611
3.15071
3.05389
3.39806
3.47435
2.88001
3.83219
3.80805
4.66482
2.84532
3.40665
2.69162
4.00832
2.89894
3.9113
2.97281
2.84789
3.89628
3.56037
3.21656
3.18135
2.88583
4.28676
3.46637
2.30992
3.09781
3.56159
3.47365
4.19684
3.36375
3.45361
3.01536
3.39374
3.82183
3.92901
2.9068
3.52159
2.86048
3.20832
4.60155
3.79659
3.7255
3.18855
3.43051
3.97077
3.56339
4.00526
3.56759
3.8105
3.39648
3.25044
3.21922
3.36536
3.62302
3.67867
3.8205
3.78356
3.60783
3.9253
3.68053
4.30899
3.27728
3.32697
3.55504
4.34905
2.85439
3.37593
3.53416
3.63104
3.96803
3.65634
3.91873
2.9692
3.84255
3.30183
3.41844
3.54286
2.62195
3.08032
4.04031
3.84062
3.60526
3.65318
2.94628
3.55401
3.26763
2.87248
3.34368
3.20808
2.9141
3.67135
3.63254
4.1954
3.16071
4.1689
3.56909
2.63368
3.16046
3.5526
3.11449
3.09619
3.58895
3.11737
3.42349
4.26818
3.87751
3.032
3.5875
3.46123
4.02908
2.97018
2.78189
2.67143
4.07488
2.68435
4.37756
3.49622
3.82737
3.41749
3.36162
3.72871
3.05805
3.73908
3.07275
3.32698
3.57574
3.95789
3.79137
2.70995
3.90421
3.70586
3.13534
3.46026
3.35529
3.60335
3.49689
3.01857
3.76641
2.60796
3.41655
3.83244
3.01916
2.71512
3.32523
3.67698
3.17808
3.12009
3.49566
2.99341
3.68657
2.76778
3.82931
3.09543
4.02953
3.40767
3.26562
2.47227
4.11985
3.83798
3.13486
3.17129
3.38861
3.46438
3.18672
3.87175
3.15656
3.615
3.81141
3.26541
3.83706
2.74495
3.13045
4.23837
3.86821
3.22992
3.66944
3.10269
3.49475
3.88988
3.23526
3.255
3.61784
3.7002
3.40526
3.14344
3.90346
2.83914
3.1962
3.80288
3.68803
4.28669
3.01584
2.9727
3.44216
3.63167
4.91026
2.93985
2.65145
3.05981
3.90513
4.25418
3.4457
4.18751
2.89926
2.84175
3.65561
4.47187
3.10403
3.79579
3.1987
3.36948
2.93228
3.75383
3.79387
3.73236
4.02569
2.77362
2.97658
3.12132
4.26937
3.49901
3.23448
3.78307
3.17813
3.16126
3.30561
3.47902
2.94848
2.58992
3.77954
3.16998
3.25596
2.91128
3.11374
4.25246
4.03747
4.4916
3.0258
3.60873
4.03316
2.4358
3.9443
3.67395
2.77314
3.08166
2.79908
3.54054
3.47877
2.93303
3.40418
3.31077
4.00903
3.85487
3.53433
2.97557
4.0173
3.10657
3.01868
3.03849
2.89398
3.91898
2.77305
3.9204
3.85589
4.32452
3.66452
2.8719
3.20319
2.82869
3.45005
3.18667
3.29987
3.76502
2.75327
3.45059
3.74393
2.80462
3.64139
3.87773
4.47882
3.59532
3.8368
3.97583
3.25734
3.38418
2.94539
3.3501
3.90487
3.73122
3.80676
3.39583
3.73867
3.05116
3.66851
2.94661
3.28515
3.72356
3.35996
4.1361
3.09743
1.89104
3.48812
2.79828
3.51023
4.31894
3.90137
3.67188
3.57967
3.31871
4.26391
3.99155
3.24056
2.24128
3.55693
3.23951
3.37392
3.9256
3.66983
2.89791
3.01257
4.24125
2.46766
3.48354
2.82298
3.99317
3.31852
3.9628
3.78648
3.96039
3.53732
3.83656
3.66326
3.21937
3.55003
3.25052
3.85766
3.65679
3.80513
4.42852
3.71352
3.70522
4.05664
3.54222
3.55331
3.83923
3.61578
3.32249
3.43509
2.74827
3.01591
4.28366
3.13651
3.35665
3.7583
3.87374
3.7851
2.48978
2.90346
2.67975
4.33933
2.98979
4.24592
3.50891
3.78503
3.46255
3.65772
3.7327
3.44705
3.09193
3.90855
3.22233
3.226
3.08625
3.86826
3.02057
4.3552
3.82553
3.96996
3.08611
3.43307
4.1572
3.65972
3.01328
4.02144
3.04181
3.28145
3.07119
4.01018
3.37927
3.44319
3.2228
3.23407
3.84983
3.38386
3.97593
3.48764
3.4831
4.20684
3.4844
4.61904
3.92237
4.06983
3.25925
3.29417
3.48015
3.51775
4.16595
3.30739
3.08506
2.61821
3.07531
2.97523
3.09877
3.90687
4.10204
3.68495
4.23597
2.87242
3.30627
3.57953
3.44893
3.80879
3.04983
3.64622
2.6423
3.83469
4.39045
3.63571
3.96266
3.22839
3.46352
3.77423
4.16123
3.9481
3.74233
2.64093
3.657
3.8062
3.88425
2.86831
3.43165
3.23813
3.5616
3.48326
2.76622
3.95422
3.24243
3.24169
4.08372
2.98582
3.82792
3.71989
2.29047
3.73426
3.86922
3.71067
3.01319
3.60422
2.77841
3.13283
3.50744
4.15053
3.51418
3.19737
3.26719
3.39011
3.16465
3.98414
3.49405
4.52848
3.66585
3.86786
3.08857
3.32286
4.08604
3.89242
3.7051
2.6516
3.4722
4.22758
3.66547
4.08224
3.1966
3.25259
3.65558
3.32825
3.05783
4.09588
3.13318
3.45714
4.08176
3.12075
2.75367
3.5602
3.53473
3.88162
3.37498
3.81698
3.6023
3.48593
3.33123
3.98496
3.50357
3.08165
3.669
3.31786
3.00223
3.35076
3.41872
4.26354
3.84228
4.42407
3.72788
3.51501
3.57731
3.54284
3.8113
2.5858
3.57894
3.07814
2.67807
4.0538
3.20143
3.17861
2.97312
3.46492
4.14569
3.85274
3.02582
4.11091
3.50741
3.20186
3.82661
3.49323
3.81066
3.30517
3.15651
3.75756
3.01921
3.41835
2.97366
3.73096
3.08478
2.68228
3.91436
3.91686
4.0325
3.44886
3.89556
2.90001
3.40027
4.11574
4.30929
3.58694
3.04036
3.02218
3.67853
3.55446
3.85773
3.49331
3.39794
3.50186
3.50102
4.03015
3.31183
2.89986
3.33878
3.42807
3.38551
3.40213
3.2445
3.26644
3.1052
3.43291
3.28095
3.74731
3.49555
3.58669
3.81508
3.77118
3.27262
3.07379
3.4119
4.42321
2.65436
4.41835
3.5464
4.20305
4.22911
4.46259
3.23966
2.86697
3.53699
3.45435
3.66614
3.16092
3.64762
3.59204
3.59593
4.00833
3.02171
3.87419
3.22705
2.87676
3.82282
2.9483
3.52912
3.08238
3.09975
3.87629
3.66137
3.70181
3.38853
3.3316
3.34425
3.54556
3.2873
3.71562
3.75531
3.80786
3.43595
2.52876
4.08637
3.54262
3.08654
2.5541
3.34063
3.02539
4.07925
3.50939
3.26446
3.34652
3.5426
3.29551
4.00017
3.74066
3.51563
3.81758
4.11272
3.69312
3.44342
3.077
4.08407
3.77348
3.12664
3.3311
3.18608
3.93245
3.70921
4.08889
