3.80039
2.51905
3.68734
3.24782
2.04562
3.29467
4.31379
3.21137
4.50026
3.73151
3.38067
3.31021
3.11405
1.94154
4.77736
4.87637
5.33159
3.62076
3.91817
3.57939
4.08496
3.95387
4.43437
2.98516
2.08887
3.25385
4.03548
1.36717
2.03215
3.75518
4.46343
3.69092
3.888
3.20215
3.52991
2.35231
2.06937
3.47149
2.16826
3.78625
3.53504
4.44112
3.74785
3.47167
3.20542
2.16427
4.09034
4.14424
2.67638
3.63138
3.69353
3.68858
2.22308
5.49924
3.6099
2.7164
1.96486
3.64007
5.74348
4.74771
3.31596
4.21033
2.01992
4.19689
3.97601
2.66223
2.45114
4.02598
3.7178
2.21817
4.55739
3.46238
4.10906
2.80126
3.42582
4.08866
3.05868
5.26252
2.87618
4.89685
4.70684
3.96814
3.77061
3.56032
4.18229
3.40793
2.94597
2.21091
2.62908
3.95845
3.06343
3.91975
3.15881
3.28219
4.8616
3.36474
5.51345
3.06691
3.86572
1.82835
3.7277
3.40663
3.54711
5.20422
4.45872
4.09856
3.74303
4.10134
3.90488
3.47804
4.33906
4.91965
3.36444
3.63601
2.28201
4.93122
2.48843
3.46124
2.43323
5.43617
2.66144
5.42231
4.58808
2.4727
3.19753
3.35188
2.67935
4.34567
2.66763
4.2185
2.74819
4.39867
4.17865
4.46876
3.70803
3.48909
4.30333
3.49549
4.24305
4.53645
3.11375
3.13504
2.87435
3.79896
2.40072
2.81957
3.79321
2.69376
3.16445
2.60784
3.5025
2.51116
4.34157
3.29078
2.62332
4.78369
2.48692
4.11538
3.41579
2.35551
1.75773
1.89376
4.12898
2.85826
2.55161
2.86123
3.73648
2.33448
3.02872
3.12027
4.93063
2.15964
3.00232
2.35496
1.93969
4.69943
4.3109
3.72277
2.79865
2.29868
3.28897
5.42863
3.14591
5.2337
4.33241
3.9586
2.93428
4.66997
3.80837
2.79832
3.63636
1.452
3.18839
3.68385
4.09057
3.21286
4.28749
5.03036
5.57565
3.32538
5.37085
4.15666
3.51782
3.12778
2.14348
3.77135
4.42608
3.64125
2.26746
1.40889
2.21784
2.15729
3.55488
3.10155
3.03798
2.60782
1.86381
2.046
4.49145
4.04116
2.47844
1.87086
3.9004
3.81218
3.38333
2.33409
3.26352
3.75496
2.84582
2.87695
3.53666
3.64167
4.59936
3.93381
2.67004
4.14138
4.17458
4.7447
3.02899
3.77761
4.55371
2.14028
4.39144
3.54385
3.32793
2.36646
3.6567
3.87106
4.41612
2.48854
4.21673
4.05169
2.65744
4.26254
1.63225
4.00969
4.21889
4.08384
5.32262
2.46614
2.26324
2.72114
3.41965
4.08542
3.20121
3.01614
2.2522
3.59684
4.10607
2.57728
3.11942
4.67197
3.99745
4.21826
2.07737
2.99789
3.20535
1.98998
5.90464
1.52187
3.4038
5.12694
1.72955
3.75307
3.65804
3.57708
3.99238
3.29215
2.45768
2.00633
2.98294
4.41946
4.71219
4.26721
1.6349
4.60826
3.56426
4.79314
4.07478
2.73888
2.13
4.72801
3.11504
4.07543
4.9045
3.82295
4.44689
4.72654
2.57442
4.23029
2.73005
4.34689
4.85899
1.79694
1.59296
3.74629
3.75389
4.30729
3.24841
3.85848
4.18213
4.34853
3.99596
4.18175
3.05945
2.06848
4.3239
4.83872
3.66083
2.56924
4.13994
4.31283
2.42873
4.02726
2.35124
2.20406
2.4923
3.3531
3.08071
3.00691
4.67106
3.80204
3.24793
2.94836
2.61512
3.4191
5.55974
4.8341
1.48815
4.54985
4.64629
3.13625
1.72812
5.37096
4.64563
3.21596
3.42472
1.99212
3.98043
2.10956
5.23135
1.65365
4.88757
3.71699
1.98341
3.89175
3.95227
3.51628
2.32355
4.76598
2.96505
2.08841
4.13843
4.34114
4.36115
5.27141
3.99049
4.58873
2.31844
4.17344
4.48215
3.7202
4.28133
3.05904
3.11855
3.68755
3.24449
4.78353
2.73926
5.18399
3.5717
1.98512
1.9679
3.95017
2.44143
2.65496
1.88267
3.53934
5.20227
3.49017
2.23976
2.91715
3.48779
3.59509
2.08552
2.36964
4.88152
4.63143
2.97189
3.16564
4.73954
1.42769
3.24393
2.76733
4.4693
1.84377
3.99694
5.60549
3.62975
3.84674
3.80448
2.03352
5.65942
3.78867
2.69786
2.54711
3.85522
5.28804
3.63113
3.20391
5.41643
2.9008
4.29487
3.90037
1.93449
3.92801
3.64578
3.76052
2.15089
2.74141
3.39816
4.86404
4.6215
2.41908
4.97689
1.88871
4.11755
3.26803
4.56102
3.46506
3.65938
4.47099
2.85048
3.63852
4.02087
3.62976
2.06745
3.80706
4.35871
4.38747
2.95808
1.85016
3.81205
4.59763
4.1888
5.88741
1.98457
4.16756
5.53566
2.70263
3.66226
5.23928
2.1438
2.84237
4.93688
2.78102
2.38831
3.24503
4.09611
3.44744
3.99635
3.97949
3.70822
4.72724
2.0947
3.27002
5.27002
2.43154
3.72535
1.95675
2.10375
2.48689
3.62598
4.88853
2.37963
2.7818
3.20111
2.46791
4.70731
2.47579
3.61321
3.16541
3.68086
2.21526
2.30258
4.79315
4.5784
4.11042
4.99801
3.67514
2.60875
2.61301
4.90986
4.07477
2.66407
4.09427
4.8005
2.83714
5.47863
3.95812
3.50629
3.67694
2.91047
3.03459
3.73915
4.38997
3.75399
4.78349
2.62453
3.4892
2.05804
3.99881
5.43673
2.86386
2.36525
1.23918
3.8711
2.5328
3.10507
2.62006
2.94693
2.41082
3.06407
4.38845
2.7635
4.22954
3.92377
3.36105
2.83573
4.35191
4.29733
2.84192
5.11465
2.6922
5.01328
1.5459
4.55227
4.30081
4.08531
5.33928
3.19862
3.39617
5.37414
3.26908
5.3233
2.22327
4.8884
2.88788
4.4324
1.59151
5.48827
2.79091
3.30568
3.79167
4.44665
2.56753
2.80781
4.31491
3.88929
4.52912
1.73134
3.89414
4.07672
2.61099
3.30805
1.86078
3.80705
4.25555
4.27906
3.15762
3.41031
3.36948
4.54329
4.5711
1.3712
4.10776
4.4074
5.84416
5.55879
3.77248
4.83957
3.30308
1.85785
3.52452
3.88319
2.47992
1.68808
5.39142
4.51548
4.43429
5.46386
3.21487
3.24
5.57623
3.98843
3.71639
2.08093
5.26449
4.09312
4.26996
4.40081
4.30202
3.52325
3.75546
4.59244
3.17352
3.1391
2.02708
3.1995
1.46704
4.44152
2.06578
2.39932
4.39474
2.24818
4.29528
2.03529
3.67531
3.5381
4.82604
3.51502
3.26327
4.04803
3.55194
2.89464
3.00806
4.14629
1.5595
2.84816
2.79846
4.82545
5.21962
3.475
3.59556
3.34709
1.61703
4.02756
4.98002
3.63809
4.13267
1.64466
3.93732
3.97938
5.52959
4.05558
4.07703
3.84433
3.80287
3.47325
3.32991
2.93564
3.33942
3.52428
3.88942
3.53577
3.09354
5.06709
3.26176
4.72735
2.01937
5.12864
2.26108
3.8567
2.41143
3.44389
2.13454
1.80455
4.08974
3.21128
3.72412
4.19489
4.02589
4.18113
4.17013
3.11396
4.54205
4.5731
3.63362
3.22807
3.62451
3.57248
3.36295
2.38
3.17899
3.2841
2.15218
2.31056
5.21478
3.02666
3.33664
5.093
4.48008
4.72887
3.94377
2.68431
3.98106
3.44313
3.96485
3.18923
4.60227
4.12102
4.43613
2.99877
4.20621
2.29891
3.11515
3.90675
2.62501
2.22104
3.51115
3.62404
4.36736
1.181
4.3757
1.80184
3.14898
3.49186
2.48266
4.24152
4.01504
1.49871
4.12398
2.91008
4.85807
4.42656
2.72086
3.69661
4.54523
3.61032
3.79685
2.53667
2.15373
2.28253
4.28293
3.59769
3.4735
2.09839
3.22145
3.16019
4.47133
1.95655
2.90909
4.64579
4.32083
4.92814
3.3663
1.43436
5.38774
3.73509
3.7435
4.67944
1.7203
4.22328
1.87189
3.27195
3.62949
4.65422
2.63941
2.41892
3.85413
3.89363
4.72016
3.49548
3.09103
3.70353
3.40789
5.89433
4.33042
4.34889
4.90238
4.03883
1.47229
3.60841
4.36959
4.5419
3.10897
4.53306
3.94459
4.68434
2.14507
4.42508
5.06875
3.95293
3.58549
4.01366
4.65013
2.81958
3.85755
4.18276
4.0091
4.75961
2.94374
2.86038
3.41854
3.6984
2.88622
4.30726
3.27068
2.14223
5.38476
4.54733
3.00037
2.69038
4.74485
2.56055
3.36728
2.44208
5.34275
4.6134
4.04697
3.50327
2.55961
3.73045
4.20365
3.36449
2.79681
2.81499
3.815
3.86269
4.21983
3.30507
2.99201
1.75623
2.78813
4.00564
2.88474
5.13342
2.91383
1.86613
4.98709
2.94187
1.25175
2.97673
3.25177
2.36679
3.15907
2.93572
2.89916
3.10324
1.77245
3.49381
3.65121
3.75842
4.43611
4.51076
3.34452
3.68659
5.37412
4.26287
2.97414
3.50078
4.53567
4.51963
3.69252
4.32158
2.95188
4.56085
2.63532
4.51486
4.72821
2.93524
2.66891
5.73675
2.45643
2.26489
3.75174
2.54539
3.8654
3.27902
3.07445
4.1556
2.94001
2.01463
2.49137
3.10392
3.52286
3.75008
2.47857
3.65779
2.57325
3.74192
4.45142
5.24426
3.79349
3.21408
2.74712
2.98982
2.74235
4.30234
3.92548
1.15448
4.34089
2.28605
4.26376
3.30953
2.836
4.94291
3.91903
3.04996
5.32206
4.74154
3.20437
3.34879
5.33134
4.84039
5.27255
3.85191
5.28896
1.99062
2.72379
3.47885
3.28834
3.4444
3.25172
3.13555
3.17814
3.34885
1.41425
2.66257
2.36208
4.36001
2.46396
4.83253
1.4979
4.8399
2.39493
4.77804
4.44214
3.50386
3.46089
3.17183
2.82235
4.26394
3.89206
3.2979
2.52866
4.26846
4.38581
3.34358
4.20171
2.76629
2.16876
3.30874
3.95419
2.42879
3.52582
3.37015
1.59822
3.14072
2.66418
2.35495
4.06109
3.52586
1.12784
3.66891
3.95713
2.60168
2.70125
1.59147
4.94338
5.4613
3.83786
3.29094
4.02204
5.26003
4.12237
3.72966
3.86288
4.03764
2.62295
4.32027
3.00393
4.53633
4.21247
4.26085
3.44864
4.17841
2.53525
3.41775
3.71346
3.24642
3.26881
2.44177
3.28926
2.06263
2.67738
4.49421
4.26568
4.09337
4.67687
3.52639
5.02742
3.40792
2.22864
3.997
4.46665
3.30037
3.35172
3.72844
5.56595
3.13674
3.39142
5.2946
1.99131
2.61886
3.40423
1.89898
2.99485
4.15997
4.6171
3.64332
5.46205
2.44625
3.39156
4.40351
2.34866
3.01235
2.47089
3.22081
4.03718
3.78763
2.51119
2.18288
3.30348
2.57412
2.99493
2.71052
5.61885
4.29587
3.59796
3.98239
1.92313
4.61319
3.4291
3.42151
3.28978
3.62451
3.78347
2.2335
3.56369
4.8822
2.64889
3.92819
4.58798
5.82764
3.67717
3.07252
4.04587
3.50497
3.67956
2.71403
3.22914
4.04143
3.42863
4.48062
3.70466
3.38661
4.14627
2.80393
2.88579
5.18139
1.5302
4.02955
3.92543
1.88159
3.0192
4.86942
5.13279
2.38998
2.21957
2.71742
3.27606
3.45442
2.01339
2.79117
3.66837
2.96877
4.84157
3.87904
2.84438
3.56694
5.00232
3.16312
4.42033
2.02964
3.52852
3.65498
2.89027
4.02697
3.80489
5.22268
3.64643
2.09932
3.05865
4.5039
2.92188
2.53238
3.70506
5.19125
3.63871
3.91167
1.75176
3.24249
4.80526
4.14516
2.0635
4.00963
3.14085
3.62213
4.7617
5.09733
3.51687
2.4298
3.38063
2.45247
2.08807
4.17858
3.62491
2.75309
2.64816
2.99032
1.67055
2.60633
2.77888
3.58316
2.92446
1.88149
4.2719
4.64036
3.50501
4.69558
4.58818
2.77926
2.42889
4.63528
2.77931
3.44074
5.08704
3.24059
4.33087
3.39816
3.06539
2.59174
2.29759
2.33878
4.2134
4.03262
4.3856
5.59968
2.58645
5.62999
2.2971
4.14382
5.48538
5.90965
3.18776
3.74117
4.28958
3.22652
3.49767
3.07332
2.12723
3.81769
2.70139
5.10928
2.14935
4.65329
3.68329
5.10384
5.27167
2.14182
2.47907
1.94879
3.22118
4.56284
3.0347
4.86137
4.07179
2.29136
4.91944
2.02299
5.67619
2.94467
3.58909
1.78534
2.49873
3.52367
1.33156
2.9399
3.32659
5.93742
2.43642
5.80064
3.68455
3.4907
3.41549
2.97876
5.00085
3.98103
3.26171
2.73214
2.66965
2.49292
2.26858
3.6511
4.62816
3.79346
3.34263
4.69597
3.41404
2.9249
4.5267
1.73086
2.89148
3.15619
3.11172
3.202
3.43201
2.89685
2.74993
3.48781
1.30856
2.49297
2.89282
5.20185
4.40935
3.01662
4.6619
3.85875
4.60029
2.22613
3.92083
2.31688
2.16273
5.31644
3.35242
3.29086
2.20582
2.39484
3.25436
3.48043
1.80035
3.30885
5.55245
4.99149
2.30376
1.01976
4.6905
3.72881
3.94353
2.1561
2.59106
2.81886
1.69888
2.69838
2.7913
4.37527
5.36837
2.93748
3.64367
2.54796
4.93363
1.41541
2.13101
2.30145
2.42701
2.49896
3.38082
4.24612
3.4839
4.05268
3.87384
3.60065
5.60771
2.86942
3.62703
3.49252
3.39842
3.58286
4.29125
4.30722
3.59336
4.22792
1.13905
4.17614
2.24109
3.43139
4.8284
3.44656
5.17756
2.90641
3.61281
3.10638
3.69567
4.49102
3.32907
3.64003
4.89773
3.41218
3.52855
4.17085
3.19223
3.77328
3.52831
4.49921
3.24473
3.45443
1.94346
2.27462
2.91468
1.18129
4.92235
4.04374
4.80815
3.45948
1.8412
2.29538
2.04877
5.88834
2.62512
3.37733
2.7169
4.55873
3.14763
3.28879
3.12997
3.80646
4.3206
4.85613
2.73417
4.03399
4.02227
3.1785
2.85057
2.62956
3.9206
1.48393
5.3665
4.70447
3.0347
1.66513
3.18536
3.43531
4.0372
2.76855
4.34601
2.23972
1.83536
1.58865
3.69532
5.3303
4.37925
2.27377
2.34529
4.38304
2.9301
3.97845
3.36863
4.62276
3.18233
4.6012
2.28445
3.56964
2.1679
4.52561
2.85846
2.50725
3.78154
4.53646
2.58945
1.92394
3.05106
4.21159
5.47681
5.24571
3.43646
3.59403
2.26129
5.12041
2.47733
4.32784
2.80386
3.32914
1.51772
4.19516
4.11538
4.09232
2.52319
3.6206
3.27216
3.60448
4.16448
4.21324
4.5504
3.57274
2.87791
2.79537
2.08504
3.3509
2.52227
2.12091
3.20613
3.95217
3.53751
4.11538
3.32868
2.78989
1.67047
2.97343
3.36949
2.9373
2.36813
1.32836
2.63705
2.51363
2.34896
2.96256
3.98838
3.49505
2.14821
5.15613
3.76933
2.3159
2.59308
5.27538
4.1524
2.06641
4.19873
2.08127
2.45895
2.91001
1.38657
2.4924
3.40013
3.53453
3.21102
1.66529
3.39381
2.01799
3.94155
3.25942
3.71209
1.93118
2.8814
2.63267
3.68693
3.81553
3.2152
3.46733
4.04894
3.36624
4.46215
2.95516
3.697
5.71704
2.27232
4.67447
3.29421
2.66439
2.83805
4.17065
3.5581
3.98514
2.10323
5.00569
2.46088
2.69349
2.23794
5.17113
3.77805
2.14895
4.50634
5.26268
4.52134
2.86896
3.69072
3.19388
3.26478
3.7157
4.64487
5.47975
2.71999
3.31858
3.83504
4.75057
3.13999
3.1598
5.38691
4.65969
5.72782
3.69206
2.19216
4.2283
4.69957
4.17396
3.03839
3.92376
5.4985
3.09972
4.01131
5.39729
2.38011
4.16664
1.5782
3.31052
3.68519
2.6648
3.29695
3.55937
5.09093
3.99017
5.00491
4.95764
4.97756
2.17353
3.12726
3.57168
1.77087
1.884
2.4044
2.90112
3.21831
2.3076
2.87332
3.98006
4.52943
3.11738
5.34787
2.22638
3.65866
3.94322
1.9282
4.9964
2.73143
4.3159
4.72948
2.80547
2.21206
3.50117
4.55556
3.05435
3.88464
3.95625
4.15311
5.35491
2.56565
3.33237
2.96692
4.6778
2.18986
3.01355
1.97755
2.54838
4.50867
3.62308
5.73708
2.39643
3.1126
2.24563
4.12953
2.91875
1.83739
2.30436
3.66709
2.94285
4.83596
2.59869
4.79391
5.28385
3.19572
4.44999
2.70404
5.46549
4.95394
2.71862
2.09047
3.93017
4.21105
5.14735
3.52719
4.99181
3.26465
2.55248
5.84665
2.28914
4.28467
4.82551
2.40967
3.87614
4.02266
2.02436
2.0756
5.34006
3.89598
3.525
2.96518
3.96643
3.51007
3.77014
3.76893
3.47437
3.28012
3.09365
3.38916
2.22447
3.78546
1.41541
2.61354
3.05534
3.33823
3.79273
3.80364
2.53381
3.47024
4.88106
3.74187
3.9078
2.13966
4.29796
3.31525
1.42974
3.93174
1.70073
3.12502
3.97209
2.87574
4.07961
3.89573
2.9859
4.22237
3.33468
4.71804
3.85675
1.62426
2.14619
3.19436
5.59163
3.13426
2.96433
1.96675
4.02422
3.28411
3.63593
3.39159
3.35463
1.7288
3.75189
5.78561
2.34405
1.53946
3.24067
3.20337
2.36322
4.70033
1.5495
3.61582
2.24782
3.71294
4.44632
2.64546
4.54261
3.93353
3.54211
1.67313
4.22028
3.867
3.57431
2.66708
4.33951
2.61371
4.30871
4.99479
3.3611
5.01296
5.10857
4.26343
3.46952
3.24947
3.28599
2.39486
3.25145
3.78719
2.29213
4.17622
3.96159
2.96712
2.61911
3.4374
1.35999
3.45359
4.47802
4.2918
4.73407
1.93617
4.3837
4.53684
3.72245
3.5919
2.71854
1.84613
4.43647
3.28531
3.66365
3.7949
4.12933
4.83125
2.57759
2.54602
3.29165
2.86828
1.4689
4.1835
5.55603
4.4881
5.65016
3.71603
4.17247
4.73887
3.97782
4.68295
4.06973
3.96828
3.77348
4.58033
3.14753
3.19464
2.08829
3.9849
2.9475
3.79212
2.41428
3.28898
4.73028
2.24855
2.76207
3.86926
2.23997
2.10243
4.71637
2.79797
4.56577
3.38792
3.64678
4.36466
4.01492
5.01443
5.193
2.71237
2.28966
2.48025
4.95977
5.30173
3.51514
4.66706
2.04842
1.70205
4.79364
1.68495
5.11836
3.86846
1.46505
3.33519
4.61291
2.59915
2.63172
2.23071
4.10084
2.7773
2.76031
1.96186
2.37576
2.28702
2.30179
3.91763
3.52248
1.15312
4.27487
3.97024
2.10046
3.48956
4.63682
4.70366
4.91105
2.75143
2.01987
5.21429
2.00663
5.57077
2.03996
3.73453
2.66616
3.61644
2.88868
3.4279
2.0029
1.45356
4.79816
3.67677
3.18683
3.78809
3.7225
3.03158
3.95522
5.26737
4.20835
3.21302
1.65165
2.66755
2.93092
3.65626
3.47493
2.83392
5.25094
3.05909
2.93585
2.65054
2.40174
3.24342
2.21103
4.60043
1.54461
3.86212
3.14977
3.1379
2.43452
4.08114
4.63088
3.12982
5.31716
4.33921
3.28306
2.03262
4.93218
2.6352
3.27392
4.75706
5.12644
3.01592
1.43884
4.33294
2.58496
4.03473
3.96255
2.5212
4.06604
1.92397
2.64251
2.43069
4.28131
4.57191
4.95477
2.48246
3.68984
3.11761
2.70924
2.72435
4.47986
3.07474
1.52273
3.03363
1.39007
3.86786
2.65472
5.6562
1.77698
2.0127
2.44179
4.31523
3.96297
3.89422
5.13359
3.78291
4.4043
1.69427
2.37425
2.34388
2.5967
2.993
1.88965
4.98893
2.89048
3.41601
1.63236
2.46311
2.01564
2.42187
3.7026
2.95209
2.6217
2.42229
4.80472
1.72608
4.01562
3.39976
1.81535
1.97077
4.03522
1.53533
2.23066
4.81956
3.1244
3.58173
4.8265
3.26206
3.18032
3.81469
3.30687
3.13852
2.1217
2.36801
2.53222
4.84018
2.8811
5.10565
3.11073
1.62079
2.65331
3.4066
3.20207
4.58459
4.73542
2.33602
3.82454
5.45104
3.67351
2.64897
3.27287
3.60726
4.68443
3.42043
4.94533
3.74355
2.95028
2.81802
3.44536
2.0283
2.38701
4.63182
3.76425
2.31311
4.36755
2.64776
5.16763
1.76947
2.13354
1.29927
2.60031
5.14343
1.25907
4.25417
3.99003
3.4748
5.53329
5.19161
4.27244
4.16246
3.508
4.49646
3.77569
2.16792
3.70997
4.44623
4.79466
1.93389
3.64689
3.68823
3.25123
3.75522
4.23961
4.40242
2.27832
4.3744
4.69217
5.01787
3.88183
1.98436
3.0653
2.69865
3.52616
3.10583
2.44766
3.03749
3.05522
2.96752
4.12313
4.49308
4.80231
4.55174
5.01152
4.57991
4.05881
1.87869
1.91362
3.66676
3.26268
2.88781
2.22083
2.96297
1.83452
3.93439
4.75314
3.36897
3.03019
3.95528
2.76839
3.84057
3.49539
4.26724
3.9396
4.26377
4.89906
2.24695
4.22592
3.5598
2.58876
3.80172
4.06687
3.83757
3.65276
3.07505
3.70824
3.38357
3.58992
3.24151
2.22219
2.62668
1.97968
2.03038
4.41259
2.9381
3.11109
2.27776
3.80107
5.7245
4.97125
3.84206
3.26763
3.7446
4.30963
3.62769
5.17396
5.42765
4.18658
2.74734
4.9264
3.69457
3.48028
4.01289
3.43914
3.38025
5.26823
1.48072
4.8377
3.32814
2.81548
4.18669
3.49608
5.57606
3.09329
3.49191
1.63015
4.77465
3.31837
2.61998
2.67387
3.5775
3.44427
3.00188
4.04342
4.21503
1.85268
2.45484
3.14883
5.31117
5.18418
2.5064
5.14092
3.72532
3.81401
3.8354
2.38588
3.79912
1.92009
2.33652
4.03835
3.36054
2.90681
3.72524
4.3379
4.68533
2.13957
1.88527
2.88259
4.33857
4.51141
5.32071
4.1376
3.41671
4.30448
2.11002
1.81507
4.18313
4.12558
4.16967
4.01613
2.93796
3.38633
1.41979
4.65419
2.18544
2.36487
3.10483
5.68293
2.75985
2.82771
2.05707
3.03121
3.54382
3.0062
3.10121
1.90105
2.76003
3.41416
1.58323
4.21367
5.54067
3.05901
2.16701
4.99252
5.07595
3.04068
4.07724
2.85117
4.11618
3.8484
4.37739
2.5079
2.44922
3.85755
3.15673
1.87743
1.69807
4.59456
3.6603
2.79463
1.38068
3.27958
3.93112
2.80339
4.64696
2.47301
1.94405
3.19834
3.4557
2.84328
3.4958
3.13543
3.6764
3.1398
3.77568
3.63168
3.19905
3.89631
4.57713
3.65328
5.60733
3.20628
4.51977
3.24484
3.31854
4.10357
4.43736
3.2819
2.31595
3.64765
4.24685
2.93239
3.19717
3.75438
3.64894
1.79176
2.73475
3.12972
4.42095
3.91055
3.99272
3.3549
4.34757
3.06176
3.76572
2.73832
4.49557
2.59952
1.20457
3.99056
5.07348
1.63945
3.46545
1.09559
3.0275
2.04496
3.06679
1.94239
1.81009
2.83255
4.86122
3.84768
2.91774
2.6133
5.62715
1.54208
2.32965
1.56647
3.75759
4.00807
2.88916
4.69504
5.37115
2.74982
3.4551
5.24205
3.89292
4.64114
4.80996
3.65044
2.75076
2.43947
3.34757
3.32786
2.80497
2.86998
3.97249
4.73212
4.97693
3.37534
3.42891
3.92157
4.26528
4.19326
4.43684
5.71875
3.93547
2.36505
4.54855
2.51462
3.1414
3.59516
4.04838
4.99433
2.58556
4.07272
4.50419
3.19473
3.54649
2.43293
3.73887
5.30743
3.20033
4.47701
4.02557
5.0204
3.63571
2.58647
5.72029
3.44467
5.80886
2.95826
3.3308
3.80201
2.90868
4.35417
5.18094
3.55296
2.69891
4.49915
3.8645
4.52378
2.87738
2.07947
5.09306
4.34473
2.33989
3.48331
2.32729
2.14086
1.95896
1.49258
1.24144
2.92062
3.58532
5.57619
4.10584
3.48623
5.45275
2.75158
4.58235
2.944
3.51427
4.17249
3.213
3.0214
3.96089
3.16742
3.04209
4.90163
4.77099
5.39479
5.84721
2.66562
3.61192
3.59705
4.86474
3.68488
3.26229
3.1274
4.68079
3.43779
3.94672
2.48927
3.11826
3.72592
2.07195
3.07011
3.4863
4.14544
4.32623
4.06739
3.46841
1.92318
4.95149
2.29606
1.7104
4.85526
2.22019
2.13337
4.82999
3.59051
5.24683
3.29807
3.60463
5.37953
4.23641
3.47755
2.50446
4.16439
3.61998
1.50796
4.02242
1.51268
3.24992
2.37856
5.91367
4.40357
2.92543
2.77313
2.99176
4.25259
4.99127
2.67764
3.03885
4.3155
3.60032
2.27471
3.67288
4.7408
2.45351
3.91183
3.67427
3.54401
2.92796
3.87184
5.81027
5.15615
3.97711
2.99034
3.60502
3.45243
1.53405
3.8563
4.28853
5.79613
3.37222
5.39852
4.31821
3.63678
5.47486
3.10189
2.40127
3.58032
2.93771
2.41385
2.85701
5.60313
2.27687
4.09303
1.94263
2.21042
2.73626
3.31814
3.92688
3.84375
4.28723
1.81683
2.23057
4.22102
4.48496
4.09058
3.86337
2.04628
2.69435
5.00306
2.67149
2.65576
3.42073
1.56579
3.57083
2.17027
3.07801
4.19644
3.47547
2.60296
4.00006
2.04136
5.04153
4.12564
3.34842
3.14553
1.63152
2.82535
2.79219
3.31925
3.56443
3.78723
4.93359
4.99269
4.25219
2.71815
1.92544
1.66535
2.73295
4.57997
3.07431
4.74938
3.897
4.82983
3.9458
5.17167
4.36134
5.36891
2.08622
2.04133
2.98391
3.18009
3.94725
5.0055
2.91874
4.88865
3.94826
3.10774
4.39841
2.60927
2.3332
3.52986
4.09049
2.94634
3.57695
3.53913
2.90942
4.3936
1.56844
3.27971
2.07603
3.63286
4.14578
3.23797
2.00144
3.36079
5.28088
5.77824
2.73271
3.27631
3.30921
5.08671
3.23243
4.24017
5.57255
1.6776
2.17493
3.37241
3.69053
3.80732
2.72656
2.48182
1.89925
3.70845
2.938
3.72602
3.49304
3.997
4.41147
2.2791
2.37806
3.92282
4.81605
3.53822
3.09389
3.8242
4.60925
2.02892
3.38234
1.71445
4.98341
3.17336
3.47993
3.36939
2.59047
2.46411
3.28337
4.10114
2.00876
4.34038
2.38506
4.09511
4.20088
2.6923
3.69812
2.25343
3.37156
1.4228
1.48826
3.42939
3.16986
4.37565
4.10247
3.25401
3.58997
4.19185
3.03188
3.44718
2.21018
4.28589
3.16937
3.57219
2.56976
4.6369
4.21942
5.134
3.51843
5.46886
2.69112
3.23784
3.78358
5.64783
2.75222
4.71628
3.28535
2.25315
2.44531
4.69922
1.8898
4.28346
4.36449
3.54269
2.32571
1.83708
1.86376
2.84889
4.40059
4.86065
3.21597
3.00088
4.93677
5.18837
4.36375
2.70239
4.5083
4.59827
3.50162
3.454
3.09501
2.49103
2.70102
3.71374
4.67976
4.55044
3.13775
3.68139
3.10035
3.37366
3.70389
2.2123
3.12773
3.56354
2.88395
4.80774
1.77713
2.15365
5.74779
3.44544
2.76894
5.49123
1.76015
2.70523
4.34155
3.33161
4.82976
4.71116
2.27807
2.40189
2.11825
5.35285
3.54458
5.07046
2.60202
3.56527
3.84705
1.51288
2.72764
4.13747
2.19995
3.39347
2.22429
2.58738
2.25905
3.58601
3.23407
3.08087
3.70655
2.33568
2.89402
4.69009
4.88659
5.51848
3.35109
4.97716
2.6745
2.78306
3.91398
2.95579
4.72303
4.8639
2.64363
3.42504
2.76445
2.73383
4.15655
3.98539
3.55692
4.01744
1.76293
4.73916
3.84934
4.21622
2.7842
3.74342
2.39853
4.29981
3.49227
3.72502
3.10805
4.5971
2.08535
4.88385
3.768
2.67421
4.46292
2.30176
4.66032
5.01593
3.28515
2.04095
2.95435
1.33072
3.39954
4.95724
2.3523
3.67823
3.69044
4.06966
2.8549
5.37257
4.25457
2.51977
2.8021
4.24309
3.52838
4.71978
2.00433
3.83849
2.59089
3.23085
3.31473
4.53907
3.33798
3.22836
2.90285
4.29567
3.57213
2.60333
4.27583
3.34282
2.77402
3.81472
2.75277
3.73765
4.92004
3.54935
3.13349
2.95478
1.68273
3.06235
3.71293
3.52151
3.19828
5.76236
2.07758
2.80647
4.30853
4.17228
2.28037
3.57876
1.78195
3.33779
1.52602
1.83358
2.49123
2.07202
4.90842
3.63423
3.87238
4.61651
4.02725
2.34927
3.71317
3.36467
4.47094
1.66746
3.91636
3.23562
3.18836
3.15221
2.3555
2.6025
2.18171
2.35088
3.28937
1.87088
2.23823
2.1035
5.02308
3.8693
2.07862
3.19911
3.60205
2.65517
4.33505
3.40699
3.29743
1.65604
5.18191
1.16391
3.48934
5.75731
1.7276
4.8274
2.2769
2.51401
2.93579
2.40901
2.24167
2.60573
3.37966
2.58046
3.26375
3.97003
2.04301
5.49925
3.63761
5.24124
3.16697
4.12965
3.95713
4.68789
2.80153
3.23839
3.33719
3.2833
3.25599
1.6237
2.01169
2.36059
3.05276
3.39
3.19556
4.99429
2.27401
3.70946
5.32102
3.31766
4.85083
3.51581
3.356
1.42591
2.87983
3.45427
2.38521
2.83186
3.46207
5.16578
2.98202
5.13238
3.3445
5.11236
3.62218
2.60983
3.30429
5.15441
2.98763
2.43458
2.75139
2.4697
4.48184
1.95086
2.93507
1.65765
4.1253
3.21957
1.92508
1.50148
3.72271
1.55831
3.69853
5.36462
3.79105
2.25997
2.19835
2.57676
2.71021
3.98798
4.13987
3.41876
2.40581
3.53741
4.12664
2.44462
1.59606
2.21777
4.7972
3.88256
2.73269
1.55455
3.25951
1.23617
3.23817
2.82314
2.97984
3.46047
5.48937
1.12
5.07823
4.7168
3.2204
2.74256
4.64263
3.71407
4.615
4.59048
3.7091
2.02306
1.83151
3.61752
2.96556
3.50424
3.0511
3.05466
4.02173
4.11854
3.86274
2.69129
3.24806
2.89435
2.39566
2.94305
4.22169
3.20305
4.58335
4.25095
3.7274
3.74909
4.78997
4.5482
3.54702
3.30969
2.75356
3.097
4.43054
2.26322
2.89743
3.93979
4.67772
2.32388
4.03414
1.52491
3.66873
3.65463
3.83389
4.75881
5.46789
3.15896
3.15216
3.803
1.78444
4.25604
2.90861
3.87523
2.10968
4.32271
3.18225
4.63112
4.25972
3.73981
3.03555
4.89365
3.3385
5.10898
2.80258
3.06429
3.79561
2.71018
5.67411
3.49118
2.7889
3.14908
2.38525
3.38588
3.4718
3.39724
4.15879
3.57196
4.11045
4.55706
2.28013
4.41464
3.09608
3.68722
2.7772
3.22274
3.45297
1.90344
4.15176
3.72987
3.35274
2.22315
4.95564
1.95384
3.93057
2.75158
3.7286
3.29927
2.35952
4.81067
3.91183
3.2099
4.17378
3.99131
3.32396
2.99367
4.24233
2.36295
4.13396
3.63472
3.07923
2.20393
2.48808
3.47316
1.8372
3.11942
4.54559
3.07474
2.86618
2.79312
5.15068
2.42891
3.12874
1.87247
4.21571
1.80531
5.04933
3.11614
1.61336
3.16503
3.53463
3.93667
3.9733
3.9643
3.93727
4.84959
3.7512
4.505
3.6454
4.09474
2.28587
3.67733
2.26591
3.32415
4.283
3.50684
4.52886
3.25468
3.76124
2.85905
3.57633
1.5628
3.46954
2.47154
2.70866
3.05252
3.63198
2.17476
3.44638
4.25662
4.09903
4.22905
4.4263
3.63496
1.58195
4.14694
4.18537
4.41287
3.11953
4.68627
1.29592
2.35632
3.27423
2.39075
2.60137
2.90945
3.27724
4.12136
1.9613
3.62418
2.93976
3.4632
2.95026
3.69026
3.12041
3.70875
1.86448
5.12811
2.8863
2.81015
4.6762
2.33587
3.72809
3.75924
3.23524
3.18573
3.2868
3.79562
4.55257
3.24368
3.02304
5.15958
2.41099
4.94069
3.10674
3.79771
5.33302
3.15221
3.52832
2.9959
4.0963
2.64679
5.52977
3.85557
3.02193
3.74365
4.42681
3.8453
4.67152
2.77262
3.74098
3.35179
2.3735
3.55923
3.7831
3.22007
4.15985
2.66118
2.92726
3.71455
2.72913
4.46167
4.28712
2.14887
1.46225
2.47879
4.35401
5.12386
3.8022
2.87913
3.37885
1.87924
4.96947
2.68769
4.87772
2.70644
3.51976
3.56504
3.61351
3.18582
3.1608
2.27666
5.25363
3.70344
5.03054
3.60815
4.12664
1.76866
4.79858
2.98413
3.09803
4.59537
2.48849
4.42725
4.05838
3.72599
3.3282
4.74804
3.86438
4.66883
2.72142
1.9848
3.79631
2.58585
5.09268
2.61695
3.19275
2.50912
2.394
2.95405
2.39638
4.3809
3.47141
2.85661
3.99202
4.40336
2.77446
2.07375
2.04108
4.75084
3.55226
3.48656
1.61392
3.6383
1.71454
3.42514
5.39441
4.55678
4.44657
1.98096
5.47873
4.67733
4.95182
3.36528
4.21292
2.99196
3.85631
5.36815
3.01155
3.70102
3.84406
2.85142
2.57224
4.67318
4.50281
2.96328
4.24887
1.9955
1.6447
1.89043
3.06845
2.19729
2.02645
1.96827
2.97468
3.67323
5.42903
3.84799
4.35372
3.14722
3.96667
1.17374
2.74538
4.21027
3.28043
2.35171
3.3655
3.03172
4.43167
5.49694
3.66314
3.78473
3.84585
3.52262
3.10871
5.64346
4.06721
4.09042
3.2568
1.90049
2.87023
3.76946
4.35029
2.31962
2.43377
4.75544
4.82985
2.28076
3.81889
3.37999
2.08551
1.58945
2.40168
4.89487
4.1349
2.01581
2.19754
3.64388
2.63527
3.19321
3.67331
4.23966
5.2338
3.94917
3.17914
2.74144
2.23403
2.95679
5.04188
2.08338
3.90304
3.78678
2.147
3.13258
2.96749
5.00644
2.49627
4.2592
1.94363
3.41336
2.76354
3.18042
4.41952
2.80794
2.78106
2.59372
3.25496
4.40047
2.17406
3.24386
4.38772
3.0146
2.02134
2.07192
5.03185
3.19064
2.95487
1.47355
4.52693
3.60854
4.02153
3.44768
4.94439
1.94176
3.91521
2.04557
4.2801
5.31948
2.84775
4.03427
2.65969
4.01642
4.36229
3.56727
3.95592
5.3055
4.30285
4.4091
4.06516
5.60025
3.93884
5.38957
2.81247
2.0802
3.40382
3.76718
4.05252
4.93389
2.64253
2.06016
3.00646
3.17053
2.47064
4.15761
3.722
3.1428
3.1367
3.65188
2.76725
4.48966
4.4361
3.83754
2.86602
3.14937
2.46166
4.70084
2.1551
2.90945
3.48604
4.97791
3.59191
3.15168
2.75603
4.48839
2.26307
3.51659
2.6391
3.45538
3.44279
3.65329
3.0975
3.90156
3.72184
3.03707
2.87577
3.4648
3.87622
4.52838
4.57227
4.10621
2.86691
3.41323
3.42569
4.68664
4.95979
3.60676
3.1827
4.76732
3.92757
4.51768
5.32288
2.2437
2.14323
5.76296
2.70242
4.55071
3.0969
2.48867
2.83812
2.18152
3.46623
3.99385
4.58836
4.14073
2.84229
2.67114
2.39798
2.70686
3.06147
1.46916
2.05902
4.50808
2.31579
3.6478
3.59965
3.91856
4.31219
3.53936
5.44837
3.16238
2.22375
3.84472
1.93127
3.76525
3.52363
3.68501
3.44477
1.12359
5.01497
2.19581
5.3068
5.46423
4.96783
4.89235
2.32428
3.34694
3.74689
4.3504
4.02507
4.11593
3.16106
2.93912
2.78772
5.33546
5.48916
3.40848
3.76225
5.24824
3.23325
3.07523
4.01087
3.67478
2.62383
4.1679
1.20706
3.02521
2.74894
4.08259
2.01716
3.22431
2.90175
2.36789
4.44834
3.3544
3.3389
3.69844
4.48231
3.69933
1.61444
5.41331
5.22404
2.12729
3.00204
1.88657
4.08011
3.37833
4.2407
3.56395
2.64123
3.82715
2.43673
3.44085
2.47897
5.16996
5.42763
3.07336
2.97644
3.23865
3.76114
3.90539
4.59837
2.77397
2.66509
5.26142
5.16563
2.99372
2.48184
2.79571
2.73479
4.67054
5.51323
3.00525
1.59334
4.68796
3.57004
3.10534
5.1663
3.67232
3.74234
3.6326
1.29018
3.80189
2.5049
3.58221
1.34538
4.77362
5.24444
4.70222
2.64822
3.66168
4.64323
5.25911
3.28916
1.53109
4.57598
4.15564
2.76351
3.67336
3.77503
3.72278
2.77663
3.71023
2.99099
3.82459
3.01525
2.06527
3.22413
3.60581
1.46207
3.93223
5.82411
2.77853
2.99083
3.3728
2.85344
4.28587
3.51407
3.55532
3.08285
1.99662
4.86624
3.40002
2.83405
3.27659
2.88965
5.52519
4.10844
1.8486
5.35119
1.89248
5.03765
3.79444
4.85271
4.42876
2.16464
3.86878
4.80823
5.6555
2.91165
2.98601
3.84623
3.98572
2.31397
3.30774
3.15541
4.85253
3.19628
2.30008
4.82764
2.21208
3.4406
1.44585
2.16168
2.71764
2.84314
3.98885
2.67668
4.49041
2.77934
1.65324
3.74454
1.41685
4.49455
2.72269
4.28517
2.28073
3.8102
3.18046
1.37926
4.29243
3.88304
3.80274
2.93795
2.7068
3.37769
4.16418
4.22903
4.72464
2.51038
4.45587
4.59463
4.25199
3.89442
2.83241
3.60538
4.34528
3.96557
4.69623
3.18112
3.79909
3.98827
3.39353
3.86846
5.83749
2.24107
4.23786
2.00078
2.74857
5.95258
3.09353
2.37618
3.05595
5.40671
4.44265
3.37415
4.94952
3.35863
4.42584
5.59197
3.7022
3.00067
4.28815
1.11688
1.67775
4.68989
1.47815
3.46026
4.78912
2.99681
4.33946
2.96522
3.89536
3.85737
4.40053
4.15922
3.62917
1.7079
5.2097
5.05831
2.02618
3.45548
3.47927
3.84002
2.08065
2.48389
4.49333
5.58676
3.4815
4.11765
1.80086
3.46207
1.7864
1.5648
3.65679
2.2169
3.17033
3.33126
2.99031
2.33357
5.63933
4.44753
3.87077
2.89998
4.72872
2.07117
3.00847
2.9668
3.20911
3.62591
2.26848
2.17582
2.70248
2.61119
2.49243
4.35736
2.86442
3.56343
2.61441
5.08015
3.41754
3.37291
3.6236
3.29703
3.32509
1.25807
4.36772
3.26515
2.2725
4.17132
3.00764
3.32932
2.37866
3.25849
4.12494
2.94245
2.68768
2.71643
2.05087
3.45723
2.9955
2.49099
3.42607
4.25804
4.44502
3.23043
3.81731
3.71269
2.07704
3.25668
4.40863
4.20843
1.65322
3.03975
2.85077
2.19682
2.07144
5.25821
4.79403
2.70747
3.07248
3.00123
4.4465
3.20054
3.19106
2.51535
3.69048
3.91313
5.03329
2.62199
4.85665
3.51495
3.9661
3.02892
2.19703
2.42371
2.18357
3.23224
3.91384
4.04073
5.36877
2.55233
5.29299
3.95279
3.79849
2.57048
4.05749
3.80592
3.74249
5.83024
3.99704
2.59233
3.3875
1.64034
2.24697
3.5017
2.77027
3.66354
4.28062
4.27325
4.3328
4.69862
3.74616
3.14514
4.71686
1.6602
4.21975
3.5329
1.79372
5.73379
4.26372
3.47875
3.67896
1.53125
3.36978
3.19886
3.61127
4.79428
4.4334
3.21578
3.57774
3.29133
3.34744
4.09825
2.9474
2.52607
3.11887
4.241
3.62837
4.22306
3.60449
1.90216
5.3932
3.77887
3.52735
1.87606
4.02053
5.46487
1.37746
3.2144
3.28046
3.64021
3.61649
2.31897
4.54461
2.08133
2.29771
5.51405
4.93103
4.25701
2.27877
4.36708
3.8978
4.97562
5.64632
3.06111
1.57824
3.30377
2.78795
2.53276
2.40445
3.00339
3.23817
3.37468
4.69484
4.95688
2.49181
3.6614
3.38519
3.6474
3.41941
1.39302
1.4618
1.73448
2.73559
1.66088
5.90902
3.11231
1.66299
3.42489
3.61241
3.06108
3.00053
2.45211
4.1629
4.1991
1.74634
3.00148
2.38587
1.41648
3.24192
3.74972
3.67314
2.81828
3.99578
3.23838
4.82502
4.42826
3.41089
4.28263
2.11289
4.00148
2.08191
2.81694
4.15234
1.26721
4.14452
4.56357
4.9303
3.27067
2.35044
2.69438
4.45877
4.20525
2.60846
1.31709
3.53157
4.22442
2.17274
5.652
4.93952
3.69488
2.47655
2.67539
3.75323
5.70062
3.8006
3.29101
1.41158
5.32991
2.03177
3.75134
4.85824
1.87493
2.70945
5.08508
5.34687
2.04657
1.87288
2.19807
4.29007
3.6544
1.91458
4.09931
5.65582
2.42452
3.7112
5.86456
3.41914
2.22573
3.74452
1.48471
3.45545
5.94704
4.24181
2.15643
4.51625
5.61726
3.05614
1.85778
5.05651
3.57988
3.07358
3.71157
4.18701
1.63446
3.37577
1.67443
3.40396
4.52804
3.70248
4.99974
3.50194
5.52794
4.95069
2.70765
5.70521
5.02996
1.51238
4.45567
2.55643
5.75355
3.69545
2.73836
4.98045
2.54834
5.28789
4.25495
2.19509
3.68388
5.01725
5.56872
3.26951
3.71721
3.7235
4.84217
3.13469
3.13061
4.00496
4.96736
1.72957
1.90433
3.41346
3.82054
2.7202
3.03694
3.46595
4.65585
2.85812
2.74853
2.30672
3.81255
4.54828
4.1996
3.79522
3.94581
5.07552
3.53126
2.61135
3.9009
1.19257
3.37982
3.66121
3.63604
4.90162
2.24176
4.63279
4.25916
2.7651
3.1625
2.99259
4.27903
4.46062
4.69516
3.03032
3.58146
1.54835
3.42312
2.25051
3.9262
4.54882
3.06295
1.9761
1.42066
2.93217
5.26166
1.97053
4.96133
3.49942
4.17525
3.20121
5.04435
2.89004
3.26294
1.55881
4.63146
4.57878
3.45408
3.41299
2.91801
2.22903
4.44275
3.82676
3.88468
2.1486
2.83716
5.06809
4.42478
2.84775
4.73917
4.24859
4.12419
4.32835
3.55155
4.48568
5.43112
3.73679
1.40837
3.92616
3.98798
4.89228
2.09657
3.78501
4.3079
1.95598
4.68442
2.74547
3.26356
4.63546
2.79522
3.1319
3.01607
3.82275
2.06227
4.2092
1.047
4.94316
2.77368
4.77838
2.86647
1.54614
3.56351
3.42956
2.75581
3.79799
5.22809
2.87998
4.56306
5.54067
3.84413
2.26606
3.10491
4.45916
1.83812
3.07494
2.13898
2.65457
4.50366
5.59231
2.1551
4.54823
5.1866
3.30976
2.89485
5.54666
4.95512
5.17637
4.04346
3.27572
2.04464
4.89546
2.94853
3.4463
2.71521
5.15907
3.00496
2.04299
3.3816
5.27896
3.00595
4.53073
3.97391
3.1145
3.79475
3.65371
1.95931
4.01391
3.96222
2.65433
2.80309
3.17724
3.62041
2.86935
3.36985
3.4153
4.44237
3.66389
4.86339
5.22057
2.69366
3.54301
3.87639
2.8824
4.89129
4.03462
3.96878
4.07009
3.01072
2.56604
3.41626
3.37415
2.82198
4.56093
2.36808
2.73707
2.4709
3.36169
2.12587
3.52164
3.83176
1.83666
3.10301
3.65609
3.9427
4.16038
3.74665
3.86186
2.99555
2.75884
2.80199
4.41103
3.88668
1.29075
4.27153
3.17712
3.7458
2.28968
5.76903
1.93405
2.64474
5.22095
4.19121
3.4247
1.34836
2.2108
2.7273
4.16188
3.50495
2.08461
2.69972
2.2408
3.08364
3.60447
2.57648
3.13367
2.65139
3.42577
4.71856
2.00344
2.24249
3.29584
3.02351
3.51495
2.1084
1.89714
4.09875
4.43852
3.04616
1.99087
3.44594
3.03192
2.78858
3.1462
3.8604
4.75351
3.59968
4.34409
3.34732
3.80055
2.25394
4.12332
4.32883
4.28303
3.9881
3.69078
4.76408
3.53487
4.2995
3.04643
5.02688
3.13085
1.62487
1.67769
4.48308
3.11869
2.46888
3.75656
3.68272
4.29255
3.46186
3.02695
4.42945
2.02529
2.11105
4.69857
3.21246
3.24331
2.17028
3.16732
3.58387
3.0694
3.08775
2.76159
2.537
4.4751
3.40196
3.96727
4.78884
2.97576
2.74096
2.21338
2.09251
3.96776
3.74025
2.80429
2.30321
2.74876
3.72968
3.96307
4.89389
4.0783
3.95012
2.7047
3.46436
4.32748
3.84553
2.88668
4.0105
4.83275
2.13656
3.78839
2.81744
5.01046
2.41646
3.44971
4.81377
5.60496
3.92094
3.75291
4.57104
3.63467
2.90797
3.86128
2.85576
3.66683
4.24446
2.63121
4.23862
2.49301
3.83121
3.99408
5.73832
3.59412
2.90824
4.55744
2.82514
1.47463
5.06736
2.30463
4.83198
4.01249
3.45932
4.2752
4.41818
3.41262
1.71765
1.98807
2.70422
3.16787
2.532
3.62256
5.54304
4.62333
5.08831
1.60204
4.61621
2.30575
1.75387
3.2283
4.64109
4.62165
2.92005
2.89389
2.44758
3.34368
4.32594
4.65369
2.53077
3.99678
3.47114
3.56557
4.40856
2.32132
3.38613
3.2142
2.21072
4.4327
3.06376
2.71078
3.89885
2.61246
4.26571
1.71552
3.86417
4.85788
4.20275
4.15847
3.37254
4.38341
2.74784
5.33826
3.4243
2.70837
3.87635
5.4573
4.06855
4.2821
3.93771
2.90571
5.55962
1.78898
1.6481
2.73532
4.96593
4.34221
1.35367
4.76901
1.93901
5.71656
2.14944
4.16925
4.3234
1.58683
3.34857
2.54418
3.13552
3.43005
1.58231
2.29778
2.1624
4.81592
1.47095
3.43528
5.02868
3.25147
2.84111
2.91323
2.05327
2.56201
2.87516
4.37813
3.06425
4.4824
1.36342
3.26593
3.06365
3.69846
3.89005
3.739
5.23117
5.52017
3.81891
2.31579
2.72867
4.68468
4.35537
3.30257
4.61485
2.47819
4.24569
3.26526
4.40224
4.93275
2.33542
3.28357
4.88628
2.29487
4.74357
3.60827
2.34882
1.77967
3.81934
3.09654
2.08629
4.31538
2.83361
2.9293
2.93502
4.04972
2.01719
3.1179
3.56436
1.83072
2.59326
3.68718
2.78044
3.19135
3.36151
2.67497
2.43136
5.05842
4.17653
2.71782
4.72716
3.4728
4.82345
4.49603
3.38554
4.54929
1.32854
3.69029
4.9871
2.72103
4.6531
5.85607
3.27123
4.00455
4.00383
3.25074
2.32687
2.58816
3.65313
4.15239
4.72956
3.9877
3.19785
3.58829
2.64923
4.82995
4.09537
2.1445
3.80058
3.01567
5.10083
4.15758
4.83071
5.08051
5.88951
5.59275
2.33622
2.5133
4.18372
2.79207
3.67472
5.60788
4.61342
3.53
3.58336
4.61592
2.32523
3.94261
3.33948
3.53453
3.51438
3.90068
1.79648
1.80403
3.58957
4.27567
4.60019
3.50743
4.09065
4.80174
1.73921
2.3548
4.26424
3.36553
1.80482
3.80195
4.86275
1.55971
3.93418
3.09441
2.76709
4.71483
2.88284
2.34389
2.9438
2.37832
4.0205
3.43598
4.03229
2.33789
3.26636
1.63423
3.01828
2.79111
2.07836
4.68711
2.9843
3.14114
4.58295
4.06072
3.33869
4.15328
2.77995
1.11169
4.20942
5.33505
3.97956
1.58089
3.34929
3.90727
2.22625
4.23018
2.43422
3.11188
2.43699
3.76072
5.04653
5.35636
2.32893
4.34278
3.4202
2.82377
2.93412
3.15344
2.68535
2.18074
3.59683
3.25992
2.38415
3.39538
4.32141
4.50276
5.44084
5.43033
4.68635
4.72435
2.0534
3.70551
4.26304
1.75494
2.63459
3.22885
4.57508
1.50932
4.9656
4.67216
2.10695
4.36414
3.63509
3.4234
3.21819
3.17705
4.62216
3.77524
5.0423
1.87521
2.04158
4.41398
4.04677
3.48215
5.10484
4.75152
3.40366
3.26862
3.7608
4.39734
1.66765
1.40399
3.76489
2.69594
3.4812
5.05161
3.58581
4.25946
3.12397
2.29274
4.09404
2.30389
3.69654
4.58006
4.88648
4.35118
3.57594
3.11326
3.38674
4.4887
5.00325
2.59553
4.52086
2.88112
2.26112
3.27126
2.30308
1.60874
3.87176
1.46163
2.57695
3.66054
4.59364
5.00611
3.44167
1.53851
3.71774
3.0844
4.05412
3.43435
3.76172
2.33472
3.53196
3.31813
5.63353
3.00072
4.59355
4.03259
5.1828
5.03073
3.85524
4.61555
1.78192
4.61944
4.86723
2.07697
2.17574
4.12357
3.50385
3.73589
2.31162
2.59942
3.2347
1.47661
3.70949
2.90163
2.58789
3.91223
4.15384
4.34892
3.77704
3.94755
2.58748
2.40392
4.99876
5.11239
2.55944
3.63068
1.81736
2.79022
4.92718
2.88471
2.839
3.59578
3.73575
2.75713
4.03729
5.15945
4.29425
2.73538
4.6278
1.95502
1.94282
2.36003
2.79885
5.56119
3.85058
3.84793
4.39143
4.87647
4.40814
2.71895
4.28084
3.31049
2.37556
2.40454
1.24814
3.35419
2.41938
3.13298
5.03951
4.18494
2.52016
4.07753
1.59678
5.09154
1.95448
3.32002
4.10254
1.50816
4.65291
2.62405
3.51854
3.82503
4.70849
3.32802
5.20589
4.39754
4.65736
3.36
3.00124
5.30459
2.87647
3.44258
3.78281
3.4106
4.04033
2.99737
1.59549
2.66469
3.55192
3.07523
3.31451
3.82451
3.2103
4.8296
2.61208
3.92078
3.60002
2.61687
3.15169
4.28301
3.7854
3.24909
2.97004
1.82526
3.3651
4.74056
2.4164
3.54508
3.29022
1.5815
2.80471
1.31751
2.57177
1.63825
4.59366
3.06989
3.10101
4.72092
2.44518
4.80229
1.77894
4.67568
4.92209
5.67219
2.99849
3.05058
3.87048
5.49082
2.74628
2.94985
5.19301
2.98276
3.1877
4.13326
3.75393
4.03904
3.57236
4.7335
3.06736
1.94804
4.64428
3.65585
2.70498
3.71734
1.96387
3.2909
3.01984
3.10356
3.64657
4.61247
2.81795
1.84619
4.99541
3.54931
3.51955
3.35531
3.85281
1.21046
3.13702
5.23194
3.71902
3.61065
2.5567
3.50367
4.28293
3.98366
2.64687
2.33733
3.48302
5.0875
3.6245
3.24401
4.06426
5.09735
5.39828
2.42094
3.31942
3.74799
4.26587
3.87857
2.3005
2.8292
4.87821
4.37999
2.75932
4.45396
4.29413
3.97388
3.92334
4.2106
2.2335
3.03098
4.43568
1.87658
3.29722
3.19807
4.88621
2.31282
2.95788
3.0623
3.33273
3.47408
4.53464
4.57254
2.55935
4.66226
4.15133
3.39351
3.54163
3.71569
2.33673
2.87225
4.68572
4.26928
1.96141
2.17532
3.38147
3.53638
5.11534
4.40915
2.75705
2.25491
3.81584
2.66492
2.24524
1.50665
3.59562
3.43295
3.16946
3.5598
2.55568
2.71092
5.0299
3.20176
3.87805
2.88376
2.01799
4.71987
4.5786
3.08223
2.51019
2.75488
4.94014
4.7309
1.88939
5.19295
4.10139
4.87537
3.51532
3.07837
2.68727
2.63225
4.0126
3.72088
3.15142
3.7345
2.26805
1.23765
2.66191
4.64854
4.12629
3.7113
4.39606
3.61853
4.24551
5.46212
3.52077
3.74694
5.42279
4.12363
3.91972
2.8498
3.92109
2.77731
3.38897
3.82836
4.42777
4.84361
3.55772
2.67857
2.74684
3.74282
3.70099
4.01277
3.17523
3.03069
4.89646
3.5978
3.2357
3.2803
5.13739
3.91695
3.53683
4.42271
4.54919
4.64249
2.503
1.57591
2.76696
2.65912
4.5653
3.58224
2.8168
3.40805
3.62647
1.54166
2.50354
4.32463
3.71106
2.06894
2.84301
4.52209
3.18437
4.31986
3.48687
2.62732
5.27155
3.52232
4.87329
4.30382
3.33084
4.31527
3.49697
5.00073
1.93253
4.63926
5.22697
1.84572
4.26805
2.73914
4.51127
3.85367
5.26091
3.53073
4.59177
1.75158
2.97443
3.64963
3.01395
2.72445
3.50822
1.94196
2.7503
3.7655
4.04843
3.9729
2.1669
5.06817
2.58442
5.3206
4.34778
2.02611
3.527
3.98933
2.95156
3.41144
3.5611
4.71705
2.81041
4.18033
4.03848
4.76917
1.39114
4.10888
2.56367
4.50153
4.52373
3.09126
4.64894
4.04208
3.96249
2.93588
1.41185
4.88216
5.38038
3.87435
3.76159
4.48478
3.30708
4.25182
2.36779
3.20837
1.8066
3.99631
3.4285
3.41142
3.85039
3.9683
5.35123
3.0442
3.37693
4.17119
3.43407
5.35082
1.93919
4.05661
3.48113
2.49564
4.1263
2.78792
3.5096
3.99505
2.60592
3.82893
5.30301
3.27655
2.16914
1.60373
2.0383
2.5038
2.56971
3.2276
4.56153
4.49753
2.23464
5.4378
2.11023
3.64874
1.58335
3.35675
3.37756
5.16192
3.22771
3.59954
3.28642
3.78242
1.73553
4.49081
2.18921
4.35362
2.92494
3.28588
4.93156
4.61593
1.81784
4.29413
2.31608
3.10081
4.41491
5.18191
4.47475
4.28988
3.86579
3.98626
2.00629
4.40012
3.89229
3.99925
3.95755
4.22287
1.48332
2.68706
1.82543
5.3856
1.91507
1.68656
3.22876
3.22196
2.0601
2.67616
2.74699
3.12679
2.73433
3.54657
3.14532
5.33949
2.49102
3.30111
5.30359
5.54031
3.80581
4.99391
4.63869
5.4606
3.00732
1.26855
3.15833
3.89946
2.59282
1.68825
4.50607
4.10581
1.22857
2.55289
1.95575
3.42591
2.76977
3.27701
3.78582
5.43316
1.04505
3.65666
4.31161
3.44823
1.93568
3.48212
2.0766
2.42402
3.43978
4.95722
4.30105
3.6113
2.94708
4.26509
3.65931
3.23731
3.85967
1.37386
2.30438
5.12121
3.47973
4.30487
3.78154
2.71615
3.24504
3.08992
3.56988
3.50989
3.42837
2.02276
3.46369
5.53154
2.32705
4.06422
3.8531
4.40394
4.75408
3.38895
3.68614
4.9474
3.80229
3.56613
2.99185
1.28189
3.38844
2.24477
4.81702
3.69126
1.9939
3.46875
4.77645
4.20446
2.80406
3.37528
4.63969
3.41509
2.10871
1.53443
1.47442
3.50206
1.36058
3.56645
3.3396
4.23057
3.69966
3.42722
3.86919
2.40391
3.03586
3.38138
3.8096
3.3032
2.94293
3.68639
5.17204
2.59325
3.65144
2.38978
3.13336
3.98963
3.33913
3.3956
2.16672
4.17287
2.20176
3.08532
3.60606
4.50258
4.44795
2.28191
1.94608
4.02548
4.3966
3.72503
4.15185
2.58769
3.26563
2.97916
2.6002
4.05321
3.02594
2.82518
2.99737
2.69676
2.85464
5.19005
3.71521
3.28064
4.75676
3.04809
2.46083
4.64167
2.83486
2.48117
2.54235
2.80569
2.97103
2.21413
1.71585
2.71339
3.84586
4.44561
1.69654
2.58287
3.75446
4.17338
3.38958
4.25047
3.08931
4.46723
1.74385
4.02308
4.64514
2.27122
2.35442
4.14132
3.06125
3.32123
4.53731
4.89451
3.2516
3.1424
2.5727
4.24478
3.08335
3.84521
3.16034
5.50893
5.34966
3.5677
5.35375
4.21324
3.24261
1.91518
4.33725
2.67771
4.56738
3.1279
4.88266
2.70266
2.84893
3.96088
1.67012
2.92203
3.26755
5.38904
1.88013
2.95407
3.01986
1.25475
3.06152
3.92163
4.23702
2.8537
3.75288
4.23061
3.0019
3.70904
3.18237
5.6864
2.79236
3.4125
4.59382
3.09483
4.83777
3.41525
1.84432
5.43531
3.91107
3.53011
3.39151
3.51033
3.48898
3.16044
4.1361
2.66696
1.49785
3.40041
3.80817
2.25227
2.02313
5.15469
5.68309
3.40613
4.39527
4.30493
3.88576
3.61113
3.97527
2.70416
3.88963
2.61082
3.74815
3.40903
4.03929
2.374
4.99269
2.56401
3.52334
1.22392
3.83113
3.73022
1.69694
4.06789
3.37253
3.20573
5.0008
4.35419
3.44869
4.513
3.44632
3.94934
4.10165
1.73301
3.73415
4.57065
2.5171
4.74451
3.04606
3.72475
3.50796
2.18082
3.89769
4.29491
3.43763
2.54548
3.66242
2.48577
1.6328
2.93182
4.97421
3.77581
1.87036
3.17076
2.69004
3.34427
4.43363
3.4846
4.44005
3.63062
4.01801
3.35389
5.0163
4.75096
2.9263
3.30811
4.94859
3.43737
5.0292
2.22994
3.08865
2.98241
3.87659
3.01665
4.37132
2.86252
3.13041
4.07125
4.64437
4.78049
4.15001
3.09979
4.55602
4.30839
4.09611
3.07015
3.96195
4.12895
3.32955
2.94158
4.66129
3.56479
3.16637
2.90322
2.49363
2.15115
1.71057
2.86346
4.9269
2.44919
4.02142
1.31145
4.73843
1.61366
3.28223
4.42522
1.73935
2.41966
1.92236
2.43062
5.21501
2.51988
3.30498
1.71839
4.85187
3.14526
5.62762
4.60628
2.39376
2.77807
2.59325
3.88645
2.61843
2.51799
2.69435
3.92776
2.9475
2.92835
3.1129
4.10618
3.60101
4.59072
2.77423
3.71552
4.68015
3.91278
2.00276
2.76465
2.9095
4.42563
3.51305
2.69626
3.99278
4.37313
3.62952
2.56603
4.13371
3.83736
3.66338
2.10014
3.74634
3.96054
4.28561
3.30281
2.72672
4.51531
3.0198
4.41453
4.88056
1.64155
4.13907
4.02562
1.6991
5.00946
3.78598
4.02853
2.64824
5.48484
3.54518
2.84619
2.98324
3.06414
2.98302
5.00289
5.8245
2.91306
3.32893
4.60766
2.82719
2.28402
3.00847
3.6994
2.25016
2.90414
3.64784
4.15671
2.07756
2.1168
2.45529
4.00434
1.56879
4.12637
3.54446
2.95198
4.71052
2.63685
1.80028
2.88033
3.51669
2.9918
5.798
1.74285
5.47061
3.11433
3.57115
3.98086
5.12529
3.11212
4.18432
4.55335
2.47653
5.85407
4.10186
4.56197
2.69518
2.64156
2.75382
4.20525
3.15335
4.28852
3.98538
3.42544
1.90137
3.49115
1.73649
4.61487
4.35053
4.30938
1.83334
2.62782
1.88888
3.89865
2.18353
2.59794
2.50509
5.32195
3.45202
3.18971
4.21833
3.33853
3.95495
1.91693
4.7093
5.00691
3.54383
2.53966
5.02065
3.75656
4.16241
2.30513
1.54236
4.27365
2.04397
3.9271
3.72047
3.61304
3.17688
3.70193
2.52526
3.88968
2.20132
3.03858
4.18739
3.71942
5.31029
3.4337
5.05844
4.27039
2.51321
4.5518
4.17475
3.8524
3.78061
1.57451
5.20134
2.41367
2.12325
3.86171
3.90498
4.13002
4.56982
4.72127
3.65353
2.46357
4.29168
4.21317
4.66113
2.63409
3.78406
3.41744
2.79645
3.88759
5.04766
1.97444
3.24391
3.26337
3.12527
3.45989
3.15551
3.75179
4.13272
5.2859
3.15348
2.80177
3.08393
3.82314
2.64155
4.57821
2.84496
3.81842
3.35556
3.68605
3.46196
1.43541
1.93136
4.26897
3.39319
2.37571
5.49112
3.95736
3.33545
3.04085
1.84637
2.08131
4.37042
3.57506
2.88902
3.381
2.56636
1.88238
3.58914
2.13815
1.95621
4.84076
4.74105
4.71873
4.47275
4.43937
2.69675
3.4583
3.9571
2.44473
3.79863
4.13809
4.26676
4.9547
5.07071
2.99092
3.79452
2.82858
3.45071
2.24301
2.86987
2.98546
3.44261
5.63844
4.04964
3.94156
2.54207
2.21019
3.21463
4.21174
2.63495
2.75242
4.17444
4.32873
3.79147
4.01552
3.64243
4.73785
1.97652
3.08667
4.47845
2.70383
4.16912
3.73498
5.50654
4.12027
3.23169
2.69201
3.50047
5.74102
3.09262
4.40437
4.58984
2.35692
4.90295
2.73709
3.37469
1.82008
1.80101
4.92229
3.44672
3.57184
1.26622
4.23957
5.30055
3.45935
4.76609
3.48062
1.77823
4.12992
1.99807
3.69208
2.22577
3.67073
4.00046
2.00709
4.4503
2.91588
3.25446
3.56738
3.35188
3.97124
4.62176
3.10409
4.26394
1.5119
3.56022
4.18698
5.07158
1.78541
5.03225
3.46818
4.08712
2.00842
2.86871
3.4377
5.44743
4.97292
2.57338
2.77482
5.45764
2.68222
3.15103
3.32048
4.34118
3.71587
3.01449
4.51238
3.26616
1.77643
1.37409
4.81588
3.80303
5.00005
2.23514
2.75015
3.62912
2.11667
3.22709
2.55055
3.33033
2.42454
3.46048
3.82443
4.56061
1.79774
3.45553
3.24916
2.10508
4.07411
3.40884
1.92736
1.55269
3.67526
3.66234
4.45606
2.81945
3.6887
3.21122
2.58251
5.1736
3.89664
3.43543
5.0111
4.19895
2.8644
2.46171
2.99203
2.79312
4.70564
5.66098
3.764
1.83233
2.02029
2.25852
3.23933
4.0445
4.2551
4.38195
3.01159
4.41791
2.86558
3.09481
4.83197
4.63236
3.66204
3.56109
3.14233
5.03539
2.6013
3.45875
3.06893
3.09588
1.53958
5.1079
4.97251
4.55277
5.09101
2.50215
2.21677
2.63673
3.74002
4.52885
3.75844
1.77763
1.73488
5.13719
2.479
2.62106
3.5435
5.06028
3.86905
4.96211
4.78152
2.92032
5.24301
4.36487
5.02663
3.64335
3.10326
4.27115
5.81195
1.58305
3.08896
3.31233
4.84531
4.6004
3.13655
4.8231
2.12997
3.56879
3.54506
2.21619
2.66638
4.37208
5.08097
2.41233
1.29354
3.93511
3.07351
4.92979
2.9822
3.17468
4.14311
4.02301
1.52129
5.48091
2.77154
2.92005
3.54273
4.437
4.86434
2.74361
3.20871
3.95788
4.77193
4.11075
5.63943
2.87607
3.42769
1.69131
4.28829
1.7254
3.32736
3.6655
1.47525
4.57127
3.51574
4.05591
4.66809
3.20857
4.56295
3.81983
1.3553
2.39603
4.70394
3.87239
4.98298
3.01855
3.88142
2.37167
3.43235
2.6666
2.37368
4.63169
2.39307
5.09454
2.50522
4.43968
3.74171
3.86722
3.12956
2.83893
3.66356
3.72704
2.13995
2.09879
4.25972
3.31116
2.20509
3.62858
3.26056
2.3214
4.24351
4.00227
4.22037
5.09676
4.34139
3.04585
1.69704
3.26137
5.3854
2.0998
4.92431
2.71823
2.12312
4.10371
1.86347
2.23179
2.68038
5.06083
3.27466
4.69013
3.25603
3.72495
3.57747
2.85992
3.28106
3.01264
1.77402
4.04538
3.27062
5.1786
1.58674
5.03474
1.91362
3.20247
2.71704
2.5657
2.63612
5.62013
2.25983
2.76362
2.94121
3.69312
1.8129
3.10432
2.26928
5.84473
4.19898
2.42567
3.43922
4.70134
3.97215
3.35989
1.42229
1.86321
3.00946
2.28125
3.76696
2.18845
1.49212
1.96136
4.43428
2.90966
2.95981
4.09697
2.12
3.31247
4.87554
2.72292
2.83065
5.49047
3.26725
2.74542
4.54767
3.35132
4.01644
2.92851
1.75471
3.08388
4.24279
4.63931
4.4199
3.7062
4.98797
1.50525
2.21598
3.59969
3.5303
3.35906
2.82803
3.09475
5.16634
2.94516
3.13948
4.20819
2.67393
3.33347
1.40378
1.54327
1.92537
2.83456
2.20048
3.14795
1.74833
2.43266
4.04076
4.28739
2.63586
5.85048
4.42896
3.12174
2.2859
1.83283
4.00302
2.69052
3.70444
4.58347
5.06824
3.38992
3.73565
4.01205
2.9049
4.28958
3.88592
2.5463
3.17217
2.67072
3.68781
2.23653
3.04658
4.07721
4.60384
2.22772
4.92519
4.95685
4.59879
4.89683
4.58975
4.12998
5.01336
4.05079
5.66965
2.85764
2.25066
3.05316
4.05775
3.69194
4.54102
4.59516
2.12483
3.07624
1.17971
2.04944
3.14448
4.32282
3.13562
4.94261
3.78193
3.63123
2.30834
3.05518
4.31659
4.72029
4.46469
5.00524
4.95949
2.43197
5.51468
2.89484
4.69325
2.32577
2.29093
4.69576
4.0036
4.31703
4.87436
5.52387
4.68786
3.82293
5.26288
2.79914
3.61723
3.66522
4.30877
3.51082
2.8961
4.1385
2.85431
4.40507
3.80308
4.68848
3.87414
2.88499
3.71471
3.55454
2.68667
2.76059
3.90438
4.01596
4.42594
4.70891
1.67534
2.54177
1.96898
3.90226
2.72792
2.67881
3.39288
4.23501
3.97787
1.42316
3.2895
4.92724
5.73371
4.60498
1.89482
3.50597
2.70761
4.4772
4.99359
1.76267
3.27578
3.73336
3.43919
3.25798
3.2206
3.09033
3.88215
2.2927
3.8782
1.85671
4.43002
4.98636
2.68162
2.56769
2.96493
3.20259
4.03106
4.3027
1.7242
4.033
5.23912
2.2118
4.50327
3.89919
3.49045
3.0625
4.96915
4.55475
5.32143
3.27838
3.57636
3.36723
5.06708
4.47624
1.45641
2.2324
3.03879
4.41877
4.90567
3.3208
2.88772
3.58466
3.72544
3.07952
3.17537
1.7183
3.1718
3.50932
3.11396
4.75655
2.65207
4.21042
4.25584
5.43994
4.55808
5.03744
3.60259
3.20102
1.25593
4.92687
1.67067
3.08267
2.25541
5.05828
3.99206
4.47428
4.46126
3.98263
3.84477
3.36399
3.66262
3.69928
5.19926
1.59016
5.04541
1.38548
5.43359
3.23573
2.0168
4.08011
4.81112
1.8437
3.50955
3.09589
4.03131
2.54285
2.6879
3.782
2.3554
2.95732
2.10582
4.48181
1.87525
3.43429
1.87201
3.62784
3.43492
3.15885
3.25532
3.38899
4.03109
4.1355
2.91773
4.6325
4.20976
2.30081
5.09142
3.68604
2.04309
4.19185
3.01994
3.9826
2.71169
3.63034
4.36265
2.64388
4.53388
3.2924
5.51541
3.40532
3.47528
3.31914
4.42953
3.00863
3.73794
3.28335
3.01455
3.28535
4.47003
4.86278
3.58989
5.62757
1.95345
2.98058
4.10374
3.38966
2.81789
2.95877
3.96684
3.48748
1.89665
5.39059
3.8526
3.55921
3.28056
3.9728
3.69386
3.0246
4.94311
4.44933
3.36056
2.72707
3.50093
2.60245
2.63146
3.56579
3.74048
3.3882
3.57707
4.62243
4.98308
4.34776
1.8496
3.26014
3.1768
4.33656
3.62996
3.51966
3.79515
3.39817
4.61049
2.36043
3.68901
3.7703
3.89615
3.39199
4.97947
3.04498
4.08583
2.21379
3.39586
3.41567
1.54916
3.82905
2.15441
3.22883
3.04326
3.32104
5.53969
3.71777
1.31789
3.57778
3.79214
2.33169
3.23599
3.32391
5.22141
1.9832
4.19088
2.56589
2.65693
2.82241
4.73024
3.2797
1.91306
4.8061
4.30051
3.26748
4.88811
2.86559
5.40489
3.08261
4.23236
4.387
4.22151
2.26999
2.71223
3.50284
3.35745
4.39123
3.46355
3.35393
3.91821
2.90199
2.26875
3.51598
2.45107
4.42142
4.809
2.69504
3.57475
2.28112
5.53363
4.08149
1.23664
1.46414
2.85589
4.91219
3.04278
3.64156
2.82516
2.82558
5.48467
2.98746
2.74232
4.50487
3.14097
2.30041
2.37646
4.38929
4.56099
4.68218
3.50726
2.89383
1.54067
3.62243
3.45905
4.61294
1.88099
3.81039
2.60881
2.39371
3.47217
3.84235
4.54177
2.94941
4.67647
2.71649
5.59489
3.84423
4.98582
4.60426
2.96945
2.71546
3.30969
3.35983
2.41102
2.50911
4.00254
4.57746
5.14582
3.79065
5.36887
3.72849
4.32941
1.85222
4.38798
1.50802
3.70484
2.37309
4.77957
4.49354
2.98368
2.30031
3.2847
5.56559
5.65504
2.40144
3.66635
4.26321
2.99381
4.60168
1.93682
2.34464
2.98103
3.25261
4.69898
4.29614
2.16543
2.39016
2.74149
3.87977
2.18675
3.32439
1.65772
3.53342
3.24799
3.56383
2.76149
3.53415
1.76467
4.11253
3.45191
4.80846
3.7362
2.58772
1.43346
5.62078
1.57542
4.39154
4.32632
3.09429
2.69893
3.3301
5.20595
3.11561
5.62226
4.10865
5.48963
4.14758
3.62024
4.54144
1.84192
4.32228
2.20456
2.60026
3.39943
4.40871
4.73655
2.58567
4.6198
4.34748
2.93495
3.24025
2.43801
3.01741
3.35472
3.53298
4.16768
4.74659
4.60428
1.62965
4.71347
1.80318
5.63509
4.22357
3.16488
4.69878
2.87887
1.93681
4.72042
4.10996
3.32402
1.91168
1.64536
4.5711
4.31445
3.49771
4.09468
3.31443
3.92025
2.09944
3.13733
5.23078
3.17107
2.28551
4.19632
1.89721
3.25954
4.16961
4.37335
3.96528
2.01346
4.35904
4.2555
4.42654
4.5018
1.92695
3.80543
2.86932
2.58113
3.39922
5.31539
5.31358
2.50528
3.65727
1.65939
3.05835
3.41266
4.44319
2.70658
2.19882
2.57198
3.81379
4.26294
3.0678
3.20842
3.42518
4.78737
3.32907
2.54891
3.43994
5.38178
4.79754
3.91636
4.63368
3.18433
4.78416
2.26935
3.93829
4.79816
2.86077
5.02489
3.19429
4.76745
3.413
4.31857
3.7946
4.36621
3.19699
3.04753
4.68753
3.09424
1.33815
2.60843
2.86672
1.77852
4.30811
5.18357
1.51104
4.55734
2.88841
2.7452
3.8475
2.27821
4.47731
3.63906
3.09556
1.96968
2.31874
5.67487
5.51115
3.55093
3.32991
2.09267
4.58404
3.32195
3.17698
3.59057
4.8524
4.03123
3.59569
3.29064
1.08322
3.44641
2.67655
4.58623
2.72793
4.85757
3.93192
4.25529
4.59718
3.82167
1.93474
5.04093
2.60932
3.21037
3.66668
5.59137
3.25206
3.25268
5.43579
3.71846
4.55692
2.26751
2.82161
3.87478
2.42145
4.66031
3.07824
1.56621
1.52408
3.01167
3.27363
3.60785
2.36183
3.21499
3.16584
3.69796
5.10113
3.12379
4.41493
5.22569
1.96732
3.54864
4.70148
5.04493
2.8083
3.19712
4.17067
3.13798
3.25324
3.77944
4.84343
3.65927
4.04721
5.5062
3.73363
2.7904
3.6778
1.58358
2.38335
3.1547
4.32011
3.06517
4.3754
3.2304
3.41129
2.5487
3.10541
3.26835
4.82639
1.7097
2.19322
4.16131
4.66213
1.04299
2.88581
2.52836
2.04552
2.93702
4.15212
3.96949
5.16925
3.83467
4.39225
4.51158
4.41615
2.73839
3.78153
2.70869
2.97003
4.19607
3.24257
4.17571
5.72032
1.65836
4.8858
1.52605
2.05328
4.22666
4.48203
3.25029
2.28249
3.81521
1.62801
5.01418
3.50663
3.12947
5.23852
3.67089
3.59265
2.61692
3.34652
5.47357
4.26763
4.17528
4.41517
5.54093
3.46278
3.40716
4.96346
3.06985
5.58804
3.0889
2.77968
3.6054
3.82624
3.27547
1.3447
3.37014
3.32054
3.09194
4.30971
1.22094
3.28929
3.26622
3.97058
3.74295
4.63747
4.33647
4.65384
3.3067
5.0442
5.72057
3.27683
2.60599
3.29067
2.96393
2.56726
2.26016
3.75333
4.48587
2.52501
3.00624
3.02208
2.52361
2.68181
5.82252
3.51349
3.2269
1.56189
2.01666
3.73425
2.9852
2.96954
3.37788
4.01002
4.57323
3.82708
2.43397
5.03033
2.57961
2.75929
2.17065
4.46996
2.8372
4.96837
3.26176
1.73275
2.70267
4.66559
2.42555
5.02364
3.0368
3.92409
2.96347
3.49008
1.11579
3.78934
5.35453
2.58409
1.45785
4.83191
1.96941
3.08132
3.67826
2.54954
5.53511
3.35367
2.9899
3.12336
3.42238
3.02721
2.34531
4.50554
1.64433
1.56727
5.47011
4.16361
3.64622
2.61768
2.16649
3.02909
2.03289
4.08143
3.76966
5.29574
1.3215
4.96498
2.51861
3.18569
4.1237
5.4188
1.35689
2.1489
4.35302
3.6918
5.30771
2.6845
4.11923
2.87732
2.07167
2.56986
3.41323
3.86384
2.87442
5.25622
3.50217
3.81341
4.84528
4.03708
3.64609
4.27606
3.33697
2.31835
3.8136
2.20871
4.10026
2.91697
3.5157
3.20209
3.60646
3.78717
3.69314
4.1295
3.56456
3.92145
4.7841
2.21617
5.3085
1.3958
4.66548
4.18846
3.73436
3.1264
5.10251
2.69695
3.84576
2.8778
2.15753
2.61792
3.21996
2.91014
2.20062
2.12259
3.33582
2.87553
3.23077
2.56406
1.70906
4.67163
3.65801
2.26643
5.15854
3.93285
2.51299
2.21147
4.78195
2.68744
1.2423
3.9027
2.84751
3.43131
2.81386
3.84737
3.31273
2.46705
3.79832
2.63167
3.55979
4.8294
1.90881
4.47493
2.69124
4.46588
5.17265
2.93346
3.85851
1.56415
4.47533
5.08503
4.59979
4.01525
3.65795
2.56006
2.54244
1.97438
3.16641
3.1958
4.07931
3.32886
4.44144
4.37482
3.25717
3.60516
5.30522
3.26945
4.61911
3.945
1.54193
2.74885
2.12213
5.25267
4.1855
4.61557
4.00468
2.96393
3.21972
1.62366
3.10783
2.60894
3.96206
3.89045
3.65802
3.93985
2.34377
1.34945
3.89771
3.36585
2.11577
1.80171
4.20466
3.28669
3.20054
3.90842
4.96906
5.13766
3.47734
3.62755
5.00196
3.05733
3.72885
3.63239
2.1272
2.0616
4.79432
5.66022
2.86288
3.45533
2.16516
3.02432
5.22752
3.43573
3.82575
2.1828
2.70976
3.43882
4.58355
3.2928
3.31952
2.75363
4.44866
2.58886
2.89234
2.77575
4.81499
4.20921
3.94747
2.99509
4.26102
3.25433
2.9045
3.90995
3.22997
2.89663
1.84179
4.03237
3.66531
3.77093
3.73409
4.49736
3.36915
3.66008
2.23584
3.01121
2.91728
2.1505
3.58008
1.47176
5.40626
3.4674
1.54221
3.56618
3.62407
3.60975
4.17162
2.49948
2.92759
2.6901
5.62302
4.72956
3.67621
2.54461
5.42329
3.18236
4.51261
3.21364
3.38866
2.89322
2.09789
2.30372
3.66078
3.36837
4.09989
3.52642
3.45918
2.68286
2.79968
4.87032
3.65166
3.4293
4.12285
2.89695
4.12286
2.60396
3.71839
2.56202
2.17534
3.86486
2.89966
1.74848
1.82626
3.81886
2.82808
3.85768
3.36679
4.09253
5.26165
2.84061
3.43015
2.91428
2.50697
5.46095
3.56825
3.78265
2.90461
5.36701
2.46562
4.51875
3.74426
5.2097
3.42341
5.09798
3.44739
4.07893
4.62494
2.12923
4.17157
2.94083
2.44842
1.69721
4.68215
5.54361
2.72124
3.00628
3.9031
3.91969
1.31401
2.86176
3.00061
3.64714
1.35174
2.99738
3.16906
4.44364
4.57323
3.60527
4.98072
3.95103
3.99859
2.14739
3.22669
4.22907
1.56909
4.12505
3.61812
4.01194
5.30187
1.95587
2.03321
2.69117
5.75653
1.95503
3.18669
1.77395
3.73912
5.14051
3.66515
3.72595
2.67307
2.67949
4.21272
1.64265
4.94569
3.76595
2.96835
3.60384
4.29245
5.0669
5.04689
2.85054
3.41038
4.09755
4.42308
4.08421
2.49582
1.48334
4.01856
4.72303
2.78062
4.03929
4.20861
5.36021
1.89464
1.94489
3.65675
3.4545
2.51174
4.0154
4.45161
3.44331
2.23979
5.16816
3.46207
5.00368
3.59459
4.65483
3.6428
1.59696
3.15127
2.47867
2.71412
3.71783
3.59579
4.63816
4.70611
2.92862
3.90278
5.43613
4.79861
3.79506
3.74529
4.56624
4.70491
3.74967
3.49562
3.0362
4.53866
5.69415
3.30527
2.70989
2.66948
2.31248
3.75632
4.34805
5.01464
4.60122
3.95496
3.5001
2.03024
5.0341
3.19225
4.94702
2.85687
3.06273
4.42573
2.1181
4.1411
4.81581
1.83971
3.00192
3.49562
4.89403
3.12076
3.54462
1.87716
3.56814
4.83885
3.37613
2.85276
4.97302
3.95373
1.92778
4.79141
3.55039
2.46967
3.10213
4.45944
4.52811
3.14088
3.62898
4.81448
2.13441
4.38372
1.58855
3.48413
4.02997
4.68076
4.80608
3.98209
2.1017
3.26558
3.91934
4.15553
5.79642
2.25619
4.39338
3.17443
4.58342
3.1588
3.10441
2.06448
5.91981
2.79264
3.33763
3.35186
4.25251
2.69038
2.14091
5.32958
2.62634
4.40754
3.44961
3.27134
3.87744
3.42842
4.24482
3.61053
3.17655
3.98473
4.23046
5.16796
2.84692
3.60712
4.61199
3.95389
3.91654
4.60869
3.53233
2.38587
4.27489
4.95362
4.56817
2.45541
3.08912
5.59259
5.41257
2.94316
2.79521
5.35105
3.96726
3.22336
3.51438
2.83486
3.54093
5.51485
5.15547
2.57209
2.69725
3.62741
4.74905
4.73838
3.5191
1.81851
3.21917
4.31745
4.65323
4.81705
4.33391
3.9269
2.47201
4.38685
3.98582
2.29375
5.03681
3.99441
2.73884
4.99284
1.77016
3.71161
3.73813
3.06497
1.84126
2.42541
4.11459
3.51108
3.74252
3.74324
3.42586
3.41201
2.38192
3.17392
2.46096
4.05289
5.73922
2.23057
2.39558
2.93468
5.73109
5.04316
2.82054
4.93454
4.9035
2.38501
2.57574
1.63051
4.41683
4.20872
4.60744
4.9349
4.51222
2.35357
5.22647
2.6847
3.74508
5.02771
4.18049
2.21634
2.74443
3.98509
4.8634
3.20566
2.10446
4.00816
3.77009
3.1835
4.73721
4.87406
2.46503
3.14048
3.11306
3.42331
1.3683
4.01408
3.78828
5.16639
2.57278
5.10468
5.46665
3.55504
3.69136
5.09614
2.56469
3.11156
3.89335
5.36067
1.34777
5.05074
4.32415
3.60629
2.67705
3.34542
3.01263
3.67929
4.25484
5.37819
4.15584
1.96312
3.47851
4.38812
3.33049
2.31868
2.11096
3.36265
3.71629
2.39026
3.44809
4.34152
3.82599
4.35509
4.01152
3.2906
4.52233
2.82339
2.51747
3.77036
2.26221
4.09977
3.97013
5.06456
4.04351
4.39567
3.70091
2.25176
4.94021
4.83648
5.02224
4.39321
3.89659
3.23588
4.88744
2.57718
2.6114
4.11387
2.0458
4.50142
5.87814
4.31371
4.15474
4.09146
2.15771
4.32724
4.15829
3.3443
2.9447
2.56651
4.46424
4.15308
3.64906
3.82394
2.54956
5.30988
2.24975
1.54192
3.59658
4.20027
4.88725
3.76678
2.10991
1.39458
2.34702
2.29078
5.18702
1.90708
5.54596
3.48999
2.71259
1.83608
4.1694
2.74458
1.71999
3.41397
3.01592
4.58189
3.51029
2.68777
2.89282
2.81201
2.84234
4.61728
4.56489
3.92876
3.6049
2.81919
2.7946
2.92877
2.35445
5.50182
2.92167
3.45429
2.44999
5.32696
2.21548
3.79522
2.23885
4.00111
2.39354
1.78894
3.34519
2.34042
3.23483
5.03606
2.08537
3.36957
2.62655
3.10363
3.38217
4.70647
3.16836
3.0166
4.77259
2.05106
2.11801
3.34208
3.20127
5.53784
2.4977
3.04981
4.26465
5.02809
3.59051
4.08625
4.91834
1.60939
3.84129
3.72865
3.88294
3.13618
3.33695
4.28913
4.08118
4.08662
4.07579
3.61805
3.41201
4.32762
1.64585
2.60948
1.51476
5.07078
4.21765
3.04086
3.39915
5.86912
3.91635
3.08256
3.41489
3.94511
4.17397
3.69211
5.00681
3.95765
4.57231
4.36162
5.54945
2.5064
1.97213
3.81613
3.77755
4.73884
3.38485
2.76414
4.92666
2.86636
4.57756
1.68071
3.17055
3.21242
3.81273
4.3575
4.78987
2.10713
4.90905
2.58274
3.72934
4.00891
5.46985
3.8183
3.79798
2.67536
4.6609
2.11981
3.73998
3.02206
5.32943
2.7997
5.25119
2.49905
2.54136
3.46195
4.73904
3.88143
4.77405
3.04123
4.72116
3.8119
5.0367
3.85804
5.23088
3.24933
4.6011
4.45538
4.44518
4.66905
4.31026
3.11124
3.47351
3.92667
2.59279
3.42542
2.84355
4.63904
2.84593
4.25772
2.69241
4.752
3.26041
4.04872
5.01973
3.65611
4.44538
4.18319
2.0817
3.77815
4.37188
5.06002
2.6024
3.0172
3.68838
1.91154
1.95209
3.71084
2.3722
2.66902
3.78905
2.50825
3.46568
2.29994
3.88487
3.59356
3.80612
2.04666
4.45028
2.64388
2.69379
5.37488
4.25144
3.22328
4.85231
2.6944
3.65436
3.50506
1.32093
4.04334
1.95761
1.78114
3.57849
2.93102
4.47121
4.15901
2.23371
2.91371
3.77223
2.16265
4.52699
3.73113
3.41538
4.1458
2.17377
3.46063
3.09933
2.49175
2.73983
4.64995
1.88733
3.51591
3.77384
3.26818
3.05332
3.80304
4.33303
4.56859
2.97231
2.90325
3.3225
4.58588
2.19648
2.8766
3.22927
4.99426
1.95631
5.11792
1.36713
4.93174
3.79821
4.20981
3.65842
3.64984
3.91847
4.74311
3.26436
2.47689
4.47535
2.6105
3.03525
3.58707
4.25922
2.22058
4.28741
3.94598
3.07308
5.39574
2.3237
3.05784
3.02362
3.90898
3.89961
5.26789
3.1455
3.18086
3.49712
3.87787
1.37921
4.5995
1.3037
2.71103
2.39561
3.24277
3.70386
3.51726
3.60782
3.97311
1.87602
4.73769
2.43379
1.94223
3.24745
3.65215
2.97064
3.48385
1.59514
4.81164
2.21431
2.68934
4.49097
5.41198
4.80598
2.65258
4.0742
2.89362
3.50914
3.4365
1.29484
1.55667
5.21901
3.75541
2.30649
3.35883
4.27854
2.68348
3.59736
3.31811
3.72301
1.39131
4.73339
2.07097
3.29775
5.4787
4.24753
4.64034
3.19133
3.41331
2.74434
5.34718
4.3991
3.40133
2.69942
4.05275
2.97958
2.20751
4.21797
3.54812
3.68907
2.50843
2.67745
4.41077
3.57728
2.80441
5.21389
4.52778
3.09949
5.73151
3.42206
3.23829
3.64853
4.3069
4.42454
2.17725
3.63238
3.70699
4.12502
3.90637
2.82089
3.61923
4.99634
5.2968
1.65779
3.02487
3.66381
2.88238
3.58192
2.96145
3.32967
4.53077
4.12394
3.37998
5.24453
3.28416
3.14287
2.65355
4.46697
2.59959
3.53915
5.11012
5.56249
2.47348
3.62864
3.15382
3.67827
3.06323
3.58481
3.60568
5.59016
3.92314
3.95363
5.33567
3.85378
2.85056
3.71888
2.07485
2.60154
3.59214
4.24271
2.9874
3.31253
1.28897
3.62926
4.14898
3.04259
3.54331
3.65678
4.01921
3.63681
3.36855
3.39626
5.31236
3.35695
3.03774
2.48218
1.86191
4.64153
4.97535
5.22388
2.14091
3.3763
4.84033
1.84344
3.5416
3.58802
5.32791
2.59885
3.334
1.88488
1.97101
4.39866
3.41477
3.25152
1.85162
5.23721
4.02389
3.9674
5.13577
4.37699
4.04819
3.45187
2.72516
3.17749
4.84717
2.24981
3.57209
2.81745
3.22794
5.6567
2.33341
3.38007
4.76249
4.1422
2.043
3.8686
3.58196
2.76645
2.36129
4.69197
4.09898
4.69339
1.71422
3.00834
1.30049
3.69075
1.26282
4.53651
4.31988
4.66632
5.14873
3.04329
5.43884
4.82531
4.83972
3.18723
3.48547
3.44389
3.15311
3.74702
4.28674
3.03894
3.16417
3.98533
3.89994
3.87443
1.21014
3.49665
2.78875
4.77985
1.57978
2.86022
3.42649
3.66625
3.23186
3.76706
2.50007
3.4108
3.51538
3.01229
4.45491
2.94066
2.86765
4.84217
3.06213
4.38235
2.84594
3.11746
2.00623
5.0528
2.60156
3.60261
1.6823
2.85356
3.53492
4.91289
2.45868
2.78963
3.37332
4.24921
4.60218
3.36969
1.79259
3.52307
1.87933
4.55457
2.45748
2.82165
4.53873
3.70605
3.48447
3.88584
5.44582
2.64803
4.83486
3.87161
3.08273
4.98758
2.02449
4.1376
1.94261
3.25326
3.29092
2.6499
4.53882
2.69336
4.48711
4.31711
2.31603
5.23694
2.47526
3.66685
2.69168
3.15554
3.67278
3.74734
3.77251
2.37378
2.15665
3.98535
4.48246
5.16204
3.8612
2.95458
3.40445
3.60466
4.90809
4.60596
2.08013
3.77237
5.48666
3.48435
2.82803
3.43748
3.45602
3.30341
2.33187
5.95596
1.46988
3.97337
5.31736
4.60028
2.92839
4.77392
5.07706
5.16237
5.44073
3.33706
1.91937
2.55594
3.23562
3.95266
4.30914
4.43279
2.08618
4.43179
3.03372
3.98776
4.31915
3.36077
3.66973
5.16212
2.35787
1.55152
4.44223
1.36545
4.50165
2.8413
2.75941
3.62113
3.77373
5.11786
1.77216
3.20074
4.67351
2.54337
3.24958
2.3479
3.54783
4.42328
2.37763
2.10208
3.54985
5.01413
3.77963
3.51818
2.28316
4.28653
3.62372
2.73787
1.73247
2.25764
5.12392
1.40371
3.46136
3.97988
1.55745
1.81736
4.8111
3.62024
2.11296
3.52817
3.96406
1.78745
3.95014
2.19888
3.23834
2.86164
3.79305
2.62996
3.36003
3.55396
4.19552
3.23459
4.21263
2.77126
3.30884
4.04127
4.6926
3.58344
5.04781
4.46118
3.3037
3.18905
3.99318
3.09275
4.50168
3.74702
3.68442
2.24586
3.55481
3.29026
3.14862
2.15324
4.81478
1.65952
2.07733
3.99712
2.29611
3.99347
2.50489
1.91381
4.84142
3.78379
4.15783
4.54952
3.40366
3.85131
4.33685
1.52564
2.60527
1.82261
3.75871
1.8319
5.23831
1.78322
2.22719
4.70099
4.24837
3.25719
2.31853
3.92846
4.49891
5.00959
2.95821
3.88669
3.74192
1.89182
2.83217
2.14204
3.72418
5.54678
3.51728
2.11949
3.23788
1.764
1.53206
4.66892
5.17769
3.62218
2.20001
2.17275
1.79584
2.77941
3.78459
2.99458
3.8502
1.36893
2.79588
2.60362
2.71951
3.93109
5.68591
3.11988
4.81387
5.15948
3.34037
5.31041
2.23719
4.96231
5.34158
3.72677
2.66262
2.43745
3.41822
1.7092
4.76059
4.83228
2.81446
3.39321
3.27304
1.4072
4.00201
2.13926
4.95648
2.84434
5.22517
3.96649
3.12025
4.44041
3.81059
5.60664
4.36534
3.29581
3.48947
4.70434
3.88306
3.55906
3.67162
4.4752
2.80161
4.50899
2.1771
4.29327
5.0728
1.35422
2.87262
3.71458
4.76972
3.10254
1.47618
5.35354
2.42026
3.20002
3.98496
4.31442
3.63044
1.86287
5.24781
3.53992
2.25496
4.12214
5.1451
2.97419
3.75182
4.5746
4.15508
3.34794
2.11133
3.68021
3.77747
5.17805
3.37907
3.66975
2.85096
5.23475
2.79599
4.72353
3.24342
1.2641
3.45793
4.05483
5.20931
1.16406
2.15069
4.37944
1.40055
5.09735
2.64566
1.47528
1.58362
3.18453
3.24503
3.1337
2.55675
2.45591
3.74423
3.77673
4.5776
2.15102
2.23364
2.86235
4.3035
3.73957
4.28996
3.42224
4.81214
3.69795
3.61195
4.67433
3.21266
3.11039
4.03405
4.62512
3.17299
3.57435
5.60504
2.42423
3.38106
3.67444
2.04836
3.45652
3.52353
4.44975
3.42393
5.25462
4.30754
3.31426
3.69081
4.28735
2.36699
3.80046
3.12365
5.02734
4.58651
3.28126
5.16472
3.42366
4.44254
4.98551
3.79753
2.00295
2.90256
4.15759
3.40659
3.29519
3.23953
3.6217
3.34204
4.62801
2.81052
3.79666
4.03663
3.05604
2.91438
3.86704
3.02652
1.78925
2.78523
4.35188
5.10629
3.95731
3.09442
4.22206
3.60226
3.39427
3.02552
3.0029
4.37747
2.85066
3.05301
2.45834
5.68525
5.13795
2.99667
3.48868
2.86742
2.18244
1.74048
4.2835
4.64697
3.31409
3.69577
5.5569
2.39401
4.83763
2.65506
5.35229
2.74765
3.03156
3.62441
1.93893
4.85554
2.19305
5.03832
3.73288
3.7463
3.19434
2.45296
2.45985
3.4796
3.73915
2.87945
4.93789
2.72191
4.10492
3.8609
4.89284
3.77529
4.12976
3.21271
4.12955
1.34029
3.55028
4.03755
4.66737
1.92311
3.51926
5.19254
5.10815
3.80073
2.23
4.82759
3.04044
3.3371
2.04636
3.93055
3.19354
1.19702
4.38571
5.50568
3.34044
4.13335
4.32413
3.07894
4.10859
4.52719
4.49138
2.16466
2.39277
3.23945
4.79537
5.14454
3.47441
1.58623
3.36376
3.70164
4.23685
2.8792
4.81296
3.518
4.02638
2.97631
2.05235
3.38634
3.24365
2.66684
4.80433
5.20241
2.66064
2.46875
1.8683
2.4961
3.7433
2.54538
4.87959
3.22581
4.42011
4.45219
3.9116
2.50192
3.27208
4.80328
4.74264
2.72181
3.02976
3.70137
3.95594
4.78988
4.04813
2.90378
3.76462
4.66293
2.59017
2.70075
3.55058
1.90233
4.78533
2.36151
2.07909
3.7308
5.03903
4.25748
3.19869
4.2833
2.45468
3.90045
3.5583
4.30772
2.98975
4.63812
3.47144
4.01234
3.60256
4.12781
4.02995
3.57398
5.05674
2.46325
4.91725
2.01132
2.33527
3.95821
3.09386
3.19522
3.2765
3.5947
5.12564
2.70846
2.07916
5.02237
2.89774
3.58425
4.73419
4.74945
3.80491
5.14408
3.22582
4.2949
4.73167
4.72177
4.50477
3.57478
4.23318
4.50233
3.77161
2.17538
4.30056
5.02021
4.51827
2.91895
4.44205
3.05329
5.06103
4.25725
4.03386
4.71521
2.9585
4.53181
3.99237
1.98992
4.74307
4.51872
3.29213
5.26909
3.8046
2.42974
4.70133
3.14408
4.05028
2.67033
4.82962
3.77062
3.62474
3.65927
3.68039
2.06615
4.00952
3.39322
3.37239
3.81548
5.23142
1.6937
4.54342
3.95252
2.69411
2.70272
4.6712
4.35185
2.80776
2.69723
5.14429
3.90532
3.12656
4.17158
3.38874
2.97549
3.11401
2.39087
5.20346
3.00886
3.9413
2.74717
3.18038
2.65853
4.88386
3.75447
2.18277
4.20703
4.91683
1.39699
4.82792
3.39667
3.51976
3.29945
3.76803
4.4662
1.9866
3.31704
3.28573
2.75877
3.1967
3.64626
2.81848
4.70778
3.83805
4.93721
4.49852
1.82354
3.48386
5.14137
3.14283
1.49501
2.20911
4.95824
5.35035
5.48749
2.59335
4.24774
4.46099
1.95823
2.99168
4.65445
2.60404
3.62865
4.36566
3.94349
2.41097
3.44308
5.25124
2.17685
4.19038
4.61034
3.60091
3.86293
1.96039
1.86599
5.27223
3.59075
3.70671
2.6094
4.34557
2.91443
2.58183
2.76123
2.73833
3.38239
3.98397
2.75329
3.24376
4.60942
3.55151
1.50414
3.65717
4.66902
3.08182
5.55037
2.56267
2.83703
2.73063
4.19458
4.63883
4.34662
3.57104
4.5978
5.00147
3.31858
2.18873
3.18532
3.13743
3.40977
3.46272
4.05136
2.39291
5.97643
4.02853
3.73945
3.26524
2.67808
4.64352
2.34165
2.9073
3.45149
4.77147
3.30141
4.28866
4.16336
2.17644
3.62098
3.86789
3.50379
1.66348
2.36589
3.91551
3.31218
2.82636
3.42536
4.78732
5.53046
4.26027
3.42894
3.48291
2.35793
3.66994
2.53594
2.73434
1.43558
4.65154
4.50586
4.65519
5.01695
4.14901
5.52428
4.64022
3.58615
2.18349
3.7
4.74115
2.76298
2.42698
2.96589
3.65422
5.0886
3.53897
3.80702
5.24015
2.91439
4.40764
3.80626
1.65762
2.62034
4.03469
3.43888
3.22625
3.7685
3.77561
1.86396
2.54536
4.55049
3.49485
3.65209
5.17992
4.51745
3.91796
2.95499
3.38514
2.08437
5.06054
4.06428
2.87663
2.67983
2.58629
1.62288
5.56282
3.666
2.79436
2.44394
3.44168
1.78268
2.65864
1.4589
5.52402
5.37309
3.93946
1.75715
3.18064
2.02801
2.36065
2.99669
2.22084
2.53877
1.69268
3.65622
4.79488
4.17841
3.30533
3.16576
3.37338
5.33455
4.35079
4.89416
2.59139
4.3959
4.71082
2.78819
2.65537
3.54881
4.18953
3.14966
2.79644
2.76867
4.65543
3.60289
4.91311
3.29526
1.93464
3.7468
3.58231
3.25981
4.22949
3.80188
4.02735
3.38561
2.68431
3.75395
4.41661
5.31264
2.94329
3.56289
3.02734
4.10106
4.1424
2.44612
1.84337
4.84682
3.75046
4.56263
3.56644
1.09677
5.52188
2.11531
1.30549
4.87977
3.54624
2.45519
1.86866
4.6737
2.97775
3.21304
4.61779
3.50768
2.49995
1.2999
5.75555
4.6524
4.92895
2.80963
2.70007
4.48052
3.08109
3.92303
4.86279
3.58289
3.12845
2.85437
3.17954
3.1054
2.13841
4.69765
3.65584
3.52506
2.84113
2.22125
4.97201
2.71273
4.39132
3.72618
4.35403
4.13414
2.98861
4.02435
4.4513
4.41941
3.19306
3.90981
4.37249
2.28532
2.12055
2.18739
5.31598
2.9236
1.92491
2.38929
2.89125
3.47216
3.5717
1.25191
1.76319
3.56533
4.38098
2.84144
3.66096
2.71299
3.16417
3.40817
2.07861
3.3873
2.50275
2.61576
3.65451
5.1998
5.31415
4.23351
4.75205
1.43042
4.82289
3.69546
2.17399
4.42391
3.40266
3.62224
4.22815
3.4982
3.97771
3.96737
5.02234
3.0128
2.76951
3.39161
3.40134
1.62464
4.14749
2.78504
3.34912
4.01249
2.18994
3.04814
2.46466
3.47976
4.2843
2.30944
4.27963
5.34995
2.19333
2.69877
3.72167
4.44732
2.98644
3.6116
2.93694
2.70969
1.0833
4.59113
4.47086
5.10899
3.37903
4.02163
2.9661
3.55909
4.51861
4.76735
2.572
4.36942
3.86005
4.70841
5.16988
2.55679
2.01421
3.81577
4.30366
3.45656
3.07128
2.47442
3.86551
3.57853
3.72189
5.7049
1.62144
3.53153
2.45344
2.24992
3.07169
1.09472
3.34974
3.68407
3.42619
4.64257
4.7449
4.27115
2.13534
3.63428
3.07998
2.23507
2.9516
3.75734
4.28346
2.42655
2.90745
2.06898
1.3445
4.05925
3.38058
4.60789
2.47038
5.25571
3.07725
2.95274
4.31728
3.58428
1.29972
2.08286
4.25619
3.58523
2.77435
2.15024
1.9834
3.4752
5.10132
1.40112
4.00764
3.78588
4.048
3.98917
4.64373
3.13388
2.94227
4.80123
1.61503
3.13554
5.33295
3.67057
3.21484
5.67146
4.86921
3.48126
2.19949
3.77222
5.5112
5.67163
1.68343
2.33803
3.71928
2.52312
2.77945
4.22147
4.67917
3.37523
2.57468
3.39393
4.40596
1.53592
1.75569
4.9827
3.72948
5.1607
3.79386
1.90715
3.69922
3.75276
4.5744
2.15873
2.35683
2.19015
2.70069
4.46109
5.10946
3.81516
3.9276
3.11284
5.09739
3.12469
3.27566
2.75705
3.48459
4.47967
2.85025
3.13785
5.01088
3.50501
2.23779
2.59597
3.9296
2.481
4.07352
4.62154
4.61496
5.03057
4.97318
4.22361
2.15805
3.78593
3.99345
2.69273
3.68118
2.47194
2.13374
3.02367
3.38477
3.47255
2.11458
3.83253
3.50179
3.45047
2.76547
4.54317
1.86923
2.96909
4.32774
1.43494
2.23699
3.81985
2.32561
5.3345
5.71894
4.88671
3.38138
2.30142
3.45181
3.88381
3.9481
3.59846
4.06214
3.18074
2.40605
3.05357
2.45204
3.18439
3.81676
3.61275
3.6994
3.87456
2.35107
5.44843
2.52869
4.09511
4.00541
2.93021
2.34321
4.08069
4.19301
4.58075
3.2202
1.95353
3.64452
3.83117
3.05515
4.55333
4.27524
3.95663
2.70186
4.46736
4.27353
3.0144
4.48996
3.50675
3.638
3.92278
3.91182
3.12877
2.73845
3.51092
4.05581
4.43401
4.69829
2.43595
4.02308
4.37102
2.49393
2.80507
3.60029
3.16017
3.63898
2.15684
4.37069
3.20197
4.16925
3.64728
2.23129
4.36461
1.86656
5.35273
2.94379
4.54871
3.75766
4.04282
3.3824
2.80667
2.39681
3.09345
4.05159
5.0478
1.78829
2.90093
3.23197
1.98902
2.02792
2.72487
2.27292
3.01541
4.34019
5.32886
2.58535
2.99316
5.16024
2.60439
5.2985
4.33181
1.75774
4.05484
1.8296
3.72146
2.62217
3.08271
2.77546
4.47444
3.42685
3.4648
3.57018
3.77998
3.86156
2.71638
3.26343
4.43418
4.47136
2.73681
5.05874
2.73663
3.3619
3.69541
3.91155
3.24891
2.72895
2.05794
2.52174
4.48887
4.64283
2.97031
4.96584
2.389
1.86593
3.40764
4.49888
2.97545
2.70411
3.06305
3.71625
2.22888
3.99046
4.89227
3.8011
4.4665
3.27275
4.04613
2.49277
3.33924
2.62323
2.61491
2.69718
4.16638
2.21233
3.17433
2.81998
2.83414
4.38537
4.06506
3.43859
2.36364
3.45415
3.65335
5.33947
3.50738
2.76269
2.01238
3.7318
2.86246
3.80946
4.02985
5.10943
3.49261
2.30568
2.88907
4.26747
3.92998
3.02214
4.68715
1.89077
4.18152
4.12473
3.64504
2.91592
4.49388
2.42124
2.93106
2.52928
4.13435
3.53991
3.56043
5.19821
5.82454
3.0328
3.15015
2.54301
4.21731
3.24458
2.49975
3.14228
3.93624
4.01021
3.53486
4.02443
4.20116
5.3424
4.59206
4.63341
2.94172
2.2426
3.33981
4.46662
3.55533
3.11687
3.82154
2.86848
4.59443
4.0005
2.17374
3.6229
4.17195
3.39309
3.01282
5.52336
4.25298
1.97837
2.80138
3.00931
2.75423
5.35075
2.69552
3.24279
3.50205
3.59307
1.44164
2.65929
3.10353
4.14803
3.8322
2.06218
2.16414
3.89794
4.54657
4.7399
3.5394
5.21565
3.39439
4.37064
2.43661
1.47165
3.54536
3.639
4.68717
5.08042
4.27067
3.02465
2.8883
3.14135
4.0378
2.13278
5.36729
2.07773
3.49163
3.22174
5.0502
3.39934
3.42163
3.24293
4.32078
2.81236
2.75566
4.24357
2.83439
4.37277
3.43804
2.39294
3.00541
5.22688
2.74028
3.17777
2.51587
4.70572
1.61981
4.47285
4.69662
1.63718
5.18315
2.72787
3.51135
3.21293
3.12637
2.92173
2.62789
5.09435
4.21732
2.72079
2.68966
3.16473
1.95022
2.93749
2.40471
2.4324
3.4449
2.42121
2.44793
3.06232
2.97906
3.42314
3.92665
4.86107
2.73373
3.26217
2.78813
4.76306
3.89803
4.77909
3.05186
4.46331
3.72127
4.10132
2.62811
4.81486
3.41635
4.65074
3.23831
2.45652
3.01015
3.61222
3.08168
4.85923
2.30288
1.24073
2.39633
5.07721
4.53975
1.91991
2.94213
4.46232
3.71482
1.2953
2.68657
2.94825
2.61816
3.59041
4.10336
4.73326
4.30404
4.87415
3.49804
4.78822
2.09899
4.08319
2.15323
3.58929
5.08538
4.01296
2.84033
3.82208
2.18718
4.27624
2.37337
3.52696
3.55123
2.38832
2.38455
5.25276
2.85855
2.67304
3.87987
5.25881
3.51692
3.09404
1.38738
5.65281
5.37702
2.4007
2.13918
3.0749
4.18108
4.13854
2.23248
5.13565
3.39427
2.60883
2.5937
5.28861
4.88556
3.7725
5.32375
3.16568
3.61601
3.87837
3.13127
3.12596
4.55915
2.75621
3.56474
3.86678
5.01921
2.24982
3.13311
1.41799
2.32951
3.17603
4.15865
4.18835
3.10482
3.98019
4.33447
4.45548
3.28768
3.41923
2.96324
3.28851
3.17024
3.13819
3.73239
5.36531
3.38959
3.91672
4.13506
3.99359
4.08586
4.14677
3.77497
2.36809
2.47886
3.26297
2.79732
2.19357
4.06029
3.88271
2.56653
5.2761
1.91534
4.32243
3.46591
5.03253
4.8783
2.94237
4.32293
3.09117
3.29378
4.93197
4.46774
1.25372
3.5962
3.18308
2.81165
3.5618
2.23682
2.80866
3.58597
4.55857
3.17874
3.64956
3.0107
3.05885
3.74701
4.27214
5.16635
3.33889
3.56214
1.99475
3.72106
5.12919
3.1019
3.89119
3.91923
2.64189
2.12747
3.50436
3.86671
3.58675
3.77678
2.16366
5.65135
4.22708
2.56878
2.33457
5.21692
3.50028
3.87935
3.33927
5.16205
3.07466
3.64044
4.5722
4.26492
3.43723
2.58079
5.49454
4.03815
3.70477
4.26795
5.22687
3.49754
4.82304
5.52744
4.9694
3.58182
2.16674
4.00672
3.76429
4.78997
4.27538
3.21768
4.77467
3.10596
2.05805
2.83302
2.7903
2.66031
4.77256
3.82817
1.57984
3.83132
5.43212
1.75171
4.49482
2.61791
4.01554
4.47403
5.89066
3.61986
1.95434
3.20487
1.96525
4.84026
3.34297
2.38716
2.52564
5.27864
2.16594
5.26591
2.47862
3.41252
3.05849
2.49714
3.50117
3.66861
3.21469
3.60346
2.38185
3.8642
2.52991
5.39917
5.43433
4.3528
5.41216
5.19932
3.16955
4.23736
3.41928
2.19327
3.57297
4.01805
2.97675
5.30508
5.86869
4.92058
1.90366
2.67922
4.5623
2.90494
4.82181
4.12148
3.33949
2.48334
3.24561
3.39161
2.55753
4.48007
3.74839
4.6852
5.10206
2.74485
2.07291
4.45932
3.29169
5.08516
2.40188
3.44715
1.7979
3.31198
4.22695
4.27385
3.20829
3.79732
1.85191
5.02691
3.89592
3.32054
3.53906
3.45087
3.26797
2.73494
3.65491
2.62753
4.25209
3.11426
4.39418
2.06937
4.53859
3.04342
3.75882
5.59506
4.13238
1.59595
3.4413
4.17269
5.17819
4.29527
4.10907
3.10727
2.30806
3.9851
3.80993
3.51603
3.42012
2.53888
5.31541
2.97593
1.83295
5.21641
2.69216
2.04457
3.66974
2.23033
1.23895
2.04691
1.61196
4.2135
3.14946
5.08667
2.82208
4.78264
3.85871
4.68263
2.37023
4.27226
3.5038
4.7466
3.90983
1.46683
4.27702
3.31109
4.13226
2.28823
2.67229
2.98109
4.19097
3.39916
5.72333
2.52602
2.32043
4.56232
2.30487
3.34402
4.78556
3.84895
1.91559
3.22232
4.58237
4.41925
1.58432
2.88381
3.97091
3.10124
4.13871
3.25136
2.95633
4.37316
5.54799
3.1777
3.74461
3.60893
2.89946
3.58039
3.48412
5.57467
2.79066
1.98737
4.26472
3.16839
5.01711
3.94048
2.88099
2.27383
3.40788
4.52031
3.27658
3.8533
4.50926
4.4474
4.37164
4.03334
5.53909
3.28124
2.63552
1.94084
3.13222
4.67968
4.80203
3.42631
1.37011
5.49803
1.53492
4.06467
3.93529
4.19844
2.63602
1.95311
3.45407
2.10642
3.54898
2.32919
3.68835
3.49314
3.94655
4.41154
4.71046
4.77798
4.59951
3.61922
5.04208
4.33783
3.5105
1.95472
2.96144
2.47563
1.45624
3.33971
1.78028
3.54208
3.11668
4.07115
3.36493
4.02116
2.87986
3.81975
3.02352
4.0811
1.69637
4.72124
2.10376
3.15908
3.01739
2.61519
2.2437
2.58942
4.38572
2.86469
2.19035
5.10113
4.15895
3.44441
1.94865
2.20243
2.62941
2.61318
2.24619
3.53598
3.46563
2.49146
2.39635
4.73019
2.43496
3.24259
4.11561
4.58825
3.27762
2.81103
2.69805
3.6479
2.88703
4.29929
5.17308
1.71154
4.61201
2.06958
5.16968
4.38745
4.53109
3.53472
3.68356
2.99953
3.45971
3.85706
3.79089
3.41423
2.23595
2.90284
3.07515
4.89972
1.99082
5.30355
2.63121
2.5739
2.14424
2.85454
3.48349
1.31416
4.27775
3.73517
2.60255
2.69317
2.3206
2.66368
3.92729
2.07149
3.64563
2.60375
4.89751
2.91914
4.20663
2.01891
3.47425
2.25465
3.75923
4.42445
1.97291
2.28158
4.4921
4.11579
2.25699
3.8688
3.05586
3.45592
1.93777
2.46245
2.01189
2.98351
3.198
3.83355
4.63359
3.35722
4.70527
3.25706
4.27782
5.28058
5.30341
4.78416
1.20413
5.05586
3.268
2.21131
3.25496
4.29392
1.88457
5.16585
4.71981
5.06151
3.45584
2.41925
4.99165
3.8757
4.56706
5.10578
2.78405
1.9596
3.03591
4.96549
2.71265
5.05225
3.94645
4.54696
3.95456
3.81916
3.51392
4.99672
2.98484
3.03954
2.75009
2.62845
4.04882
1.74942
5.49634
2.90675
2.06477
2.39945
2.36445
2.29637
3.06107
2.33947
3.47268
2.11951
4.53749
3.07136
3.58726
4.12992
2.3003
4.21527
3.37736
2.45422
3.85597
5.01327
2.4639
5.86689
3.85853
3.94857
3.79051
3.05731
1.89063
