1.61325
1.84959
4.64825
2.65583
3.38557
3.85917
4.52514
1.43004
4.28009
5.52742
2.85748
5.18283
4.88024
1.10569
1.84162
3.86219
2.39617
3.72929
1.08651
3.91589
1.32321
4.77327
2.16578
1.96646
3.46613
4.78024
3.39569
3.4713
2.28947
2.19634
3.35898
3.92458
4.08405
3.90234
1.41977
1.7963
5.65933
4.77026
3.50929
1.12142
4.43003
2.84675
4.25977
2.06926
4.3919
1.49107
1.6048
4.40068
3.88635
5.20002
1.2638
3.26754
4.82882
5.85133
2.13055
5.97305
5.59428
5.69938
5.06643
1.08971
1.66902
1.2674
4.56711
1.55888
5.92738
2.99511
2.36376
2.25683
3.69075
2.41096
3.40765
1.02943
2.07359
1.0893
1.57128
3.74261
2.29514
1.70238
5.51131
1.67946
2.19798
5.15851
4.74385
4.19556
2.00609
1.79549
4.37466
1.32109
2.99956
2.63429
5.9323
2.71614
3.18444
1.14348
5.22883
3.63232
3.88011
5.26852
4.50834
5.24029
2.39972
5.68268
5.7589
5.62606
5.40962
2.4521
4.90962
1.05572
5.15113
5.30575
4.69305
1.72387
2.30217
5.28351
3.739
1.44056
3.93952
4.11814
4.52294
5.72578
2.70818
4.80022
1.19708
4.06405
2.06566
3.48143
5.19251
5.96156
1.28285
1.38909
1.43455
5.6271
4.96529
1.54445
2.73167
5.09026
3.20771
5.68316
5.58074
1.24579
1.38961
2.34773
5.51188
4.38438
5.1214
4.23066
1.93716
2.2938
1.30043
1.65919
1.0648
2.89111
1.75756
5.888
5.11983
4.82021
5.97225
5.45887
3.23105
4.60792
3.99204
2.24224
4.79155
3.24688
3.47905
5.43744
2.795
1.74068
4.96844
2.40925
5.04524
3.82521
4.49153
4.00827
4.71246
4.23228
1.00033
4.28259
2.48182
4.2947
4.12145
4.15508
1.55208
5.05588
3.04017
5.72392
4.57109
5.33633
5.42219
1.94676
5.84717
2.26137
2.65938
5.28946
4.99147
5.75169
4.09072
1.7485
3.69352
2.44506
3.70077
2.87777
4.31445
1.82393
1.91399
1.04286
3.12988
1.18196
2.0437
1.16304
2.6318
2.02979
3.56321
3.34688
3.60154
4.01638
1.26448
3.84362
5.5188
1.1722
2.46278
3.971
2.13327
1.85102
1.37836
1.58944
1.08405
3.09082
1.64589
4.31283
2.72726
2.00615
1.31665
1.11272
3.7762
3.38336
4.7572
1.01361
2.95191
5.83967
3.32153
2.01511
5.10065
3.03333
5.67314
1.62744
5.702
5.62556
4.03322
4.98009
2.44388
5.49039
2.58386
3.46309
4.68609
2.38226
2.69796
3.48335
4.81081
3.58716
3.81599
1.95561
4.33623
2.5242
1.64276
4.48471
3.4502
3.70192
3.1738
4.30948
3.53594
4.57896
2.9414
1.5435
1.07577
2.78943
2.13654
3.2276
2.82632
2.76886
3.03867
1.46567
5.68551
4.30253
4.87309
4.29989
1.57598
2.00039
4.00361
2.94412
3.83909
1.61509
4.72038
4.07279
4.9896
3.73602
1.04953
2.69498
3.6732
2.33206
2.52025
3.95554
5.78065
4.34257
5.98796
1.32084
4.9172
3.83574
3.01981
2.9415
1.84786
1.81648
5.3753
2.5482
1.7161
4.56718
5.4135
4.6324
4.3709
3.28085
5.26526
5.58984
4.17562
1.87998
3.0407
1.25089
5.37965
4.33057
1.69725
1.17362
1.21378
5.8289
5.25045
4.21131
5.05234
2.17098
2.32969
2.25811
5.53607
3.96875
1.50582
2.39088
1.76181
2.55232
4.96945
5.62116
1.34589
5.13919
3.92319
5.5036
2.2151
5.74603
3.15272
5.36114
1.75986
5.29922
4.62736
5.92588
4.92032
4.24114
2.39945
3.89168
5.81687
5.75039
3.55153
2.95811
2.66591
4.45743
3.29271
5.23912
4.45281
3.55054
5.62157
3.82852
3.71107
1.57938
4.12631
4.36788
5.85739
5.57067
3.63722
5.75543
1.96246
5.60858
1.5181
4.8627
3.23704
1.48486
4.59825
3.08109
3.55053
2.91412
2.10339
5.58748
2.17787
2.00907
2.72189
2.87557
5.92061
5.92958
2.20192
4.91898
5.53497
1.91724
1.95794
1.48072
5.81694
4.20186
5.19404
3.81986
1.06929
2.76355
4.4317
3.22469
4.36456
2.74134
3.24552
1.36885
5.91081
2.82771
3.92961
5.98425
5.84214
3.55426
5.9878
3.4069
2.34661
1.5754
5.2913
1.4071
1.69042
3.35769
3.78923
1.6867
1.41479
2.88895
1.38167
5.42876
2.81438
4.78367
2.34505
2.32909
4.33026
5.47364
4.19007
2.22818
1.31342
4.87379
3.46792
3.49312
1.87565
5.18313
5.5391
1.96353
2.41258
3.34655
4.1778
2.95778
3.56081
2.53259
5.88336
4.5145
3.56911
3.98937
2.46903
1.79189
1.5864
4.38123
1.73952
3.02959
5.49204
5.5836
3.47455
5.4545
4.44231
1.66629
3.41157
2.33673
4.13889
4.01513
4.15116
3.52194
1.32896
5.15831
4.86104
3.22266
3.64226
4.65464
3.07696
3.77836
1.50942
3.48305
1.81996
4.22156
2.57004
3.7109
4.48081
5.63539
2.18275
2.11822
2.55464
2.87541
4.93693
4.06704
2.21617
1.76239
4.51389
3.72361
3.06184
3.4384
2.96081
5.10383
5.04521
5.41242
5.06277
4.0011
4.91391
2.69512
5.69654
2.19584
4.31659
4.21979
4.02547
3.3064
4.46809
4.94682
1.3806
4.93513
3.89901
4.22411
2.43223
2.44723
1.71508
1.29243
1.58383
3.69423
5.0749
5.54102
2.74267
1.50323
5.66579
2.09074
2.09578
1.88382
1.0026
3.45408
1.13526
3.09046
5.85992
4.9374
3.8525
1.19265
1.32223
5.7427
5.20873
1.26899
1.32873
3.62526
2.17133
4.21588
2.51
3.78983
2.79492
4.25496
4.15454
1.37862
4.06934
3.18509
3.67711
1.42917
1.12798
3.24866
4.64264
4.16204
1.51864
5.0072
5.66399
1.59481
5.72182
1.02841
4.05683
2.06132
3.1303
1.5009
3.49727
1.6278
4.97803
2.48509
3.86798
3.61921
2.95979
4.58895
3.55633
3.57211
4.77862
4.98528
2.52527
4.58059
2.8906
4.26065
2.13781
5.95881
2.113
4.35117
1.88308
3.76173
4.37866
2.36352
1.51101
3.43071
3.14591
2.33358
5.60202
4.70537
1.22932
2.71441
3.02382
5.10065
4.05321
3.72949
1.09037
2.41817
2.52908
2.63973
4.34808
1.76524
2.43448
5.75851
4.86315
4.80946
3.86878
2.86094
4.54508
1.01186
3.15655
3.96328
3.56871
3.45977
5.57042
1.63562
1.28622
2.86014
5.08959
2.73636
4.36861
3.04517
3.76892
5.2462
4.28072
1.87033
4.36686
4.6018
3.85434
3.12781
3.90099
5.29728
2.74145
4.62927
5.53235
5.59235
4.24503
5.09585
1.41718
3.83957
2.5617
4.19092
4.23468
4.46377
4.23359
5.79516
1.35931
5.0821
5.78027
5.40175
3.98366
1.07549
4.5339
2.84297
1.83393
2.38635
5.87878
2.08233
4.90563
4.04224
4.9299
4.74796
1.36395
1.35504
2.48453
3.76511
4.41587
4.72429
5.43815
1.7839
1.61406
4.13479
3.14397
1.10419
3.2718
3.77427
4.06806
1.07345
5.06181
1.54618
2.98629
5.17659
5.57763
2.79635
2.59987
1.53621
1.82478
3.33631
5.31315
1.68538
2.98133
2.19901
4.79854
1.2397
1.05559
2.71808
2.43022
1.55364
1.53714
2.03566
3.54185
1.26439
5.08013
4.41712
1.37769
4.56432
4.50167
5.52742
4.46463
1.4534
3.7804
5.69135
3.6214
2.55433
5.68919
5.05072
3.90603
4.36514
2.61237
2.21986
1.23294
3.21243
5.93166
2.64724
3.19524
4.38149
5.10002
5.37693
4.61642
4.75896
4.67118
1.57717
4.62138
4.24684
4.66072
4.21359
3.43135
5.70143
4.75791
2.08657
1.8062
1.32261
1.19315
4.4634
3.01547
2.46345
1.13356
3.39815
3.63427
5.5395
4.99759
3.07059
3.32801
5.97565
3.25063
4.95947
1.39276
5.41437
4.29975
5.10793
1.21333
1.29566
1.80999
3.19606
3.33394
2.57079
2.91272
5.50847
4.62653
1.99013
2.69433
5.41708
4.49633
3.96227
1.39806
5.7791
4.36703
3.36556
4.83238
5.10889
2.30605
4.44431
3.47555
5.79591
4.83291
5.67549
4.1487
2.62768
5.228
5.47626
4.38237
2.9002
5.33796
5.16011
2.73639
2.26482
2.54696
3.55603
4.39607
4.82062
2.6254
2.1906
5.93488
5.80912
3.23182
4.50094
3.81202
4.44139
3.36636
1.8938
5.10238
4.06833
5.77171
1.88463
5.30449
3.11774
2.64802
3.42381
5.54258
1.33699
3.87068
4.82522
5.80187
5.10912
5.73582
4.52591
2.27747
3.51139
4.94843
1.89198
2.77008
3.7574
5.73555
3.20382
1.15327
3.45213
4.51739
4.15745
4.12451
5.28125
4.18582
3.15522
4.12368
2.28308
4.69196
1.36945
1.87938
3.48961
5.07796
4.1811
5.47473
2.59076
4.3341
5.85193
2.09465
3.33641
5.32986
3.00333
5.23777
3.95107
1.64957
4.06608
2.6943
3.0451
1.33186
3.84072
2.08236
2.86073
2.42255
5.77277
1.3059
3.52593
1.83731
1.69731
5.58782
2.98855
3.51157
5.43464
2.41017
4.99045
2.18704
4.60769
1.96251
2.68737
1.72816
4.88104
1.79024
4.03677
3.63648
4.06283
3.01211
4.91983
2.77958
5.33126
1.53423
5.03597
4.39565
5.50552
5.45314
5.15227
3.58073
5.63104
5.67059
2.39397
5.89695
3.13852
1.52543
5.35816
3.9253
2.00494
4.90481
5.19485
3.77205
5.32914
2.27711
2.04854
5.25452
2.76179
3.87668
2.85102
3.04885
3.62265
1.87818
3.20929
5.07262
4.21248
5.87155
4.69181
1.171
4.79304
4.86348
3.17592
5.43056
1.56957
2.99466
2.91658
5.59693
1.46292
3.31364
5.814
2.83588
5.79505
4.45687
2.01996
4.95209
2.61555
2.65205
4.89919
4.94399
4.2475
1.82061
3.66593
3.98732
5.80046
2.96869
1.30325
1.44699
4.55228
2.81918
4.04409
2.93821
3.00017
2.5765
4.49333
2.69927
2.378
4.68837
5.98575
1.28456
1.97883
1.86316
5.93919
4.80437
4.74969
3.83792
5.5489
4.37574
4.47504
3.42144
4.29886
4.13602
1.16425
1.14201
2.40047
3.91708
1.82907
3.92338
1.71572
2.57645
5.09552
1.14097
5.13068
4.90453
2.55128
4.24868
2.21081
2.12838
3.48642
4.02319
1.6288
2.24851
4.94161
1.98501
1.9917
3.99252
1.52285
1.39453
5.83074
5.04526
1.16127
4.58795
2.52473
2.70054
4.36861
5.54372
5.51872
5.23301
2.13618
2.22056
5.43059
5.45379
1.613
2.17602
1.40913
5.21204
5.3378
1.58761
3.66316
5.44153
3.94264
3.41369
5.50954
5.9122
4.84041
5.93697
1.01975
5.59745
4.99601
1.25002
1.65705
2.75814
5.09498
1.82037
1.80615
1.00179
4.49433
1.5955
3.2693
2.01163
1.58826
5.18841
4.44283
3.94654
1.56432
5.56783
2.64644
4.06263
2.97183
2.93951
1.94897
5.55451
4.67847
2.75395
2.65604
3.39446
5.3491
1.14976
3.57885
1.77845
1.83545
5.81083
5.31503
2.16568
5.19964
2.88095
5.41079
4.6045
1.48824
1.97293
2.65139
5.63037
2.89843
1.69599
3.40123
1.34487
1.29969
4.79797
3.28553
2.96037
3.95378
1.8063
5.31751
1.02744
3.0651
3.80879
3.41485
1.43728
4.94115
2.13281
3.05029
2.07598
3.08866
5.57768
3.31716
5.44889
5.65115
4.4824
4.0823
4.72218
2.93511
2.2509
5.10727
4.25391
3.19838
5.52386
5.35272
4.90171
5.80082
2.52458
4.28816
4.07083
2.75407
3.2925
4.40724
3.75919
3.7575
5.65958
1.6319
5.70081
3.16863
1.55979
1.56126
3.32288
5.8197
1.26128
3.10748
3.61147
4.04156
4.57456
2.82956
4.40759
1.17159
1.25179
3.94148
1.18779
3.77445
5.41449
1.58829
2.36503
5.96091
5.72547
3.45443
4.69779
5.80899
3.48175
2.33581
4.92396
5.82788
1.20484
5.05986
5.42553
2.60529
5.53383
2.50653
4.04775
4.7838
3.20285
5.74434
5.39009
3.95696
5.06076
3.06751
5.48542
4.18925
4.94843
1.46647
2.09914
2.9677
1.80223
5.59042
5.50232
3.40371
5.64593
4.21893
1.877
4.43049
1.74297
2.64166
4.15005
1.1883
4.71544
2.99216
4.4616
1.45365
3.03235
4.67165
3.37051
4.14084
3.09927
4.55978
3.78171
1.96929
4.94392
5.1095
1.2272
5.32666
3.9216
5.87488
1.10468
2.23804
5.22313
1.08208
5.61725
2.84153
2.55126
2.92328
2.08719
4.63013
5.96635
5.07713
1.94082
4.30224
5.44454
1.12351
3.66544
1.81619
4.5317
2.95777
4.39015
4.20801
3.03293
4.79548
5.18826
4.04231
3.90223
1.0112
4.7683
1.75048
4.37237
2.83838
5.72581
5.39244
1.40426
4.17731
1.0585
1.97248
5.28393
4.56543
1.07828
3.85702
5.72885
4.25326
5.33785
3.18527
2.29221
3.63697
4.6634
3.63058
4.81137
5.708
2.0647
3.2515
1.80622
4.21522
1.17835
1.35164
1.29462
2.76615
3.26719
1.72574
2.68899
1.833
5.71097
5.97723
3.0329
4.63337
1.72084
3.91664
5.62547
2.02539
3.81672
4.6499
3.38954
1.13596
1.82625
1.69477
4.52471
2.51764
4.98274
4.26901
4.93796
3.6353
5.58333
4.31724
3.58082
4.69394
2.8663
5.51879
5.59591
5.85279
2.80687
5.67505
3.5686
2.19108
5.72511
2.83443
3.20525
1.20442
5.53831
2.19136
2.46304
3.76756
4.54807
5.20321
3.11452
2.39396
1.48218
3.10878
3.54848
4.09289
4.5497
3.80153
3.42881
5.35197
5.2307
2.10071
3.82157
4.78335
2.90822
3.2593
4.26154
3.13306
4.0385
1.02693
1.69351
3.8798
1.90648
3.82211
5.55498
1.0968
1.96967
3.2256
5.76067
5.01963
1.97675
1.84727
2.83159
2.59812
2.3626
4.99381
5.73884
2.7991
3.55483
5.9235
1.59533
4.50072
3.74343
4.85582
2.54506
3.25411
5.11543
5.44493
4.02213
4.10261
3.56717
5.85323
1.96224
3.00624
2.2904
2.69889
1.06136
3.52584
2.47598
1.41334
5.33522
2.42803
4.56295
3.44249
4.11461
4.27244
4.13713
5.36178
1.3233
2.17505
1.68543
4.54705
3.06597
3.48721
2.15883
1.34284
4.87292
3.61455
1.68494
5.57995
1.60764
4.49256
1.07991
1.29556
3.27521
2.04899
1.10045
4.17245
1.53713
2.37424
2.99037
1.70601
4.43698
2.18996
5.9368
2.68769
4.99748
5.79658
4.96215
5.11598
4.31968
3.08182
3.72524
1.05669
2.48901
3.8143
5.15575
2.81542
3.88982
4.60601
3.04716
2.69143
4.90122
1.22277
2.21589
2.78081
5.87516
4.81633
1.90666
2.11214
4.79601
2.95204
3.38007
4.74409
3.135
1.66197
5.42964
4.34239
5.71789
2.15995
1.59704
1.78617
3.52878
4.14925
1.52133
2.22886
3.41483
3.01772
5.88769
5.04661
5.80608
1.67467
5.33087
3.63361
4.52282
2.70672
2.17874
5.02573
2.2422
1.13105
4.65098
5.92556
1.49997
2.85812
3.90051
4.52766
1.50711
4.4451
3.72254
5.36332
2.39069
3.56736
2.7627
4.55264
4.58184
4.44897
2.31809
3.81565
5.35807
3.20339
5.308
5.39404
2.42506
4.41996
5.44523
4.80639
5.84237
4.50797
5.09114
5.83056
1.5436
1.24167
1.53993
5.09934
3.68614
1.94327
3.64173
3.62604
2.63456
3.94657
3.61196
1.95478
3.61103
1.89622
5.74216
5.55938
3.04264
3.39403
3.4585
4.79256
5.03935
1.18624
5.98738
4.90407
5.91516
5.0196
3.77911
3.2878
1.42276
5.34813
4.09152
3.66176
2.63824
4.96041
1.80443
1.90389
4.97336
1.37483
5.96685
5.92656
5.40147
5.41809
5.89268
3.53329
4.98706
5.00535
1.22339
2.51636
3.56432
2.86502
3.45253
2.27024
1.80673
5.2307
5.42346
5.45503
5.88656
2.63111
4.51756
2.38057
3.89243
3.46641
2.17306
4.02374
5.63575
5.52756
5.3268
2.26223
2.44856
1.80288
5.94286
1.92228
2.09882
1.47065
5.35778
3.60611
1.60247
3.89528
1.38438
2.59079
5.10084
1.56283
4.41276
2.07041
2.23684
3.39259
3.84267
1.93958
3.77264
3.76994
3.57542
1.5728
4.2477
3.33078
3.76473
4.61971
2.01033
3.20253
5.13495
4.7829
5.23266
5.62803
4.7635
1.53889
5.83325
1.06593
1.91598
2.56393
3.40858
2.72019
1.22031
2.58746
2.17315
1.58789
5.85719
4.96578
3.91571
3.46272
1.49421
4.48602
4.51603
3.66412
4.14821
5.9126
5.58476
2.70061
2.05463
4.30156
3.26929
3.58139
3.7638
2.95687
4.72629
3.3707
1.16434
4.50059
2.74049
1.98428
1.82598
2.38762
3.54623
1.65135
3.11294
5.41822
2.19009
2.24608
4.87918
3.58402
3.39926
4.51201
5.43626
5.7188
5.55945
3.58554
4.88015
4.79688
2.26133
5.04094
2.05547
5.80881
3.17626
5.641
3.48385
5.51867
1.53511
4.14205
4.83013
3.23503
4.00348
1.7692
4.04817
3.26898
4.59726
2.59214
4.64223
2.86043
3.82391
1.08105
2.68466
4.97585
3.35354
5.03808
5.81433
3.05795
3.14114
4.15772
5.64935
5.17419
4.48806
2.2883
4.41227
2.29666
3.52903
4.50973
5.39693
4.97135
4.07488
5.21639
1.7942
3.31739
2.67518
2.14843
1.71339
2.14562
2.76575
2.74468
4.6401
4.60448
1.4405
2.13329
2.49647
3.84712
3.87457
2.71356
1.63189
1.05768
5.89506
4.64017
5.97024
4.16155
3.34956
2.96803
4.9522
2.65301
3.4922
3.96467
2.39915
4.27573
3.85615
5.70523
1.83019
1.45347
5.3061
1.93161
3.70893
3.14985
4.98892
1.02792
2.48635
3.59044
5.58434
1.42561
3.82591
1.45501
2.98793
5.73585
1.01308
3.78401
5.75567
3.18934
1.01317
1.07544
1.25518
5.66326
4.97663
5.60465
2.48441
3.65548
1.01105
1.70354
2.44873
4.33282
2.83586
1.00178
3.37646
3.3845
1.38174
4.97168
3.9777
2.34742
5.64687
2.63375
4.51809
4.67521
3.11148
5.16826
1.32803
5.77847
5.95766
2.23142
1.16753
3.09609
5.24116
3.87677
2.81939
2.8354
2.2954
2.61241
1.62031
1.05474
2.07493
3.85475
5.12574
1.3133
2.20913
5.03486
4.53308
2.07969
5.35879
5.13584
1.18705
4.71657
5.45392
2.33986
1.81691
2.23243
5.72478
3.6915
5.99704
2.54398
1.58814
1.77866
2.5995
4.99973
3.66388
5.02999
1.17195
4.99619
3.00323
4.5555
3.70717
3.13493
5.31937
1.83884
1.18744
4.32941
5.21631
1.93947
3.63094
5.224
2.48463
1.19289
2.71584
4.22947
1.1287
5.30815
5.01742
1.24588
4.34364
2.95358
3.60354
4.91846
4.88912
4.68349
5.36363
5.07866
5.70883
1.77619
4.6977
5.2313
3.99832
2.20477
1.79626
2.77189
2.79088
5.62026
5.96468
3.61271
5.35253
3.55598
3.57944
3.46233
2.87615
3.82438
3.13661
2.88532
2.04602
1.62469
5.32141
5.05428
3.69239
2.66002
2.48083
3.72758
2.93877
2.61662
4.73878
4.21754
1.70964
5.82031
4.20604
4.07556
1.24319
5.48513
1.28883
4.87492
1.15287
1.52787
4.50209
1.12547
1.69431
5.85678
5.99334
1.15813
2.09449
1.86208
2.25482
4.26436
3.2412
5.6442
3.35415
4.80477
1.64938
3.50951
4.08497
1.09415
5.63256
4.23459
3.39888
3.15099
2.01163
2.4324
5.53013
4.73966
3.76764
1.52699
5.59685
2.24338
2.85166
2.92844
1.92094
3.844
3.24438
2.16371
1.64838
5.15044
3.43419
4.22126
4.7979
2.05544
4.1592
4.06104
5.9775
3.29787
1.72162
5.07444
3.57243
1.39735
2.89907
2.79181
1.14593
3.58395
3.69451
3.96292
2.55575
3.68848
3.41395
1.5068
5.35835
1.1499
1.14979
4.06426
5.46165
1.14361
5.26862
3.90463
5.7416
1.98741
5.3295
3.74806
3.034
1.43507
5.64583
5.26927
4.15759
1.0589
1.88665
4.34554
4.55751
3.8334
1.40815
3.79162
1.94764
5.28849
4.91229
2.77215
5.67986
1.57097
5.32421
1.2766
1.20757
1.65014
4.02644
2.05479
3.20603
1.28516
2.62526
3.90901
2.95634
3.63652
3.87784
2.98088
2.32033
3.29811
5.18125
5.01169
1.88731
4.63604
4.80157
4.94053
3.0494
1.57789
5.77112
2.67638
3.27978
4.17728
1.85039
3.57362
5.69885
4.50155
4.16993
5.78266
5.09966
2.61908
1.94508
2.06235
4.47921
2.00308
5.08618
2.24255
2.33192
1.67123
5.48056
1.82586
4.58131
1.33994
5.3556
3.31811
1.16334
2.12491
4.3793
1.97691
5.56895
2.54963
4.23321
2.55671
2.7732
1.35353
3.2999
5.1916
3.12646
5.69314
1.12372
2.27322
5.1902
1.51392
4.48829
5.6219
1.93125
5.19502
4.65052
4.58093
1.93805
4.9343
4.60073
2.14645
4.71629
1.99027
5.58683
2.7325
3.01803
5.91978
3.73199
2.60871
1.4451
1.77608
3.85822
1.97968
2.16559
3.13759
2.84904
1.73271
2.94142
2.44171
1.57327
2.2952
4.26927
3.86351
5.85981
2.13491
5.2984
5.71308
4.85032
3.12259
3.35385
5.67755
1.63827
4.26696
4.93706
2.19848
2.08076
2.82932
4.60581
2.69123
4.4816
2.2274
4.29105
5.36028
5.20534
2.73617
3.55784
2.07003
3.69183
3.17152
4.76472
3.46239
3.57743
2.48008
1.75035
2.48435
4.25367
3.5272
1.84409
4.25654
2.0485
5.04056
5.95165
4.17833
5.92214
5.39027
2.03497
5.07049
1.03324
1.0189
2.34445
5.59044
2.43774
1.32678
2.66002
1.04944
1.4981
2.70722
2.97517
3.89131
1.05394
5.35025
3.46665
1.57715
2.06453
4.11876
4.2138
1.4232
5.09066
2.07093
3.47964
4.3662
3.72894
3.47339
5.98539
1.83243
3.81982
4.92952
2.57777
3.35727
5.07457
4.64183
1.11083
3.68011
4.64263
3.03201
4.88084
5.40504
2.28566
3.74947
1.23292
5.49805
2.23569
4.39256
5.20345
1.75406
3.77286
1.52549
4.50508
4.62612
3.12185
1.37063
5.56454
3.52025
3.77876
1.05507
5.48377
2.7236
1.96394
1.75393
1.03617
5.79481
2.95607
4.35244
4.49157
3.59176
2.78327
1.29264
3.07308
2.57449
1.5961
4.61969
2.10696
3.87581
4.2723
5.5313
3.88371
4.49809
2.93336
4.19097
4.38762
4.33424
3.39938
5.51329
2.38653
3.33173
4.76278
5.98411
5.94804
3.66968
5.59602
3.34862
5.84001
1.29578
2.4789
3.79137
1.08822
3.40981
2.97079
4.73973
1.34198
4.66433
5.58204
3.93827
2.80895
1.00845
4.21128
1.35048
3.06437
4.59349
2.69448
2.72431
5.75044
4.20599
1.11441
1.38247
4.32136
3.84755
2.19022
5.63162
1.85455
2.74515
2.02757
1.88855
3.36417
5.99262
1.66494
5.54718
1.87718
3.78202
1.88703
1.20704
3.15299
3.71509
4.65837
3.19192
1.76608
4.76405
2.00701
4.44112
3.27654
5.1977
2.28924
3.58429
5.37039
2.1659
5.30223
4.13655
1.67215
1.94903
5.77353
2.68844
3.96189
1.28045
4.21819
2.22649
4.84419
3.13228
3.17001
3.40699
3.62435
1.25665
4.29822
2.91626
2.88606
5.27757
5.13224
4.77533
3.70569
5.75742
1.03255
4.47135
4.78086
2.28689
4.94445
2.59946
3.22909
2.98
1.41463
5.85098
5.18851
3.85408
2.67942
3.8514
2.42279
4.33767
4.471
1.79503
1.22151
5.8225
1.93918
5.89625
3.35439
3.84611
1.93594
2.32631
1.56955
3.59082
5.32512
5.0719
2.04442
5.18915
1.20859
4.67043
5.75269
4.45295
1.53217
2.27746
4.38463
5.55774
2.7594
2.32463
3.26537
1.72088
2.77211
1.04856
4.70068
4.66288
3.24515
2.42274
5.91844
2.62965
1.10425
1.10751
3.87475
3.81717
3.74524
3.64674
1.79392
3.36159
1.18717
2.57357
3.58219
3.66119
4.74957
2.72685
5.89686
3.05218
4.96329
2.90336
4.39783
4.98051
5.80702
3.05019
5.8214
4.35311
5.84871
5.2036
3.29097
5.1151
3.08562
4.06427
5.54284
1.02811
1.12354
2.8183
5.35429
2.70772
2.49987
5.01511
1.805
3.14535
1.40374
1.0397
5.50073
5.96906
4.5271
1.10062
5.49218
2.70544
5.32336
2.427
3.31333
4.25671
4.36454
4.3486
4.85722
2.00685
5.86684
2.53916
3.24693
4.57165
2.67014
5.44462
3.52241
3.70126
2.16372
2.89802
2.95669
3.57017
2.78485
1.33852
3.77703
5.32896
1.99405
2.695
4.66691
1.87055
5.05044
1.74943
4.86563
2.14988
5.75059
5.13948
3.19522
5.80335
2.61669
5.66762
1.69324
5.29887
2.16443
3.41938
4.51038
2.31027
5.97329
1.6174
1.66875
2.69401
4.72392
5.00398
5.52845
5.44133
5.34606
2.79913
1.26534
2.71477
5.40209
1.46652
4.24068
2.83109
1.06419
5.26904
4.29625
5.44229
4.05598
4.13867
4.21751
2.65427
2.03413
4.04438
5.88718
3.21667
2.67165
3.73138
4.04696
5.86763
1.54782
3.43722
4.67108
1.41684
3.502
4.56638
5.3417
5.03889
2.80714
4.02382
5.83875
1.70638
4.07967
1.25974
2.58776
4.74551
3.76326
4.4476
4.34865
3.51393
5.08573
2.58377
4.30913
4.39489
2.14888
1.73203
5.83136
5.22992
4.11513
3.80588
2.78616
2.3745
1.92319
3.94604
2.5196
4.50154
4.50301
5.06246
3.89154
5.68445
1.75356
3.91784
2.89165
2.09595
3.56166
4.27364
4.49695
1.63658
4.62493
2.23415
1.63629
1.07699
3.82579
3.73898
2.35379
2.82351
5.19699
1.99047
1.02955
2.50357
4.21427
4.87684
2.36599
3.36747
3.12119
1.67372
5.85863
5.50832
5.38984
5.57966
3.74823
3.45309
1.18378
1.16255
1.63572
3.45301
5.0335
4.35497
4.7022
5.32989
1.85813
4.12112
5.01439
3.88258
4.24857
4.80618
4.94434
2.3392
4.62836
3.04111
1.05359
3.2125
5.86979
3.08018
1.68238
3.07718
4.28885
5.85251
4.26934
2.48469
4.07605
4.66787
1.46391
5.54961
2.32774
5.37725
4.27143
3.11493
2.39077
5.39141
3.7093
1.10549
4.46988
4.94085
2.20257
1.33026
3.9019
4.54668
1.69199
5.05623
2.48373
5.1857
1.17972
1.95766
3.34445
5.99158
3.24322
5.19322
2.44853
3.54564
2.48225
1.37571
5.5609
5.48068
1.53416
5.91115
4.83243
3.945
4.33914
5.77885
3.79101
4.74394
5.92731
4.32594
3.94901
5.07628
1.83715
4.42921
4.24014
4.6921
4.0901
5.6451
5.6389
1.08926
4.7045
3.28389
5.43598
1.7033
4.32714
3.10543
2.36509
3.69005
4.51934
2.28594
2.00653
2.2058
1.41413
3.03656
4.3147
4.5026
4.24993
4.69526
2.69777
1.71822
5.10466
3.04102
3.56696
1.08563
5.95315
4.11089
1.69746
5.1442
2.9327
5.90008
5.91615
4.22698
1.94055
4.29924
5.64216
5.44009
2.94692
3.62194
1.53039
3.05305
5.76595
3.59292
1.05741
2.78444
2.58942
5.04219
1.28123
3.09455
1.99612
4.46308
3.41677
1.07497
2.0699
1.56894
5.29578
5.74111
2.89593
4.89327
4.50337
2.96389
4.28771
4.03334
4.06274
5.49531
5.89181
1.39581
4.31811
3.71418
3.61764
4.16365
5.26492
4.10312
2.97222
3.91214
2.40186
2.91981
2.70162
1.94434
1.41571
2.99112
2.04146
5.42635
1.12428
1.57954
4.7772
5.05417
4.34343
2.48184
5.66264
3.89664
5.24035
5.14919
4.02484
3.69566
2.59675
2.98699
4.60867
1.07224
2.82579
1.01926
2.92949
3.43531
1.93654
4.79479
2.18441
1.91367
2.57588
1.37465
3.72855
5.16818
2.23322
4.17047
5.39101
4.67244
1.3877
4.59039
5.65652
5.0018
1.3061
4.28061
5.6732
5.21103
4.14376
5.20235
5.89812
2.72365
2.52
4.93024
5.22265
4.8577
4.67561
4.06365
4.92525
5.57318
3.29657
5.26754
4.60569
3.99033
3.00908
1.55787
1.21919
4.28336
1.10173
3.46478
3.84074
3.63185
4.17834
2.68682
1.26841
5.78844
1.93786
1.92494
1.97108
4.61507
3.14388
3.48596
3.18325
1.6136
3.89818
5.79195
4.66083
3.3375
3.66034
3.54238
1.28253
2.76922
4.93289
1.45876
5.38681
4.77733
1.31283
4.40018
4.58328
5.96605
4.63085
5.37058
3.40673
2.27957
2.37631
3.33555
4.26359
2.14971
4.53742
1.71199
5.85375
4.64653
5.65014
1.36819
3.86948
1.72185
5.3082
5.54495
2.03995
4.28016
3.98111
3.44845
1.30058
1.37188
1.84038
5.63082
5.34634
5.52365
5.8106
2.51887
3.43563
5.18759
4.42777
3.52299
1.93421
4.938
4.76767
2.59654
2.64717
2.64434
4.95208
2.55771
5.93276
5.02439
2.07754
4.15701
4.40629
3.19172
2.15266
2.09935
2.74021
4.86618
2.36565
2.9231
1.69194
1.46341
4.10845
3.81212
5.62064
5.31477
3.31047
5.67157
4.99512
3.62978
4.22035
2.83407
5.88609
2.6814
3.5338
3.86779
1.34749
4.09471
4.19891
2.51991
3.62355
3.42241
1.1153
2.82354
2.00473
2.60701
3.84162
1.89794
4.15873
3.01825
2.1787
5.64517
1.1786
4.91376
2.7258
5.15231
5.24352
5.14716
5.11986
2.49913
2.53831
5.3266
3.34742
2.29533
1.31137
2.34198
1.23282
1.66919
1.08983
2.00408
3.70309
4.73549
4.065
1.59435
1.73764
4.51445
5.49339
5.3721
4.84144
3.67566
3.14275
2.83311
4.5246
1.75947
4.893
1.91106
5.50233
3.1915
1.65555
4.8542
1.30241
3.55751
4.90791
4.53256
1.61626
3.44415
3.99311
2.11746
2.27337
5.46546
4.57459
1.9503
3.15343
2.7717
2.46853
1.85073
5.95675
1.85341
4.72917
2.81853
4.59086
5.38309
5.10244
4.11489
1.34208
2.34428
3.58365
5.96858
3.1083
4.04351
4.14312
2.88372
3.17706
5.63881
2.07572
5.81767
5.52728
4.49435
3.77612
3.78028
3.88041
3.5282
4.96032
1.95612
5.97507
5.39143
5.89703
3.88709
2.31803
1.03156
3.56263
4.03822
1.28429
4.27409
4.80348
1.01013
5.49127
1.41786
2.62543
2.40839
5.23063
1.49328
5.20714
3.92709
4.05935
2.3813
1.76043
1.38883
5.86585
5.13082
3.07437
1.48829
1.55337
1.83687
1.65136
5.83606
2.41945
5.73263
5.47342
1.9639
5.1374
3.68717
1.35807
2.44322
4.52221
5.1574
3.83927
4.7442
2.8328
5.48406
5.83459
5.32144
1.84638
4.00825
4.86144
4.39986
3.24484
1.16849
2.10005
5.63795
1.66139
1.96821
4.55804
2.19707
4.01632
3.01899
3.39018
2.51983
5.27131
4.9017
4.01883
2.43797
4.48085
2.57421
3.06832
2.05202
1.82889
1.81234
4.78285
5.45946
1.2992
5.61697
4.08847
3.0043
4.61344
3.66381
2.86085
5.77398
3.2348
1.31735
5.37897
1.91646
5.51356
4.67364
3.02031
2.67376
2.66049
5.32928
3.65443
1.35229
3.17304
4.98108
4.1206
1.64548
1.88625
1.02008
2.8642
3.50245
4.03715
1.56866
2.0185
3.15485
1.95843
2.08464
3.74983
1.87243
3.37844
1.98292
3.85899
5.76159
5.20401
3.55555
2.80981
1.53653
5.28571
2.7535
1.42378
3.11253
5.47887
1.66792
3.35865
3.37006
1.56613
1.45073
1.62989
4.13648
1.82718
1.17238
1.31861
4.79108
4.54037
3.05029
4.25306
2.72709
2.06957
1.51185
4.89597
3.84997
2.80176
2.68963
5.49573
2.35034
2.7108
5.7877
5.36989
4.99878
2.16547
3.00438
1.12661
2.35147
5.49302
3.63788
5.8607
3.55457
1.24982
5.02384
4.58893
1.26107
3.91913
1.03472
1.14544
1.73927
2.41176
2.08327
3.70685
3.11344
5.13079
1.58196
4.35243
2.23619
4.09982
1.37677
4.41433
5.69031
3.64923
5.15075
5.69238
5.44656
5.09256
2.62792
1.28834
4.69123
3.67208
5.64128
4.27279
4.06176
4.55691
2.89647
2.58809
5.10706
5.86775
5.29163
1.49303
3.18568
4.39067
5.76774
1.98439
5.53607
2.91939
3.27782
3.53147
1.04842
1.90449
2.0877
5.20829
2.83246
5.44356
1.35843
1.01221
4.34678
1.55376
3.00985
2.45544
3.31506
1.34399
4.01481
1.07737
3.42836
4.14687
4.41132
1.55252
2.78918
2.15936
4.9225
5.79237
5.90546
5.73622
4.71391
2.62473
5.84786
4.52414
5.66174
1.07517
2.84157
1.23971
5.81206
2.29788
5.31867
3.48474
1.33467
2.16658
4.39736
4.74509
4.16303
4.32643
5.3105
2.09883
1.20426
5.0475
1.75462
4.41597
1.13558
3.95853
1.08996
3.49366
5.6046
3.16005
4.25589
4.94804
3.44218
5.33152
5.97993
2.36973
3.19451
5.30325
5.0042
4.61533
5.89567
4.73634
4.6233
2.80924
5.13621
3.6502
4.66115
2.10115
4.83457
2.69685
3.29261
3.18441
4.97808
5.47208
1.86369
5.52475
1.35276
4.47965
1.45204
1.95851
4.90515
3.35579
4.54869
2.35424
3.9473
1.88267
4.49062
5.2334
5.59349
1.46561
4.5312
4.23809
5.36438
3.94578
5.44638
3.02001
3.16418
4.72525
2.92652
5.1917
3.277
5.58378
3.62876
1.39404
2.67998
3.68563
1.43761
5.04256
3.9687
1.06234
5.32214
1.94708
3.26247
5.29473
4.14876
2.56652
2.42652
3.71985
1.21604
3.25388
5.22979
3.79946
1.27296
4.33979
1.16209
4.38279
1.8583
1.4496
4.66476
1.58595
5.29441
5.98536
3.68351
3.5301
1.26499
3.44646
5.52063
1.90291
1.12969
2.20939
1.83151
1.4315
4.84652
1.81703
3.75619
4.11437
5.29963
5.80252
4.17193
1.21755
1.02225
4.93232
2.06447
2.39122
4.66113
3.62271
5.30279
2.1337
1.29611
4.56552
2.51895
5.57786
2.99202
4.48054
3.2873
4.08846
1.1539
5.85796
2.90842
4.35806
3.65366
4.81479
4.46568
5.02551
3.91807
1.29196
5.66648
1.79623
3.67535
3.07533
1.62677
4.63187
1.65892
1.12561
1.12381
4.84313
3.91102
2.82211
2.93664
1.43952
1.41133
2.61773
4.32132
2.47191
1.41303
2.70355
5.12487
5.48492
1.28419
4.30671
1.81925
5.74855
3.84922
3.69408
5.22022
5.36107
4.57493
4.60501
1.82242
1.34217
1.65902
5.25018
5.60582
1.72901
5.71462
1.03172
2.51369
2.74442
1.70042
2.38604
2.33014
4.15065
4.76936
2.5284
4.74792
2.79304
1.38435
5.07391
1.4635
4.46225
2.31163
2.48927
1.20543
1.98376
4.72425
4.84162
2.83081
2.82771
3.75064
4.3847
4.73936
4.50542
1.34786
5.96836
4.67985
2.09344
1.67363
5.16734
3.97296
2.94731
1.32508
5.27222
1.76036
2.11117
1.40046
4.02374
4.21316
3.20356
2.65953
5.1368
2.89274
3.30294
3.79173
5.46929
1.4436
3.23828
4.47351
4.14141
2.3961
2.91195
5.37593
1.28287
1.5454
3.07627
2.28482
3.43826
2.72419
3.11573
4.07433
5.33766
5.96591
3.64763
2.33074
4.86221
3.32325
2.47286
4.20227
4.00815
3.81581
3.9412
4.63859
3.66276
3.07994
1.03191
2.01385
2.51837
3.82173
4.30988
4.47399
4.71478
5.76803
4.85115
2.83199
4.34489
2.69688
3.72246
3.91678
1.09364
4.63126
2.66012
2.76914
1.59834
4.31384
5.27011
4.6217
2.99268
3.65593
5.93897
2.19389
4.18045
1.57405
2.31188
4.31458
3.11454
4.1899
3.79892
4.43698
4.44914
5.06519
2.28214
3.25672
1.88525
1.35616
5.71714
1.75537
2.12203
4.48295
1.38429
2.7793
2.11911
5.18726
3.41175
1.28605
1.20967
5.36559
1.15842
1.046
3.10397
1.57317
2.93755
1.62153
1.89236
4.94957
2.23708
1.44654
3.48112
2.96852
4.44057
5.72699
5.44052
1.90186
1.49183
1.45525
5.76072
3.3462
4.92938
3.19439
4.526
5.31927
1.22436
4.40794
2.84275
1.11286
3.90354
4.29168
4.58293
3.70726
3.06981
3.45704
3.50568
2.61783
2.72459
4.91575
4.24914
4.66074
4.85601
5.95914
4.47899
2.49054
1.22214
5.39553
4.35516
5.66634
5.80094
2.7306
1.43265
5.33243
4.19794
2.11715
5.42568
5.83063
4.13203
4.97615
4.99592
1.26796
1.22285
4.15591
3.21894
2.41089
1.47453
2.25196
5.75965
5.52541
5.41678
2.50021
5.45241
4.78487
5.18235
2.56882
4.12054
4.57139
5.75899
2.0404
5.54907
1.94318
3.17336
5.6728
1.7926
3.36433
2.89611
1.27107
5.98608
2.72276
5.78257
2.65967
1.8403
5.02057
5.3977
1.61809
4.63873
5.82224
5.65989
4.38637
3.17993
5.60264
1.95397
2.45202
2.3852
4.14947
4.81579
2.63653
3.64967
2.84297
5.11771
4.18756
4.17345
5.2492
2.55636
1.67904
2.96584
3.40718
3.86271
5.39405
3.74941
1.44318
4.25099
3.72758
3.16208
3.77966
5.46283
5.55481
4.30652
4.88765
3.63899
4.86582
4.4501
5.02016
1.9913
3.01363
3.43914
4.01263
5.70816
3.247
3.84459
1.49369
3.09694
2.73468
5.96867
3.75487
3.06662
3.80834
2.36221
3.21678
4.63407
5.77712
2.45845
2.63104
1.18056
3.35986
4.13337
5.69214
2.2053
1.84919
4.54478
5.01995
1.86417
1.71372
2.35765
5.01924
4.7211
2.95633
5.58387
2.03242
4.98434
3.51458
2.68779
4.67237
5.68789
4.99619
1.5505
4.04472
5.48106
1.61276
4.34415
3.6282
4.10574
5.17866
2.62197
2.35609
1.50599
1.19147
3.04074
3.50389
2.58987
1.3618
5.44154
1.5034
4.74514
4.41586
2.64565
5.03256
2.62436
4.79522
4.6786
2.52542
5.81775
3.11568
4.40324
1.55634
5.71452
5.35004
5.18846
5.91689
1.03226
1.9452
3.51192
4.25856
4.62383
3.0903
2.82245
1.14673
1.73138
1.58311
2.881
5.58484
5.86404
2.00312
2.74983
2.43774
3.97182
5.8415
2.98153
3.71906
3.15194
5.85585
4.02592
3.01422
4.36065
3.0477
4.86073
2.08353
1.65344
2.48584
3.07641
2.22162
2.5087
5.74383
5.606
3.62398
4.50607
1.35417
1.76594
1.80701
1.76274
3.61842
1.82416
5.11812
1.34281
4.90749
2.77939
4.22129
2.64179
2.64101
2.04307
1.91287
3.33551
2.19236
1.16772
2.06404
2.72901
3.61461
3.3474
3.34868
5.63347
3.2547
1.09529
3.73897
2.6595
5.7929
1.02668
3.67048
5.99259
5.13194
1.07409
1.02288
5.29528
5.82783
2.54357
2.45326
2.87303
4.70873
4.28048
4.5731
4.19251
4.12008
3.72164
2.48629
2.32813
5.35716
2.92336
3.40841
3.04215
4.63901
5.7065
1.66356
5.61492
3.12058
2.06807
4.0954
4.90406
5.46034
5.97083
3.71899
3.62631
4.22526
3.81843
4.75727
3.75539
5.63892
5.41324
5.62346
4.97755
3.9173
2.31994
3.09415
1.1382
4.59049
1.44252
2.12679
1.87449
2.02227
3.67001
1.36392
2.51704
2.90081
3.8433
5.28129
1.74851
3.21319
2.50688
4.71961
1.3462
3.41175
1.1859
3.82445
3.06307
4.7478
3.79677
2.43446
3.79725
3.55335
5.57234
4.02695
5.67902
1.39894
4.14942
4.36765
3.61142
4.19742
2.60246
5.02815
4.71092
1.4521
1.86516
2.53396
4.61729
1.80245
1.59819
2.78467
1.91404
3.9825
3.85235
4.8373
3.09311
4.30101
3.34104
2.5489
5.31146
1.14895
5.55182
4.91334
3.35415
2.05039
3.85693
5.27238
1.00332
4.95495
2.06575
3.59839
2.70926
3.2234
3.12447
3.49561
5.895
5.82787
4.81132
3.80165
1.25679
3.26067
1.98698
2.13867
1.43867
5.45475
3.20509
1.50506
2.87894
5.43749
4.01546
4.14869
1.40229
3.5889
5.13201
1.24983
1.24458
4.21699
1.59883
5.18826
1.16279
3.00404
3.2636
4.79113
3.64437
4.86869
2.12973
5.4651
2.06494
3.42359
1.66293
1.61172
1.05812
1.82489
5.8084
5.40686
1.99498
4.09009
3.54937
4.6833
4.99308
4.42975
1.30397
5.17578
2.48778
5.66547
1.59444
4.24834
5.33284
2.10437
4.2917
5.99649
3.41903
5.3657
1.68023
1.46806
3.7005
1.50835
1.72671
3.93651
3.62857
4.63358
4.67545
2.54148
3.66557
1.02207
1.61874
4.13201
4.67861
1.24169
3.46906
2.34827
2.51313
2.80588
4.03966
5.49297
5.37042
2.49238
4.2501
4.80226
4.24451
4.81125
4.12432
2.64998
1.62547
3.14513
1.83248
4.92536
4.99287
4.42583
1.91749
3.32107
4.88207
5.85156
3.69662
5.16091
5.11287
1.92823
2.07373
5.38067
2.26571
3.21655
1.35563
5.64309
1.84255
5.61032
3.63384
3.70339
3.46154
4.12913
5.65124
5.02353
2.63648
1.29357
1.381
2.33424
2.44959
2.71979
4.64591
5.02877
2.03317
2.02306
5.62127
2.70275
2.05836
1.20128
3.89993
3.18175
4.24565
3.96646
1.63758
3.45189
5.64996
2.93772
4.10845
4.06792
4.55303
1.97732
3.53313
1.99384
3.16958
4.36241
5.32087
5.16134
5.02174
2.90084
4.70927
2.13314
3.27484
3.82743
5.27618
3.54827
4.09921
1.50722
3.81501
1.01373
4.3052
2.11876
1.76026
4.89564
5.19852
2.93153
5.65921
2.24992
4.45934
3.2082
5.32723
5.70909
1.53151
1.68091
1.29371
5.39238
5.71795
4.83913
4.22456
4.30976
3.14885
5.63899
5.25468
4.85866
1.78225
1.75577
2.92257
5.03174
2.40935
4.05395
5.79137
4.12394
2.59299
4.78606
4.27171
3.90142
5.92687
1.24101
5.81567
3.32105
1.85262
1.57633
2.99663
2.50739
4.43188
2.66145
3.27283
5.43985
4.39273
4.55097
4.98433
4.90454
1.93604
2.15983
4.66282
3.04472
2.2117
3.63365
2.63372
5.21783
2.10153
3.44725
4.53372
3.84468
1.55216
5.41663
1.40762
1.12135
2.79337
5.41307
1.92275
4.55445
3.49543
1.8028
1.66311
5.56538
4.43144
4.52876
1.93742
3.27554
2.21991
4.67048
2.83478
1.00896
3.96009
3.47704
1.9485
1.1051
3.30292
3.82385
4.10552
1.98773
4.01703
3.19579
2.2084
3.84624
4.2404
3.39218
1.82281
3.10653
1.20916
5.77069
5.11279
4.5471
5.71613
1.92915
4.1039
5.49374
3.29195
3.04178
5.78998
2.13683
5.07243
3.73879
2.32141
5.38867
2.49982
5.40875
4.23217
5.65538
2.91616
3.41736
2.47123
3.85609
1.28891
2.12595
5.77417
2.4897
4.83944
2.25117
1.79793
1.6313
2.32966
3.37253
2.37962
2.63281
2.84132
3.94793
2.48822
2.79673
1.72543
5.56479
1.91156
4.27302
5.20684
3.20483
4.74106
5.37567
3.13429
4.74666
1.3435
3.99897
4.33251
3.82929
1.08374
1.00103
5.73514
3.45127
2.70883
2.57262
4.28163
3.52884
2.42609
4.5767
5.80517
4.17037
2.49078
4.57525
3.71098
5.07431
4.03066
3.29668
5.06463
2.50025
1.12202
2.27307
5.2297
3.31615
1.32465
2.52134
3.89571
5.15172
4.29212
5.77721
4.23398
4.49633
1.29009
3.83311
4.05642
2.31858
1.85301
2.989
3.8061
3.44878
5.0416
3.10308
3.58609
5.39305
3.26685
3.92507
2.37345
5.61935
1.13673
3.59756
1.23819
4.69815
5.7574
4.80757
2.49358
4.36131
2.162
1.03848
3.97702
2.7764
2.60556
2.78347
2.36323
4.67573
4.1981
4.10349
3.83868
1.83062
4.37121
2.30309
1.44469
2.46611
4.89093
5.11162
4.78283
4.15699
5.22801
4.04108
2.95992
3.46478
1.04064
1.58758
1.0505
1.84191
5.06455
1.78459
3.92285
3.26377
5.86891
5.03247
5.99414
1.6135
5.53444
1.94143
2.86293
4.3459
4.43523
3.551
4.36025
2.54525
4.82992
4.23744
1.43755
2.66215
3.04588
4.99508
1.58045
3.30334
1.60776
5.7755
3.73873
5.13936
4.93523
1.98093
5.76619
1.8109
3.21288
3.91978
1.26912
5.52743
4.99639
4.5215
1.80295
3.57155
2.12475
1.4473
2.29494
4.20854
5.8996
5.08844
2.20377
5.45124
2.39308
5.0749
1.57837
2.99075
1.55891
4.67749
1.20792
4.4616
4.73383
5.82323
5.34931
3.49677
1.5941
1.89845
1.9994
1.01948
4.92332
1.72036
1.79632
2.53366
2.18208
5.24578
1.87091
3.27669
5.15739
5.07618
4.33906
4.79234
4.50324
1.52783
1.67273
3.42055
2.13456
2.97476
3.4894
2.37608
1.86063
5.94297
3.96215
3.33983
3.77633
5.73529
3.21581
1.99513
5.48593
1.48753
3.90768
5.73258
3.71452
3.88331
4.39552
4.18993
2.04388
2.26591
3.20341
2.60125
3.95485
4.65244
1.17149
4.65823
2.9075
1.84474
5.01273
1.13729
1.46795
4.20285
5.82606
5.66208
1.39955
4.05356
2.28665
2.24149
3.863
1.59617
4.14044
5.57804
4.38102
4.58092
2.69056
4.35794
2.76613
5.10753
1.12945
1.92998
3.81575
2.35024
5.82478
4.91875
1.05513
5.6842
1.52306
2.70622
2.25064
4.98171
2.43744
3.50312
1.69352
1.27584
5.41129
2.41337
3.52395
2.65619
5.90486
4.80873
1.56173
4.36535
2.07644
3.15712
1.4499
4.39468
3.39284
5.71481
3.3994
3.32012
4.20665
2.0656
4.7257
5.15137
2.81398
4.08558
2.75278
1.16184
5.41702
4.58377
5.86761
1.19071
1.95919
2.5193
4.66228
3.01945
1.29959
3.56784
5.60598
4.97859
3.00824
2.99232
1.73018
5.88289
3.08085
1.69628
1.85431
4.26519
4.01259
3.27923
1.17483
1.31669
3.38538
4.48989
4.11595
3.17161
3.89503
3.14916
3.50719
3.5206
5.58662
3.19575
5.00205
5.91469
4.02431
2.64527
4.55732
1.54088
1.77071
5.94068
5.40792
1.31443
2.49901
1.24815
5.7327
5.53899
4.44681
1.89737
3.83021
3.42524
1.91378
5.40593
4.60712
2.81573
3.80711
1.73218
3.30534
5.51757
2.58205
2.7827
4.21805
4.7672
5.5723
3.31595
1.51042
1.20814
5.95311
4.63378
4.79234
1.11518
4.25306
4.58006
5.69066
2.79733
2.28752
2.96022
1.02434
2.6077
3.01569
5.4875
4.26304
2.8191
2.54363
1.52674
1.49724
2.92707
4.25984
3.36443
1.19384
5.44385
1.87907
4.44652
4.36794
4.77058
4.49867
5.30015
2.55839
4.69679
1.18462
2.84262
5.02729
3.98571
3.17681
2.97435
2.06432
1.46412
3.64443
4.09026
2.10207
4.24467
2.66883
4.10791
3.75519
5.95672
5.45467
4.32559
2.88172
3.03439
5.87099
5.75923
5.60931
1.68567
3.53443
3.27593
3.03222
2.71665
3.53106
2.90075
2.30934
1.07628
3.32591
1.02285
3.30127
3.07873
5.75665
1.11088
4.0811
1.60701
1.60747
4.05388
2.82325
4.14891
5.99901
4.80435
1.18559
4.80701
2.63142
2.89003
4.59912
5.09179
1.23
2.19937
5.39641
3.58068
5.84998
5.69566
3.756
1.72715
4.01182
5.18299
5.60511
1.14997
5.00618
1.58368
3.28259
1.63196
5.70427
1.38631
4.5703
2.41492
1.44292
3.82331
5.09117
1.88872
5.16153
2.11909
2.76159
5.73013
4.12182
1.83937
1.47366
5.33441
3.9407
3.33894
3.24775
4.97978
5.04487
1.76088
3.29835
1.64254
2.27632
2.54269
3.6389
3.40579
1.53551
3.33381
1.63598
4.73725
4.87049
2.36847
2.21552
1.90382
1.16182
1.25668
3.90792
2.89158
1.9051
1.78447
5.5629
5.44887
5.97333
1.42936
4.11612
2.40312
3.60325
3.01605
4.27718
1.94701
5.17411
2.22474
4.24372
4.96892
1.1486
1.82559
1.62037
3.13212
4.36832
2.69945
5.5071
2.79732
2.8171
5.40991
2.37409
2.13617
5.0908
3.65384
3.7943
4.09813
1.78231
1.01797
5.57782
2.05907
5.47371
3.63338
3.34178
4.8833
1.22584
4.41703
5.33524
4.2485
1.60172
5.33254
1.48047
5.98912
3.11671
5.54822
3.43294
4.07277
4.37146
3.41878
5.12409
1.89654
4.31842
4.11284
1.1386
5.7294
3.49763
2.5388
1.57705
5.28025
2.53984
5.4189
5.23162
1.07916
3.69649
4.20032
2.20574
3.25766
5.06608
1.59228
5.06691
5.63046
3.02867
3.34237
2.54665
3.03774
5.18781
5.22035
3.28325
2.62103
4.89703
4.71307
1.51643
1.08578
4.79247
1.64579
2.64072
3.65344
3.27149
5.66869
5.54317
1.0232
1.68834
2.46663
5.40712
1.53866
5.35113
5.68888
5.65523
1.27308
1.90202
1.3236
4.71142
2.88633
2.07543
3.77241
1.84298
3.94033
5.42281
3.76902
4.34283
4.55273
4.65994
2.93431
4.35092
1.58133
3.6619
5.91172
4.59714
4.31734
4.65786
1.26931
5.96149
3.37171
3.252
1.62039
1.9574
2.10587
5.93786
1.47849
2.79927
1.72161
3.73291
5.34316
4.64432
3.71282
4.41927
5.37472
3.71296
4.61654
1.15087
2.0641
4.38196
4.29841
5.42001
1.68939
4.88485
2.87786
5.64455
2.56774
2.09771
3.94494
4.04814
4.49719
1.97138
5.14033
3.69782
1.0206
1.7108
2.25452
1.20721
5.75686
1.79541
1.63545
4.90964
2.90397
1.66172
3.3552
1.48618
3.83561
4.39019
5.84748
3.86346
4.54542
3.39567
1.75455
4.46891
5.44095
4.03642
5.77548
4.97376
5.89641
4.63579
3.23962
2.82396
1.1283
4.83868
3.88767
2.04456
5.7918
2.968
3.46953
3.92426
4.48397
2.35374
1.89601
4.69486
3.70196
2.00674
5.04153
1.69753
2.2026
2.8129
3.20699
5.78815
3.95148
3.22201
1.63382
1.92173
1.58461
5.57224
2.32083
2.54831
2.52855
1.38077
5.33806
2.25614
3.47323
2.57883
1.55477
4.15136
2.94714
5.4914
5.4918
2.93752
2.3327
5.85799
1.25707
5.25277
1.14957
5.13808
4.20597
5.27142
1.03794
5.30567
5.15705
3.14211
5.14972
4.15246
5.35448
2.81317
1.00293
4.41212
2.66225
1.01209
3.01765
4.69276
5.05313
4.45842
3.51899
5.94712
4.76755
1.18609
2.89441
4.98655
2.60213
4.55253
5.60603
3.10391
4.78195
5.06864
1.00098
3.24088
1.50121
2.57866
3.29863
4.12828
4.30725
1.06526
3.06832
3.53449
5.46871
3.99855
2.09584
5.05102
3.81897
2.7634
1.26586
1.87952
4.40581
4.39574
3.29736
5.79622
5.80329
2.27331
2.54365
2.07592
4.94412
1.21014
1.13073
4.65478
1.69479
2.79796
5.32879
1.47964
4.59987
1.0535
3.94308
4.89181
1.83833
5.23314
4.72958
1.36637
2.63014
5.8594
3.28769
5.09812
5.36447
5.89402
1.80148
5.1955
4.44616
2.94737
2.47981
1.80081
4.22119
1.32202
5.01633
5.76473
4.88616
2.46952
1.12772
3.81416
2.64583
1.54535
1.85239
3.99348
3.78507
5.65901
4.26429
2.84189
5.08973
5.14942
5.38493
2.88416
5.10036
3.81378
4.01079
3.93317
2.02378
3.05791
4.90806
5.08317
3.36337
1.02461
3.19895
2.54947
4.15697
3.03302
5.95605
1.39904
3.42256
3.29576
4.05888
2.21575
1.39086
3.57308
3.61781
5.63344
1.32999
2.90719
5.94962
3.00918
3.31126
4.11817
3.75135
3.14087
5.7945
4.63129
4.16557
1.47999
3.18488
3.26959
4.60508
1.65641
5.88486
4.74319
2.09656
2.00371
2.28158
3.086
1.44084
3.11599
1.61357
4.65225
1.4505
3.03051
5.88458
5.43932
4.02912
4.44205
4.66648
3.43368
4.86706
4.22696
1.57881
5.89574
1.34953
3.57778
1.86589
2.55274
2.05729
2.09712
4.32422
1.63226
4.48012
4.42623
3.96448
1.65043
4.59822
2.3242
1.42391
2.50627
2.49705
5.78627
2.06467
1.39772
5.69325
1.79093
3.78818
3.5661
2.2315
4.87511
3.34281
3.12728
4.57818
2.01603
2.87409
3.02241
5.94345
5.58799
1.82982
5.21458
5.80933
3.58575
5.34625
1.99555
1.37266
5.26855
3.75972
3.007
1.41445
3.06419
4.85762
1.21123
1.21473
1.44873
5.44474
2.48793
3.81878
4.83252
2.39087
5.23691
3.8457
1.76555
4.77038
2.81406
4.57752
5.33665
3.32854
1.83362
4.08159
1.07219
5.22624
4.37788
3.25297
1.31472
5.83697
2.543
1.90943
4.63425
3.89802
2.12346
2.26843
1.73014
1.25198
5.73651
3.46462
5.23721
2.04344
3.48212
2.25276
5.35242
2.94553
5.02399
2.05426
5.0296
3.75962
1.49618
3.25859
2.20776
5.63114
4.151
2.7397
4.9865
4.8217
1.46216
5.29384
2.46283
2.23168
4.3092
1.8913
1.00134
5.0321
3.75134
1.85029
5.70949
5.28682
1.14176
3.21669
5.79953
3.3675
1.35406
2.54461
2.08528
4.4184
1.64537
4.03912
5.11509
5.84481
3.14545
5.60646
4.19343
5.60044
5.653
5.06514
4.88261
1.35016
2.8838
2.75483
5.37822
1.89663
2.62663
3.53171
3.56944
5.68443
4.52912
2.99795
5.56564
3.93152
2.09622
3.46026
5.20871
3.77627
1.60788
3.07371
5.59627
1.65282
5.2515
2.77089
4.19189
4.39807
2.05148
5.61689
4.75633
1.92054
5.92528
5.22273
2.44008
5.79302
5.19916
1.69565
4.05502
4.12484
1.5022
5.54678
3.19627
4.38066
4.48267
2.10453
4.70016
3.38806
3.14386
3.72565
3.36633
2.15609
2.6985
1.73223
2.19133
2.94709
5.14166
4.14968
3.08466
1.53237
1.72462
3.44199
1.4786
4.04119
5.19074
2.34222
1.9908
4.19815
5.05239
2.20887
2.72716
3.04596
5.92345
1.09683
1.57648
3.07222
4.58057
1.75235
5.38209
1.69813
3.14827
4.20742
1.8981
3.63397
2.75683
4.58445
5.44451
2.04631
2.91
4.49744
3.94765
2.7936
2.35352
2.26252
2.14973
3.24194
2.71921
3.56729
1.03561
5.03795
3.92797
5.69259
5.57939
2.45016
2.09443
3.57953
3.66258
1.84787
5.34398
5.57341
1.14452
2.01431
3.91729
1.48914
2.54164
1.33014
3.61957
5.50273
5.34265
4.54835
1.02128
3.40188
3.68181
5.64172
1.81739
4.88666
4.72173
1.86036
1.91693
1.20615
2.75325
4.10653
2.70785
5.59967
1.57542
2.52614
5.60136
5.27466
3.32812
4.93444
1.51129
5.33655
5.54835
1.53534
3.0072
5.86981
5.02639
3.14975
2.16379
1.77995
5.04706
3.72383
1.81631
1.91204
3.09398
1.72095
5.25297
5.07542
1.13144
5.68428
2.0956
3.98364
5.50128
1.95592
1.03338
1.66342
4.40331
3.51311
2.50781
3.84037
2.27299
2.9865
2.75739
5.26106
2.31313
1.10538
5.70671
5.29167
4.44576
3.61366
3.9461
5.7186
5.27258
5.75025
1.94707
1.08526
1.79835
2.91905
3.17618
3.59456
4.99008
4.50818
1.92122
2.39496
4.30941
3.87134
1.47183
2.60004
2.53807
1.26697
3.37973
1.661
2.17096
1.6652
5.46766
3.55693
1.81526
5.47741
1.20057
5.8698
3.12144
5.7282
4.14662
2.19639
1.28367
4.36005
2.24152
5.88584
3.86009
1.21564
3.15843
3.9931
3.13989
5.85351
4.54252
3.1609
4.36485
2.38558
3.48765
2.2874
4.42134
4.74041
5.24008
3.04648
5.05939
1.5061
5.56668
1.1916
3.95321
4.24064
2.91292
4.02306
1.95994
2.89406
5.81753
2.20839
2.5078
4.90284
2.99809
4.43524
4.18109
2.31959
5.05765
3.1084
1.07808
1.85323
4.39915
2.7847
1.48991
2.33238
2.21844
4.4206
3.75839
5.37714
1.45318
4.28334
1.97111
4.0761
2.40152
2.88337
2.38005
3.41201
3.03028
5.20676
1.30123
5.85425
5.43635
2.38582
4.76593
2.82167
4.70984
2.61378
5.62802
3.09546
4.80399
1.29778
2.24787
4.3003
5.70955
5.2104
4.61182
3.43886
2.05555
5.6439
4.93221
3.42024
4.5387
1.53718
4.80854
4.41945
3.67989
5.32125
5.10311
2.69175
1.20426
4.24681
1.25965
4.68107
5.76395
5.49131
5.12026
1.54332
4.21839
4.01401
1.90248
2.77905
1.74022
2.39669
1.19678
2.86023
2.63847
3.58282
5.2247
5.45715
5.02939
2.15939
3.53482
1.13443
1.91544
1.60679
1.45992
4.79276
1.46277
2.61147
1.45081
3.38298
2.43392
2.27544
1.55699
5.80219
1.00719
1.89076
4.33914
4.78271
1.29741
5.24552
1.15336
2.98195
4.5168
3.4035
5.60206
1.4478
1.1442
1.10905
3.84368
5.83488
3.99946
4.81206
2.01577
2.94255
4.57465
5.52982
4.15779
4.68913
4.21192
3.95047
5.40677
1.97541
4.12788
5.26848
5.84772
4.06577
4.28625
2.0018
1.97915
3.26131
5.6659
1.59139
5.33139
1.48517
5.54167
3.89078
2.16332
2.76771
2.50549
1.02153
3.4513
4.92488
5.64903
2.65152
5.44786
2.47597
3.68318
5.03994
1.07965
2.15129
4.89194
3.52455
5.31095
4.39306
2.34605
4.18427
5.53646
4.84463
2.40668
4.71876
4.08436
5.83969
4.43112
3.01623
5.28589
4.82187
3.98467
5.14321
1.36239
1.01938
3.52816
5.64269
4.93604
3.73394
3.28448
4.97031
2.40995
1.5392
5.11622
1.87565
1.19076
1.37389
5.12708
2.63601
4.92816
5.90609
2.22111
1.70402
3.08758
1.17955
2.93613
1.8142
3.50284
5.06405
4.9612
5.52567
1.60372
4.64912
2.33672
4.022
1.09033
2.76579
3.43137
4.55116
4.52302
4.21049
4.43943
1.81871
5.98708
5.98845
1.91981
4.94065
2.32921
1.59475
5.41275
4.05585
5.88362
1.70664
2.5596
5.5738
4.82705
5.96151
3.58572
3.31706
2.82028
2.12689
3.18745
2.87753
1.19036
2.90871
1.52363
1.55591
4.14159
5.96635
2.41365
1.84949
3.19691
2.07156
3.28344
2.99609
4.8877
3.52429
4.70291
5.31567
2.53307
2.27524
1.38167
3.60308
1.46575
3.14877
4.62279
3.54813
3.23643
4.15313
3.89619
3.86732
4.91084
1.24168
2.33638
3.64447
4.59321
5.77706
4.57462
1.25878
4.57544
2.1739
1.8985
2.53351
3.11709
2.16857
2.83549
5.51895
4.67807
3.39838
4.95933
4.122
4.60983
4.56969
1.12474
3.95056
1.7962
4.65245
5.08713
4.93502
3.73907
5.04906
4.22865
5.0472
1.10521
3.4316
2.09132
3.62827
4.06713
1.40416
3.84553
2.17372
2.94455
1.89569
1.45978
2.96322
1.02487
1.3924
1.98205
4.56536
4.13395
3.0343
1.31919
3.23647
3.948
4.08387
3.56658
5.65742
5.36695
1.27164
3.18454
3.74266
5.97849
4.5755
2.06005
3.68904
1.97577
4.73242
3.18386
3.62561
2.38205
1.44159
1.7967
1.64374
5.39072
3.11851
2.42676
5.43522
3.64297
4.11737
2.29997
2.8961
1.70935
1.56232
3.73016
3.85808
4.57081
4.92256
2.89578
5.42801
1.94474
1.92636
2.0222
3.42769
4.58894
2.62877
5.58336
1.15959
5.73905
3.80932
2.41487
2.54546
2.37291
1.35959
5.32558
2.80903
1.60785
2.9978
3.16883
1.85673
5.06723
5.18431
4.68392
3.75226
2.12256
5.2684
5.56837
2.92612
3.43224
5.02614
4.04983
1.59744
1.84256
3.29889
4.08218
3.24492
4.45816
5.45293
4.61239
3.62097
4.27528
3.98787
3.10524
5.87799
2.23164
4.55323
3.65396
1.83079
1.67209
2.71088
1.05992
1.52113
1.15043
5.42278
5.77862
2.22949
3.05935
4.95709
3.67897
2.3899
2.95515
2.79626
4.25471
1.8437
1.55841
4.39404
5.90067
1.19875
5.48235
3.05644
3.79134
3.26815
1.7652
4.69902
5.97632
4.51507
1.54146
5.23756
4.76996
4.84158
1.73916
5.47423
1.12261
2.98518
5.87832
4.71224
4.21568
5.12872
1.9933
5.22864
1.34642
1.33001
1.81158
5.0106
5.61919
3.12629
5.78123
1.7634
1.92697
3.59606
1.81326
1.66794
3.10902
5.543
5.94401
2.33818
5.46007
3.92238
3.05327
5.13192
5.42466
4.62228
3.60884
2.72478
1.35192
5.04762
4.73787
2.58235
1.65521
4.28353
3.12338
5.67004
4.19447
5.9312
3.94532
1.02661
3.78386
3.85147
5.76396
5.39376
2.56206
1.20067
5.59753
1.23107
5.71775
2.32491
1.97254
5.53835
1.43881
3.66293
5.20428
3.93326
4.68341
2.00558
3.15672
3.46539
4.71879
1.82951
5.07764
1.35229
3.63203
3.36404
4.42873
3.96021
4.01579
2.30672
5.83659
3.27444
2.62475
3.26401
4.0639
5.25949
1.37699
1.98943
5.20819
2.93832
3.05699
1.09795
3.92558
4.85732
1.41475
2.27236
5.37883
3.57851
1.03189
2.00606
2.63304
1.77422
2.85323
1.956
3.46043
1.8092
5.20664
3.15735
4.84056
5.88924
5.53131
2.17435
2.00895
4.0388
5.0117
3.06558
5.65015
3.53908
1.51084
5.50978
2.96837
1.80395
2.28156
5.09463
3.8974
1.87891
3.10918
2.48557
3.91133
1.29604
3.03677
4.67681
1.8288
2.47832
1.4072
1.83974
5.00804
1.42563
1.42083
5.32455
1.53126
2.29165
1.07924
1.38387
3.77836
3.52999
4.62145
1.25962
5.3783
2.49566
1.24846
3.83894
2.36717
4.27605
5.99466
4.41617
3.72449
2.72831
2.49131
1.81513
3.8315
1.4462
3.56114
5.69263
3.10899
4.99119
2.09713
3.06583
4.73825
5.11608
2.558
4.63434
2.32076
2.89377
3.23382
1.29619
1.24449
4.2439
3.80533
3.22282
1.83225
3.02162
3.7778
4.14464
4.76771
5.88755
4.28552
3.12939
4.32545
1.00146
2.23685
3.48108
1.35169
1.15086
2.53457
1.65977
5.31311
5.31443
1.42618
3.87833
5.89399
3.53257
4.20817
4.67315
3.2
2.07511
5.35367
3.01398
3.52416
1.61119
2.51172
5.0032
2.53333
3.8473
1.12705
2.84742
5.60743
3.94635
4.07175
2.34012
2.65811
5.10846
5.61625
2.6924
2.09648
4.71208
3.27788
5.15223
1.52271
1.20342
1.08611
4.76833
5.26467
3.89932
2.13767
2.03185
5.9716
1.5439
5.05992
4.4639
2.22698
5.93536
3.26314
3.84464
5.51645
1.41375
2.28134
1.38445
5.09048
5.26455
5.74635
4.24321
1.29375
5.03113
5.81262
3.27998
3.07434
1.81979
2.38262
4.47471
5.69631
5.49717
5.03892
3.16357
5.49974
3.38646
1.96349
3.96899
1.00778
4.92657
5.64395
5.33035
3.17319
5.62009
2.18804
5.93807
2.27357
5.40948
5.47923
3.57498
3.37241
3.92664
2.12946
2.14905
5.60862
3.49457
5.66937
4.6812
5.39166
4.54859
3.14516
3.15195
3.17135
2.61207
3.27812
2.21969
4.41439
5.02281
3.63237
4.5507
5.12537
4.27138
5.40489
4.84084
1.35369
1.68546
1.10733
1.39922
2.06431
4.97137
4.68882
4.58731
5.23693
4.09684
4.72475
1.48668
3.59259
1.55273
2.86751
4.27606
2.70879
3.14351
2.55558
4.14482
5.03343
3.19985
2.26975
3.71292
1.2875
1.14772
5.70457
4.26703
4.57808
3.46607
4.91675
2.40288
4.13224
3.57335
5.6755
1.47285
2.59372
5.5496
5.26359
1.50735
4.26496
2.86549
2.28053
1.78351
3.27497
3.58821
5.53262
5.07482
5.43836
5.59499
1.84116
3.79284
1.35268
1.96949
2.07297
5.03446
5.15172
4.40199
4.44226
3.1249
3.16596
3.5696
2.22525
1.09243
2.68986
1.24182
4.57652
2.96363
2.05727
1.43662
3.77789
5.50868
1.49582
3.13445
1.6555
4.62152
2.76754
1.72591
3.27157
3.75728
5.68581
1.00276
5.56456
5.48331
3.28733
3.6733
5.14049
5.28635
5.07573
1.25781
2.7027
2.21766
5.46198
5.05795
5.97436
3.99396
1.71141
3.54866
4.77439
4.89356
2.55304
3.96022
2.04216
5.62427
3.58057
1.54165
5.98929
2.57006
2.92481
4.66093
3.63888
4.06358
2.93201
1.72888
4.27678
3.04701
4.0545
2.25695
1.79858
5.47891
2.43875
3.08784
3.63601
3.77114
5.15587
1.98392
1.46252
3.39201
2.31439
2.92387
2.81833
2.3859
4.86104
5.34062
5.2978
4.11967
5.42764
1.4246
5.17753
4.09523
2.62137
5.90042
4.03274
5.53657
5.45816
4.33984
5.72466
3.88048
3.76813
3.17366
2.4068
2.82975
5.19722
4.77323
4.18771
4.66633
3.51511
3.05109
4.62852
2.81434
3.21985
1.33131
2.20278
2.77576
4.58979
3.2117
4.59176
3.46784
2.34053
5.82305
3.65178
4.4458
1.64649
1.4195
4.02082
2.61574
2.51283
4.33765
4.61321
1.79478
3.14414
3.86238
1.1974
4.16436
4.1436
5.85086
3.40588
3.43852
2.96313
4.6018
3.96712
1.92667
5.16557
2.51935
1.78193
3.94714
4.69006
5.80619
3.33075
4.92545
1.6478
5.52064
5.46401
2.5157
1.21596
1.73134
3.09564
4.08274
2.22124
4.6801
5.92256
4.59091
1.07272
2.39008
1.79447
3.41823
1.15742
4.19948
5.55305
5.75314
5.77464
5.51915
5.37427
4.27895
3.56139
5.56061
5.23909
4.89664
4.33575
2.80501
3.01528
3.71085
3.82517
2.1257
1.67583
3.68304
2.10097
3.37115
3.85973
2.85838
5.2366
3.08998
1.77954
1.36173
1.05789
4.25809
4.41267
3.24057
4.44855
2.26505
3.02278
3.35805
2.88824
4.04313
4.92214
2.90316
4.38673
4.68077
1.61064
3.52366
4.17202
1.85061
3.1532
5.78354
3.10985
1.19103
5.05241
3.62578
5.37432
4.79435
5.64042
1.15131
4.13383
3.15344
1.88411
4.52049
1.52417
2.37248
4.73576
5.69954
5.79255
5.82506
4.06089
1.51245
2.83617
1.50078
4.56373
3.76277
3.3303
5.3764
1.8647
1.64716
2.93058
5.72442
5.35308
1.22519
2.60704
5.37277
2.06109
3.11386
5.77377
1.68878
3.53434
5.95818
3.54529
4.20733
2.49029
1.55586
4.99046
5.17853
4.47475
2.0891
4.75832
5.29192
5.2914
4.89233
5.79118
2.9504
5.76721
2.05368
3.172
1.82191
1.5345
2.24906
5.41221
5.18834
1.5972
4.22227
3.88864
2.62835
2.17461
3.77794
2.68251
1.70091
2.8816
4.91539
1.0388
5.01573
3.94192
1.51358
1.11116
2.95925
3.60575
1.83737
4.92784
4.55546
4.04717
1.9725
2.73073
4.73986
1.07997
1.35674
4.40698
5.56552
4.40646
3.94411
1.83636
2.49026
1.69425
4.65018
1.08412
4.45351
4.47915
4.85474
3.72696
3.57622
4.16965
2.50237
3.73782
1.2354
1.76303
1.20466
3.5844
2.29798
4.2875
5.51663
2.10821
2.36444
5.50521
2.88515
4.71827
3.97895
3.62231
5.64182
4.11196
5.51431
2.26287
2.67637
3.55806
5.53375
4.91173
1.25903
4.46359
4.1583
1.58693
5.90885
5.9916
5.71353
3.36686
1.59652
5.68378
1.67039
1.30291
1.1401
5.92751
3.70501
1.45863
1.95476
4.53573
1.24713
4.6267
5.75501
2.30173
4.92576
4.51084
4.12353
3.05364
4.20833
5.67935
5.64225
5.15197
2.71165
5.788
1.46091
3.51304
5.18227
5.85361
5.53119
4.8511
4.13347
2.68575
5.37954
5.94071
3.31565
5.93591
1.19225
1.11962
2.40833
5.11455
4.44837
5.07234
3.97101
2.90162
1.51106
5.02922
2.28722
3.21159
3.96836
1.03938
5.38376
5.87696
2.44012
2.86356
3.40387
4.12403
2.71873
4.50182
4.44862
2.90026
1.01398
5.4196
4.86098
1.77592
4.59554
2.44189
5.18978
3.81589
5.98264
5.11156
2.30836
4.26406
1.07742
5.39408
2.54146
4.89822
2.17479
1.08189
1.43356
5.82277
5.85349
5.51003
2.82515
2.629
3.44643
4.42759
4.13919
4.15491
5.53665
2.54225
5.75746
2.44015
4.00232
1.61716
5.72189
4.34667
5.1605
1.57884
5.95676
3.18531
4.99647
4.20279
3.0968
2.56566
4.12139
2.17186
4.73953
4.61699
2.62503
2.02402
5.52698
1.28722
2.37714
3.37494
5.50674
3.22247
5.41848
5.25369
5.42111
2.90091
3.05206
3.14143
3.21813
1.4101
2.12225
2.85345
2.55355
5.21932
1.12345
3.53242
5.33677
1.23915
2.42358
1.28566
5.53956
5.64349
3.57711
5.24436
3.19879
1.6495
5.83936
2.67022
4.56427
5.53459
4.32044
1.08915
4.02278
2.47428
4.32367
5.97915
4.21777
2.69835
2.22915
3.24525
4.72056
4.40662
1.58548
3.32854
4.8295
2.80918
2.97914
3.34612
4.30611
1.54334
1.72601
5.95678
4.92366
5.08305
4.778
2.78313
2.02127
2.14176
1.61203
1.06992
1.33355
3.55318
4.76093
2.97286
3.30696
3.8021
5.39536
1.38892
2.11599
2.91009
1.65396
1.77462
5.44571
1.42666
5.77059
3.95096
5.69827
2.03726
1.33228
2.74157
4.08614
5.00804
4.93217
3.49561
2.66832
4.10648
5.115
3.44986
5.93238
4.56241
3.74853
3.60894
4.28507
4.39143
1.03757
2.77292
1.64094
1.3499
5.41528
5.70276
4.13926
5.81573
5.93107
4.65379
1.41507
2.9131
4.78086
1.87293
1.43616
2.67163
5.91333
2.6762
3.92128
4.41548
1.65749
2.71019
1.09998
4.9277
4.85905
5.5459
1.97496
5.27549
5.73664
5.22836
2.31604
4.08916
4.56731
3.46668
5.95182
3.16819
2.22251
4.22962
3.2299
1.68152
1.68187
4.33097
3.07925
2.10492
5.97859
2.64275
5.31414
3.09846
4.9459
1.64311
2.64613
2.50256
2.85169
2.65013
1.39151
2.78703
2.08504
3.15388
3.74237
3.91797
4.89407
4.76047
1.46956
1.53845
3.51328
5.3079
3.39881
5.44897
1.44898
1.38917
5.39523
3.00988
5.14427
3.79106
3.94554
4.692
5.49608
4.97437
5.87881
4.52279
4.8657
4.71314
4.04155
3.59811
4.27259
3.18672
4.66536
1.66571
1.6974
4.27158
3.15068
3.58195
4.99267
5.38198
3.54759
2.27429
3.30447
2.11493
4.24888
2.81528
5.48164
5.10054
5.51781
2.96872
1.37416
5.06059
4.24467
5.77472
5.72308
3.13422
4.64739
5.59894
5.39096
3.3191
5.9799
3.81488
4.6865
4.46028
1.26089
1.67992
3.55727
5.93796
4.74983
5.80149
2.35923
5.18437
1.63799
5.19475
5.00705
5.80101
1.04149
4.66557
4.65102
2.53824
3.82974
3.00035
5.04821
2.20489
4.63651
4.12813
3.77085
1.94512
3.21676
2.49066
4.94458
5.78219
3.35932
4.79613
3.79516
5.19466
3.16566
3.15462
4.71116
1.35139
2.57393
5.34422
5.45277
2.86148
2.55561
2.21105
1.54714
4.14682
4.04238
2.57264
5.64653
2.25527
3.05102
4.61011
2.86847
3.81736
4.9549
3.77086
5.91277
4.40748
4.78667
4.3609
1.42767
3.58062
4.82701
1.01701
4.88921
4.87895
4.61085
2.37702
5.72124
3.98007
4.53065
4.80757
2.91844
3.51426
1.19748
5.82714
1.78529
1.81519
2.98645
3.73735
2.15823
2.67339
1.192
5.33474
2.5683
5.00099
2.99152
2.83875
3.00152
1.93763
5.09684
4.29132
3.34481
3.36043
3.29167
5.64052
2.22831
4.81636
5.83073
4.02973
1.09713
3.66459
4.32955
4.01974
5.11802
4.57267
1.812
4.64907
2.44239
4.60798
5.10967
5.49694
2.74514
1.94064
5.01986
3.89032
3.52007
3.84208
3.31883
4.76311
1.86281
2.22334
2.77832
5.63149
1.28072
4.68844
5.22492
4.92828
3.14773
3.04029
4.98616
5.30363
3.82933
4.71279
5.94961
4.24526
4.13687
1.83484
1.18227
1.824
2.87722
1.96516
4.47007
5.8881
5.93021
4.15602
4.18917
4.50004
3.94425
2.3761
1.15208
1.7537
2.66571
4.69654
4.11871
3.77773
4.72862
3.54748
3.75182
1.20589
4.89156
3.09763
3.25218
1.69042
4.02413
5.98666
5.64574
2.19539
2.26756
5.62335
3.72339
1.40894
2.71552
2.70612
2.55777
5.26473
2.52172
1.96127
1.03649
5.40153
4.72021
2.04575
1.25035
5.58637
2.26947
3.62323
2.24161
3.38169
4.2701
1.57371
5.53045
4.383
1.17243
1.69918
3.06968
4.45481
1.64014
2.98156
1.49434
3.84305
3.97002
2.05877
3.49393
2.66911
2.33069
4.01308
5.19411
3.97032
5.16138
5.5
1.03906
1.53396
4.79845
3.65124
1.85667
5.69544
3.54696
3.81057
5.70003
5.98857
4.10649
1.03622
1.42056
2.02811
3.45789
5.23727
4.56107
4.78649
3.32636
1.89753
5.47802
3.04258
1.3082
4.4503
3.12137
2.30607
1.17592
3.65677
5.71979
1.06509
5.09889
2.7439
3.93756
1.40479
3.21449
1.79271
3.67727
4.57069
5.68467
3.93117
1.48393
3.1051
4.94197
5.55872
5.94128
2.99799
1.98322
5.17065
5.11009
4.6317
3.36182
5.70284
3.10926
4.95405
2.86339
4.80369
4.64165
4.61545
3.96808
5.46425
4.47215
4.1078
1.19311
1.18613
5.52288
3.13623
2.7043
3.80489
3.89972
5.45914
5.45926
2.46452
2.44175
4.69709
2.21799
1.5835
5.51784
4.62186
1.49091
2.27644
2.10564
4.20451
3.69676
2.18974
5.59324
4.27235
1.12401
5.44624
2.25274
4.57448
4.72293
3.02896
4.55143
4.99219
1.13979
5.90196
5.08701
4.69137
4.92123
3.18387
5.25036
2.37139
4.49066
1.25571
4.11607
3.1168
4.69953
5.57754
5.51744
3.44018
1.69666
4.76937
3.84966
1.17785
3.09543
4.02234
4.52963
3.26096
3.35204
5.76911
1.98238
3.85907
3.64213
1.66287
3.87614
1.8382
4.92584
3.97655
3.53796
3.27998
2.25461
2.50617
5.09058
2.39277
2.47175
1.6912
5.99331
2.45989
3.41266
1.98081
1.07415
4.49821
2.48193
5.28817
3.62911
1.55411
5.38037
5.77671
4.15355
4.59038
5.92595
4.08674
3.26973
4.79069
1.85166
3.59094
3.52748
1.93783
5.51019
5.29994
2.17875
3.94407
1.2498
5.8399
4.55232
5.29909
1.37459
3.4919
2.16745
3.35215
5.93388
1.89677
1.7028
4.19417
3.81308
1.74911
1.95196
2.21555
1.77833
2.9732
1.11549
3.98124
2.16023
4.61343
2.46118
2.21288
3.99184
1.38766
2.38284
5.75565
1.73118
4.72922
2.15049
2.32302
2.62991
5.64812
2.71253
5.47714
5.63324
1.12338
1.41788
3.1658
1.03086
2.52503
4.70206
1.68218
5.38707
2.0668
1.94733
5.15432
2.3677
3.10089
1.80038
2.65213
3.60147
4.55722
3.22023
3.29747
3.65892
4.65586
3.03831
1.98407
3.44056
5.61788
4.53944
1.59853
2.91899
4.18444
5.80674
1.14983
3.30312
2.82324
1.7013
1.66563
3.65486
2.33622
2.3465
3.82982
1.00369
2.74213
2.92958
3.38217
1.62752
3.63423
2.18566
4.57212
4.80101
1.33083
3.85136
5.28048
1.69826
4.94763
4.02032
3.65328
3.864
4.71238
1.14825
3.61917
2.66685
4.3808
1.48172
5.90604
3.1969
2.24575
4.05762
2.08468
5.28462
1.98907
2.86771
3.73038
2.6644
1.31742
2.12658
3.51991
3.08807
2.04196
5.23844
3.51791
1.56412
4.87989
1.53804
1.12772
2.34902
3.9275
3.2863
5.2958
4.1882
3.41584
5.93118
4.20462
1.27539
5.22733
3.08711
2.53514
2.99704
2.7236
5.92998
2.6297
4.62192
5.98962
5.22452
2.76984
4.39768
2.69871
4.5719
5.06646
3.08299
2.78807
5.85173
4.93574
2.67582
5.12826
3.49475
3.13003
2.24043
4.77776
3.01444
1.16584
5.37457
5.41899
2.09337
2.62963
3.42655
1.64457
4.00622
4.16624
3.34481
4.14689
3.89886
3.41625
3.63854
5.09265
2.66226
1.2485
5.81101
4.34534
1.16126
1.3477
3.60298
1.32507
3.31969
2.60794
5.10315
4.54067
5.03309
4.42829
2.23965
1.84596
5.68242
4.51327
2.19938
5.69829
4.85428
5.28768
2.11174
3.84775
2.0258
2.71209
2.90589
2.45924
5.83015
3.83354
3.97498
4.44532
5.0611
2.55733
5.36934
5.32656
4.8728
2.1449
4.25109
5.07941
1.35202
5.12417
2.67412
5.80239
4.54195
3.46803
2.15117
3.53468
1.43533
2.91228
4.52065
5.88119
4.87503
3.53426
3.26293
1.20329
3.74494
4.61765
4.41259
1.77119
2.4374
5.33891
3.69059
2.47293
5.07341
5.90897
3.40016
4.24552
5.15166
3.00292
3.29948
1.42903
5.62732
2.15741
3.23314
4.61621
5.3817
1.3838
3.26775
3.43336
1.7426
4.64474
5.7714
5.97864
2.34998
5.70993
1.98525
5.57749
4.02302
3.9134
1.68254
4.09069
3.25803
4.682
4.36531
5.50698
3.05024
2.62342
4.82516
1.03027
5.4584
1.21803
2.84788
2.67321
3.8856
5.54453
4.27302
2.61655
4.69253
2.31317
3.77298
4.69243
4.34391
1.13828
3.67962
2.48475
1.76222
3.34295
5.39112
4.17745
5.46667
2.57332
2.61403
1.67084
2.04369
2.55861
3.55301
3.15527
5.75684
5.96847
1.61836
2.59206
3.98167
3.50549
3.0835
2.99449
3.55977
5.17162
2.04359
5.40077
4.11677
1.64047
1.99535
2.63954
4.48432
5.45899
3.21472
2.84364
2.3032
1.53174
2.03603
1.8841
2.95585
3.17752
3.15783
1.97476
1.56461
2.6943
2.58633
4.41432
3.8772
4.55476
4.99093
2.35078
2.51479
5.34675
5.64253
2.41289
1.94625
4.66403
4.13683
5.67768
2.43531
2.17016
2.5139
5.63809
2.43831
1.85888
1.76056
1.2835
3.95643
3.50691
2.95578
3.07747
3.209
3.8796
2.26565
5.25774
2.82809
1.35761
4.73316
4.52389
3.30775
4.28556
2.30248
3.62761
3.49652
2.01639
1.07324
2.73218
3.91465
1.881
5.54856
1.53322
5.11807
3.22995
5.11545
4.18779
2.32302
1.37796
1.51507
1.01784
4.24523
4.37301
4.30539
2.95414
4.38719
5.67869
2.81514
4.76646
3.71094
2.30297
3.70456
2.56375
5.23998
3.86121
3.6989
1.90484
5.21578
1.2887
5.4006
5.47851
2.15644
4.2151
3.21672
4.81332
5.78854
2.70355
1.60335
3.26755
2.20041
3.50104
4.11638
2.81385
5.64447
4.03002
1.59948
3.33684
5.73739
1.99615
3.51138
4.5555
2.00611
2.14337
2.51438
4.7926
5.03229
3.83825
3.47687
5.95287
5.18051
2.82398
5.79251
1.83108
4.97279
3.69622
4.03622
4.62398
4.6024
1.99315
5.45785
2.9205
5.46862
3.86926
2.49557
4.92808
3.65652
4.27445
5.55424
2.97633
2.27476
5.557
1.76506
4.92097
2.8833
1.15261
2.69037
3.72916
4.87077
4.2433
1.17481
2.82444
1.6506
4.23453
5.32749
4.54504
1.60134
1.90041
1.3503
5.94851
3.54017
3.91156
4.34799
2.08118
3.54229
3.04621
4.95593
4.40917
5.55111
5.08016
4.53102
2.34535
4.50405
2.57602
2.5471
5.45135
5.76364
4.49735
3.83685
2.9755
5.2191
5.74153
2.39047
1.71599
3.33478
3.8303
1.8641
1.86663
5.08219
4.66324
4.91852
3.38197
3.61391
3.50406
5.49504
5.64493
4.822
1.33883
1.47882
4.76789
4.76938
5.05892
3.58141
2.92482
3.18005
4.24852
3.21993
5.69556
5.60847
3.89874
3.54895
2.78253
5.0575
4.3599
4.32505
1.69627
2.25169
5.04426
1.01174
3.44046
2.66279
1.59799
4.36125
4.98279
3.98807
1.79992
3.88759
4.77952
4.95275
4.67292
2.25609
5.01427
5.99187
1.10053
5.09387
5.98226
4.10703
5.5458
4.34528
3.44812
3.62215
4.72383
2.67843
1.35767
5.91074
4.76502
1.05392
3.30207
4.75497
2.53743
3.20314
3.20896
3.74202
5.41843
1.08078
1.24157
3.01428
2.49359
3.34805
5.47886
3.37148
1.52343
3.44903
5.06199
5.87072
2.19278
1.04204
5.84232
2.97737
1.31534
1.46852
5.65161
2.36895
3.50662
5.95107
1.91471
4.66524
2.09575
3.52379
4.00119
5.72239
4.98361
4.86838
4.30407
5.35326
1.06631
3.65892
4.16712
1.1803
1.55567
5.45089
5.35902
1.14374
5.89935
5.17391
2.49987
4.42575
2.42097
1.83444
2.64956
5.24912
4.68562
2.8796
1.9162
5.30398
5.89877
2.93556
5.46589
5.1752
2.35048
4.27665
2.52259
5.90904
4.53381
3.71045
5.93107
5.18658
4.64359
1.73127
1.48958
5.97296
4.77339
1.2923
3.69632
5.0893
1.3833
1.7141
5.7307
2.1048
3.14721
1.76593
4.62337
1.06277
2.77566
3.35055
5.65649
5.71822
5.05009
4.36403
4.3561
3.65778
1.32906
1.90003
2.05367
2.46467
2.96033
3.08236
2.24462
2.14989
2.14931
3.33794
5.98085
3.65527
3.22101
1.11147
4.70772
3.19691
1.2259
3.95869
3.47704
2.50795
4.36932
1.07051
4.80512
5.19689
4.70925
3.84953
2.84546
5.09755
5.4186
3.80408
1.53933
2.8774
2.12946
5.20403
2.30485
2.61494
4.48056
5.4659
3.21701
4.4693
3.0211
5.75088
4.89213
2.95742
1.65968
1.76345
4.07329
1.3281
4.49468
4.06776
5.65443
5.77594
5.25951
4.5759
2.29749
2.06306
1.93386
2.23141
3.38558
5.89593
2.01039
4.68244
5.5973
5.11904
1.19908
2.12475
5.44123
5.5069
5.26049
5.05183
2.49855
5.32841
3.48153
4.77782
4.50867
5.68205
4.86715
2.04356
3.70095
1.21004
3.2778
2.36411
5.61163
2.64259
3.8827
1.95952
2.99593
5.73964
5.84421
4.90498
5.09722
3.72257
5.04907
2.66011
1.50026
3.95064
2.9408
3.35442
5.88147
2.21838
4.59782
4.42177
2.27015
1.04674
4.68894
2.54267
4.82171
4.22338
1.89708
5.86332
4.73337
4.71744
5.94241
1.45165
3.73812
4.15128
1.09448
4.60615
4.81241
5.04479
2.71059
4.47667
5.32414
3.94318
5.075
3.35913
2.10992
4.77457
2.87366
5.698
3.96392
3.93155
2.78487
5.33155
5.08816
1.79718
5.69316
3.74258
4.31757
1.00056
3.26808
3.27798
3.79704
4.44355
1.44766
2.56031
2.43877
2.0355
3.61888
4.06701
2.39126
3.64841
5.9118
3.37087
5.15622
2.69531
3.47409
5.4409
5.42474
4.16812
4.34827
5.15635
3.4798
3.27053
5.65107
3.59614
2.72131
4.86255
1.19578
5.38151
4.88403
4.80501
1.08242
4.36564
2.49355
5.56023
4.7125
4.11748
2.47569
4.76348
1.30569
2.12061
1.31727
5.22323
5.47284
3.42675
1.26936
2.31773
3.43643
4.036
2.56719
3.01307
3.81687
4.73603
3.07375
3.80297
5.78523
3.07622
1.97987
5.43115
4.11515
4.98035
1.83376
4.06183
2.07443
5.9579
5.13304
3.967
3.03805
2.54605
5.67729
4.24688
3.56759
2.43492
1.81591
3.63493
4.90722
1.47175
5.38256
1.19384
1.34451
4.52569
1.51335
3.41437
4.65812
1.98557
1.51138
2.70582
5.43744
3.76619
2.53702
4.93145
2.95609
2.26367
4.04506
2.00525
3.58861
1.22204
4.70986
5.72926
3.58474
5.28906
4.01449
3.2135
4.99686
3.83131
1.94582
3.17134
5.36403
5.87151
1.33223
3.00923
3.59112
1.67486
1.56468
4.40783
4.55654
1.25838
1.81415
1.59506
1.10068
3.98386
1.74236
1.90582
3.98424
4.32296
4.21968
3.76821
2.48734
2.09481
2.12038
2.80552
1.90409
1.06078
5.04417
3.24411
5.16185
5.14995
5.2834
3.81066
2.07962
4.05643
4.76364
5.42321
3.82701
4.1166
3.56188
1.45683
1.43666
5.70219
4.26139
5.51958
4.77209
1.66161
1.42767
5.42326
3.20516
4.25647
4.25793
5.38593
1.98842
4.56779
3.62307
5.06366
1.52522
2.32449
3.71976
3.47329
2.58314
1.71675
3.09964
1.52879
3.13406
1.02483
5.43956
3.15447
5.63819
4.18831
5.84105
4.73823
2.95185
3.97501
3.25946
5.11905
1.89398
4.73917
1.7048
1.03128
3.14806
3.28559
5.7509
4.71361
1.43219
1.82427
1.54063
3.58635
4.59601
4.99674
5.56902
4.95441
2.88931
3.41196
1.02915
3.6457
5.51219
3.82257
2.16613
5.48074
5.65289
3.11942
5.932
1.21721
4.52785
1.68776
3.07815
1.94587
5.97449
5.65793
1.75577
4.24682
4.45425
1.34783
5.5899
4.25811
3.97835
5.22774
3.20444
5.2654
3.57897
5.37822
1.23908
5.68856
1.15248
4.34023
5.23131
4.2109
3.46942
1.9993
5.33587
3.1526
2.0783
1.57059
2.99872
5.51124
5.96093
2.57337
2.4543
1.95123
4.8879
4.95686
2.61507
1.58616
2.27024
1.16633
1.6931
5.92377
2.23252
3.16187
3.14114
3.68531
4.00176
4.31112
2.40852
1.31764
3.40354
4.1023
3.04369
4.42786
4.20223
4.04129
2.08792
4.72124
3.6669
5.52455
1.02204
4.54309
1.57085
4.38244
3.06251
2.13514
3.85475
3.9699
1.94411
4.13401
2.4456
5.79593
3.84931
2.67225
1.80243
2.72215
3.50139
1.29576
3.26248
3.56316
4.06682
1.48148
2.32695
5.66823
3.12762
3.11766
5.82326
4.78074
4.0854
2.28039
4.11252
2.52845
2.72455
5.9829
3.90839
4.50555
1.85311
5.36066
5.1015
1.62505
5.79793
3.65159
2.53543
4.64583
4.67902
2.09644
2.78383
4.259
2.73081
2.87325
5.48955
4.43811
3.16085
1.83899
2.1354
4.85218
5.10591
2.22156
2.64124
3.78177
2.91006
1.62223
1.87608
3.2878
4.2376
5.47933
1.01764
5.32204
2.25731
3.33202
4.19999
5.34484
2.38399
1.22376
2.60756
2.9788
5.71254
1.90845
4.17606
3.77253
2.48318
5.2718
2.45634
3.61284
3.60861
1.75345
2.62403
1.38877
3.69282
2.3427
2.74545
4.70286
3.07402
1.80742
5.44107
3.61198
5.51058
2.67976
2.25295
4.27539
4.25954
2.73695
3.08651
1.04859
2.81325
3.44525
5.85443
4.88691
3.58541
2.34164
1.22736
3.15878
2.77572
3.4626
5.55046
1.20105
2.68017
2.64175
2.40437
1.611
2.3162
3.32687
2.89499
5.6359
2.64875
4.14917
3.99859
1.71127
1.46233
1.03957
2.65056
3.67518
3.3369
4.553
4.76062
2.256
3.84339
1.14597
4.00964
4.74392
1.35094
5.46672
5.70982
3.30756
5.38666
2.8629
3.79776
1.04345
3.74577
1.98781
1.318
2.72974
1.23176
4.88229
5.71268
5.42185
1.51121
5.61136
3.56223
5.8455
3.87474
1.42044
5.85498
5.22555
3.26594
1.51793
4.66362
3.29246
2.61421
5.6553
2.56922
2.13413
4.90998
1.4219
4.124
5.05187
5.49491
2.95379
2.94099
3.22454
5.39109
3.01999
2.02984
3.71476
5.12966
2.23849
4.18361
5.94285
2.20723
1.62074
3.51252
2.32422
4.02859
4.47775
5.59992
4.28035
2.79651
3.7642
3.7367
1.5959
3.37522
2.60554
5.81758
5.25785
4.55783
1.55717
3.83333
2.96887
1.56197
2.18718
5.57317
3.81598
1.89978
5.05258
5.80121
2.77733
5.23313
1.84428
3.45852
5.39101
3.432
3.29318
3.57112
3.85844
1.08151
1.83705
5.74409
3.82466
1.19282
2.61746
3.15882
4.1251
1.20547
3.27437
1.6581
2.81342
1.64838
3.4925
2.12806
2.03237
3.45602
4.18176
2.32566
1.8465
5.10308
4.49136
2.44246
1.45439
5.88937
2.1047
4.96165
2.51368
1.1278
4.07401
1.20473
3.26393
1.18817
1.05955
3.86154
3.18308
2.64174
2.55913
5.76425
2.86972
2.72548
3.46636
1.24847
4.35581
5.3754
3.09028
3.21906
2.11696
3.8182
5.20803
4.11084
3.49835
2.59671
1.50321
4.44544
5.29429
5.65264
4.15713
2.80351
1.83533
2.19892
5.79238
4.45856
2.51612
2.36266
4.39671
3.38674
1.4544
4.52824
1.35309
4.13976
4.46177
3.80143
4.93357
3.44069
4.13172
4.67108
3.34167
3.16112
5.35364
2.67103
2.96245
5.41958
3.53036
2.32493
2.34978
5.29548
1.1441
2.8595
2.68639
2.49816
4.85596
5.84374
4.12972
5.21968
2.15651
5.083
1.33388
4.31437
5.673
4.57803
3.33635
5.40158
3.88867
4.24149
4.33525
4.02578
3.39133
5.22169
5.16712
2.70615
1.33704
5.26913
1.63057
3.67336
3.92749
3.53172
2.38528
1.96323
1.03839
5.69626
1.7789
1.98525
2.22612
2.50399
3.50225
2.90986
1.05068
3.63793
4.92301
2.45376
3.69664
1.86736
5.87384
2.652
2.30793
4.48438
4.73647
4.78309
1.17655
1.60044
5.13087
3.08585
5.18419
3.19195
3.23929
4.63103
4.77708
4.07925
4.7182
1.57605
2.68975
1.75859
5.81599
4.95678
1.89841
5.43125
1.35751
3.60826
1.49783
3.21581
1.9044
2.23804
1.82097
1.70007
3.97726
3.11564
3.9633
4.28007
4.64599
2.33446
3.58583
4.51755
5.06957
4.72425
3.44488
3.67891
5.29815
3.85033
2.37146
4.13346
4.53726
2.2692
1.5807
2.10337
5.40618
1.48845
3.25563
4.8706
1.88507
4.60368
4.69193
2.73575
1.61754
3.08796
2.1205
4.3518
3.08794
2.95543
2.20257
3.36273
4.59305
1.80289
1.51562
3.18753
3.63497
3.87983
2.86352
2.20652
4.72967
4.20404
4.53734
1.21687
4.10129
3.21658
4.65724
4.79269
3.35652
5.97581
2.21544
4.86144
4.14113
4.3766
1.53435
3.4209
3.70097
4.33044
4.51619
2.68131
5.02383
3.76831
4.59688
4.11578
1.2433
5.27603
1.87823
2.81357
4.75059
2.21736
1.99267
3.30781
3.0888
4.45086
3.19156
1.62855
3.39325
3.84136
5.62398
2.93003
5.68312
2.37502
2.31161
2.65554
4.58737
3.01085
3.79818
3.11395
4.5813
3.67172
3.56954
3.60915
2.09052
5.76053
2.1616
1.22922
4.05373
5.07429
2.29645
2.1892
2.98256
4.30942
5.65799
4.63392
3.07141
3.86096
4.12359
3.23131
1.43825
2.20605
1.8408
2.18863
2.66053
1.74831
1.75182
5.75225
4.0437
3.03494
5.64396
1.3348
2.75114
4.22531
5.00331
3.46335
4.35632
2.60276
2.67878
3.34908
4.46677
1.82364
4.27457
1.41707
5.82442
3.06762
2.2749
4.25786
1.31178
2.89619
4.00444
4.60603
3.2857
2.58247
2.82106
2.83211
4.9104
2.11416
1.452
1.5509
4.05517
5.69318
5.48712
5.08043
2.83625
5.09454
1.94877
2.19242
5.0914
2.96474
3.12119
1.7191
2.64332
2.33315
4.84602
4.74496
2.89609
3.10353
4.01668
1.22048
2.46929
4.94503
4.6222
5.57324
2.65547
2.20131
5.33143
1.22716
4.52907
5.60214
4.04727
4.62042
2.67292
2.64639
3.21686
5.36696
3.45164
5.50982
5.91952
1.44544
4.37101
3.72976
1.17783
5.81456
1.73493
2.27715
1.69761
3.51899
2.05682
2.01919
4.83421
4.31859
4.604
4.11222
4.34419
4.08181
5.24814
2.18137
5.09318
5.84855
1.25424
2.91243
3.87944
1.58606
4.64918
3.10234
2.76668
4.51389
3.84677
2.52063
2.51184
1.51945
5.84277
4.88875
5.88114
5.96835
4.69502
3.68211
1.77028
4.25396
2.43221
4.62748
1.32724
4.13535
5.84148
4.063
1.80555
4.46493
2.7193
2.63849
5.08518
2.77619
3.67074
5.08005
2.96105
3.63343
1.04633
1.37584
5.03642
4.1705
4.33986
2.24213
1.83168
2.17391
1.65796
1.11404
2.33564
2.98914
3.62917
2.21821
3.33645
1.82092
4.35533
5.10202
1.46723
3.31272
2.32653
2.92216
1.8245
2.06314
2.31792
1.97425
5.44832
5.68453
5.45533
2.5438
2.91597
1.62961
3.26006
4.87861
1.16588
4.08452
5.54115
4.65651
3.64812
2.31243
5.56697
5.01287
5.54822
4.77187
1.68442
4.29561
1.55387
2.75194
1.22189
2.05684
1.17175
5.06625
2.46607
4.22766
3.54412
4.2147
2.18879
5.34424
4.99159
5.32399
1.66059
1.51979
2.8966
3.86149
1.45653
2.53871
1.16003
1.61289
1.36535
1.96899
2.27344
3.53164
4.17872
2.06056
3.35998
4.90027
2.47773
3.96535
2.49613
3.662
3.25946
1.55573
3.73046
4.94189
2.46108
3.93904
5.80071
2.61303
2.33897
2.30607
4.29963
3.4947
5.03786
2.67978
3.47759
1.39133
2.42366
3.64977
2.86571
1.97474
5.83306
5.51854
1.16978
2.53729
1.3842
2.21333
3.47956
3.2417
2.06343
4.62502
5.65965
4.78817
3.21076
3.05123
2.08261
5.81514
3.12754
3.50044
4.71866
2.03138
1.2684
3.64709
5.44197
1.51237
2.39919
2.13414
1.52614
1.02944
1.83643
2.14983
1.29997
4.24661
3.66128
1.24329
2.28231
2.42749
5.94406
3.20089
4.61816
3.53412
3.43973
5.52904
4.94726
3.64589
3.93099
3.2534
3.94614
1.1323
3.00651
3.95834
3.53195
5.41472
3.26449
2.39179
3.2837
3.16636
1.01848
4.71947
1.04888
5.92412
5.93624
1.32992
3.32995
3.09982
4.64303
3.70055
5.09898
2.84319
2.24026
5.49861
1.72599
2.96522
3.59433
3.10369
3.12835
3.80245
2.89928
2.92816
4.79834
1.39394
2.76323
1.13398
4.63221
5.33875
1.36077
3.98882
3.39782
2.16992
5.07154
4.59102
5.01526
3.76872
2.62443
3.97226
2.70426
1.27996
1.81595
3.64166
5.43682
3.98578
4.19175
3.97951
5.33037
3.74381
3.08909
2.06677
4.77558
3.76771
3.64413
1.62543
3.70807
3.88051
5.87527
1.85051
3.84326
1.83615
5.9597
5.67778
1.57902
4.10267
2.11531
3.11964
3.1576
2.62597
1.9697
2.91827
5.43606
2.82868
3.41999
4.14138
3.95486
4.50196
2.33427
1.24578
4.97538
1.66333
3.18372
1.35203
2.67816
1.00198
4.08299
5.33687
2.0195
5.62022
5.60982
1.21473
1.92231
1.59001
4.11941
5.0357
4.95916
2.84518
4.6061
4.09357
5.74756
4.36937
1.12974
2.0661
5.53753
2.04763
3.64424
5.28207
4.39356
3.23572
4.06421
2.64015
1.76304
1.65759
5.49858
4.83816
2.73164
1.04103
1.7758
2.08335
4.8875
4.59904
3.28992
5.95362
3.28767
3.4944
4.5046
2.70312
4.72424
1.50585
1.4569
1.2248
3.34933
5.74192
3.68684
2.79801
1.10606
3.20453
2.16268
2.39248
1.54078
4.84756
2.04645
2.93682
4.99606
5.34867
4.21651
1.8826
2.30435
1.7384
1.09274
5.43212
5.66451
4.21291
2.84986
3.8055
1.97302
5.58221
3.00146
4.28992
5.4329
2.83986
4.63375
2.9602
2.54924
2.03191
3.39756
5.83733
5.76187
5.98152
2.45912
2.84134
3.92438
4.30087
5.78636
4.71214
2.92219
5.58705
5.82375
2.65997
2.08034
2.62478
2.29587
5.94363
3.13899
5.96214
1.67958
3.96589
4.80831
3.32012
3.99667
1.46088
5.9366
4.1604
5.79121
4.59729
2.66204
3.36599
2.35655
3.53513
5.43732
1.6656
3.94116
1.38547
1.23134
5.21552
1.3658
3.39496
2.5801
2.98386
1.3899
3.30519
1.37888
4.38469
2.53496
5.54807
1.62551
5.388
2.7582
3.58805
1.8271
4.27074
2.32043
2.20083
1.9012
1.74204
2.94681
2.70471
3.4137
3.61935
3.57431
2.58663
5.51767
5.08137
2.84316
4.07278
1.45342
2.08861
4.34323
3.99667
3.74682
4.43535
1.38695
5.86127
1.95058
3.45023
3.75734
4.85156
3.90627
1.25149
3.07647
5.33825
3.90058
4.12202
5.85362
5.25954
4.93026
4.71628
2.19464
1.84736
3.60074
1.94314
2.9691
2.17722
3.33348
2.26583
1.91834
5.69974
2.75949
1.38242
5.81784
4.52097
1.98674
3.63961
3.04736
3.03186
5.25
1.71213
2.53182
3.37208
2.02427
2.95427
3.3485
1.00567
2.59807
4.08375
3.79893
3.77632
3.28981
3.45936
4.45797
3.61631
5.72618
1.90909
5.77288
2.55823
1.00453
3.88549
3.91994
5.82375
5.09426
1.47957
1.65779
1.0532
5.80223
3.60536
5.26127
2.73842
3.18487
1.34792
1.78665
2.70503
5.92805
1.20185
4.01234
1.167
2.27416
4.65131
5.61614
3.08424
4.23468
2.47214
2.28095
2.96324
1.61203
3.27124
2.35133
4.05234
3.63531
4.39557
3.87139
3.33001
1.50371
1.50531
4.89241
4.52954
2.88571
1.15303
1.01265
2.48209
2.34186
4.76729
4.46156
2.61853
4.96796
1.90892
2.51974
5.90576
4.38233
5.7366
5.62139
2.69413
2.93645
2.75227
1.65932
1.83976
3.98834
1.34494
3.43788
1.48871
2.86209
1.94146
5.1256
4.55323
4.18702
4.01708
1.26863
4.18573
5.47342
3.40794
2.3546
3.51024
1.68892
4.67465
4.07386
5.07837
2.24397
3.34684
1.91496
1.58628
4.01521
3.16613
3.25059
2.45815
3.01293
3.65849
3.91028
5.14122
4.05879
4.003
4.7819
4.06781
5.75153
4.00231
4.21327
4.95392
5.27505
1.56118
2.97132
2.68558
4.8006
1.28575
2.92374
4.78777
3.75415
4.24891
2.19863
1.20267
1.8051
1.53338
5.70263
3.68239
3.6713
1.54634
3.9868
2.91318
3.65918
4.26715
2.58132
3.9554
5.04289
1.28903
1.21084
5.65586
4.05087
3.77684
4.4803
4.34941
2.33545
2.09667
5.50774
2.92915
4.6584
4.97006
2.99355
1.77301
4.28126
2.44039
2.8629
1.1462
3.70038
3.86459
4.00465
5.66075
4.24841
3.49605
5.95178
4.80378
3.38012
4.22092
5.39816
1.11573
1.69472
2.64795
5.10654
5.50907
3.78968
2.31134
3.51422
5.69959
3.60426
3.28642
2.75612
1.54056
4.05221
1.38217
2.06686
4.99836
5.36164
4.38493
3.85399
1.91443
1.88137
5.98891
1.00618
3.91892
3.26349
5.24616
2.16147
2.78491
5.32471
4.06961
1.25177
4.05928
5.7982
1.77374
4.29548
4.42746
5.23316
1.36985
4.35972
2.44726
2.9441
5.65544
5.17819
4.03558
3.96161
3.64308
4.00743
3.4556
2.04286
1.93526
4.94182
3.10722
4.95624
1.92343
3.6907
3.77809
5.29913
3.60648
3.44568
3.30431
4.22169
5.10331
2.22442
4.98942
2.63898
4.07435
4.35325
1.33848
3.18701
2.04651
5.52321
4.41323
4.52892
4.61627
1.19585
1.66881
3.20192
2.52765
4.71045
2.78591
2.41388
4.30941
3.01533
5.59225
4.79546
2.41236
1.86412
1.53051
4.67662
4.29981
2.03172
1.66458
4.91683
3.67761
5.65482
3.34318
3.45287
1.75373
5.32291
5.31017
2.65387
4.12011
4.7665
2.24609
2.25535
1.36161
1.7319
4.96066
3.38724
4.91093
2.31229
3.27453
1.16671
3.85648
4.13299
3.10807
2.98897
1.52766
4.46792
2.54162
5.3555
1.66314
5.79216
3.26493
2.51183
5.03104
1.24226
5.56324
3.8508
1.51119
2.84756
2.99416
4.84131
1.15087
1.68945
5.42668
3.88052
2.62423
2.91476
3.90389
2.99507
4.20671
4.93915
2.65017
1.63472
1.93947
2.48728
1.79693
5.15498
1.51188
2.18142
5.40679
3.05975
4.7161
3.15664
4.02263
4.10471
1.59471
3.18993
2.17471
3.2204
4.85781
3.71688
1.49829
3.52138
1.31931
4.10178
3.82719
4.88657
4.3039
1.94736
4.84993
5.53257
2.79827
5.99486
3.68905
1.30745
4.93533
1.28336
2.66716
3.1003
5.86319
1.31307
2.16287
4.63051
4.59653
3.68773
4.97415
2.1318
5.79415
2.38717
2.16649
5.10408
1.05013
5.82777
1.68885
1.74177
4.00742
3.18387
2.82502
2.07159
3.96161
1.14002
4.07488
1.80426
1.46123
1.98776
1.62367
5.822
5.35225
5.53167
1.98542
4.83226
5.66258
3.98077
4.55433
4.60536
3.36331
4.32084
1.05598
4.31128
2.34327
3.63088
4.67741
3.55375
2.64095
2.55903
1.92265
3.88843
2.12192
2.43666
1.97132
1.86722
2.18099
5.10739
3.02512
1.28138
5.77874
2.89655
1.35622
1.43099
3.06407
1.7547
4.59847
2.42214
4.14327
4.58137
1.35415
4.02417
4.16634
1.26826
4.06515
5.18829
5.0306
2.88594
2.98695
5.46201
3.64742
1.56015
2.20866
3.09987
5.15979
5.4206
2.21414
3.38278
2.79687
1.12951
5.24273
2.57277
4.54867
5.0753
4.47676
5.94709
1.6619
4.60775
5.1847
2.72024
4.50228
2.54906
1.73933
1.4615
2.78367
2.58716
4.7994
4.2816
2.99763
4.58472
5.8108
3.86998
5.3362
2.9541
3.7994
4.03293
3.01591
2.28367
1.67637
1.17595
1.99103
2.67685
4.97048
2.99729
5.18317
1.69744
1.08597
3.16409
4.92294
5.4138
2.43539
5.92244
5.95419
1.40298
4.72115
1.28557
5.52594
1.41173
4.37709
5.83182
1.50942
3.96565
5.90092
2.25166
4.62591
1.95422
4.21198
5.98019
5.53295
5.07846
4.9883
2.75002
1.25517
1.09949
2.43659
2.25789
1.10026
5.73889
1.42272
5.75455
3.39647
2.61243
1.16555
1.98835
3.02716
4.08383
4.6301
4.14383
3.50782
4.84939
4.73677
5.15121
2.21733
4.4508
5.95048
4.77485
5.10667
5.89518
2.67886
1.33886
2.79343
1.86828
1.17489
5.77772
4.22103
5.48035
5.81912
5.21711
1.10773
5.50022
2.29621
1.64399
1.10706
4.12277
2.35457
4.91104
3.101
4.5795
2.65548
4.67501
3.28683
3.54097
3.31644
1.57503
2.91397
5.06263
1.80331
2.53862
5.67694
5.67795
1.02827
4.43131
1.15393
4.62243
5.09772
5.05159
