4.07627
3.22796
3.7374
3.75825
3.22369
3.94585
3.97075
3.09375
3.15882
3.50468
3.64898
3.86227
2.97416
2.66144
3.80786
3.64193
3.89619
3.35524
3.12023
3.56503
3.75267
4.96029
3.86968
2.65395
3.75031
3.83731
2.59973
3.1431
2.91865
3.3019
3.84278
4.31373
3.51747
4.03846
2.96282
4.46586
4.02127
3.77362
3.14903
4.12457
3.48593
3.18314
3.4769
3.42522
3.16907
4.04143
3.20697
3.34492
3.71682
3.53294
3.12052
4.04545
3.04643
3.93005
3.19528
4.06505
3.74528
3.00188
2.30308
3.44469
3.87349
3.05396
3.36546
4.0965
3.49853
3.40865
4.03204
3.82024
3.10671
3.92135
3.9503
2.84605
3.72799
2.78778
3.07453
3.1293
4.17665
3.43285
3.21532
3.34633
4.25206
4.68141
3.66022
3.63724
2.56005
3.69692
2.69979
2.61466
3.80668
3.83369
4.27231
3.50512
3.48302
3.58377
3.1944
4.0122
3.80033
3.70972
3.57351
3.58841
3.05214
3.43962
3.50234
3.27524
3.2705
3.26068
3.51399
4.11877
3.11051
2.88332
4.03072
3.39043
3.83847
4.3573
3.66796
3.44074
3.11543
3.10707
3.75917
3.9859
3.45922
3.31335
3.34603
2.97528
3.33475
2.60319
3.63251
3.91015
2.76336
2.92113
4.02993
4.08193
3.15872
3.73875
3.42441
3.17054
2.78807
2.92075
3.17674
3.99159
3.82406
2.60002
3.61881
3.40324
3.89369
4.32519
3.43934
3.98169
3.84745
3.52855
3.35608
3.54661
4.16312
4.0229
3.84993
2.96567
3.46496
3.27078
3.49077
2.8898
3.08066
3.57984
4.01365
3.16867
3.37457
3.66306
3.80769
3.16842
3.28733
3.66296
3.35907
3.06124
3.57843
4.77391
4.44352
2.87931
3.20939
3.50677
3.49237
3.223
3.62199
2.92547
3.56038
2.98607
3.35717
4.34505
3.20223
3.30814
3.52663
3.01596
3.81869
3.18743
3.0908
3.72958
2.66222
3.2845
3.21278
4.06504
3.6958
2.92012
2.64993
3.6576
3.37752
3.61834
3.21044
3.90395
3.19757
3.76837
3.24426
3.43006
2.92297
3.57644
3.95386
3.43227
4.50954
3.45169
4.00164
2.66243
4.0192
3.31756
2.95742
3.36327
3.63482
4.06293
3.57081
3.86999
2.9938
3.44502
3.16939
3.87961
3.06522
3.7284
3.17553
4.04942
3.6744
3.69246
3.30058
4.12131
3.03291
3.36212
3.91696
3.17865
3.26042
3.41437
3.92477
2.92789
3.88916
3.18575
3.62127
4.05677
3.22054
4.05358
3.64765
3.75658
3.15714
3.68646
3.52921
3.9059
3.26266
3.25728
2.64129
3.69831
3.80576
3.68425
3.1247
2.15692
3.92323
3.81376
3.341
4.0136
2.79123
2.68088
2.8991
4.3409
3.32283
3.58146
4.10133
4.11004
3.91341
3.66211
3.34825
3.00811
3.13494
4.08233
3.60825
4.38329
4.03363
4.02522
3.49896
4.0965
3.31462
3.43149
3.34427
3.84352
3.20107
3.80359
3.76197
4.17152
3.1342
3.77478
3.40342
3.44908
3.23438
3.36037
3.4082
3.95917
4.07263
3.90638
3.95297
3.06935
3.80551
2.72294
2.96517
3.09407
3.10549
3.23816
4.13875
3.99859
3.57265
4.2301
4.33037
3.50461
3.44256
3.79273
2.73092
3.44273
3.40908
3.164
2.89873
3.35682
3.75968
3.39208
3.30715
3.40091
3.77485
3.53839
3.50066
2.97901
3.47199
4.21357
3.76996
3.36366
3.2782
3.21541
2.94798
3.68902
3.59518
3.88531
3.49523
3.24962
3.97345
3.02248
3.48417
3.44586
3.74184
3.29272
3.40866
3.50267
3.94244
3.04144
3.43624
4.24778
3.29965
3.76804
2.28704
4.27131
3.70628
3.24154
4.36474
3.69845
2.83836
3.33492
3.58134
3.5922
3.51421
3.12844
3.00899
3.66333
3.79236
3.1797
3.05832
3.49976
4.05664
4.08089
4.3244
2.93793
3.46582
3.02146
4.05766
2.98361
3.64907
3.04697
3.40861
2.84996
3.90718
3.05252
4.16146
3.71581
3.43386
3.27195
3.1135
3.71711
3.19985
3.6215
3.07291
3.9698
2.64671
3.22943
4.63982
3.58255
3.21618
3.83059
3.5011
3.65278
2.99464
4.42774
2.91139
2.64975
3.38129
3.21901
3.84884
2.37352
3.19253
3.26347
3.02571
4.33874
2.99389
3.70461
3.00026
3.96751
4.20487
3.59401
3.57781
3.38554
3.1508
2.45529
3.00519
2.90116
3.73981
3.20092
3.15437
3.40669
3.82212
3.3623
2.95716
3.4771
3.54219
4.31606
2.79478
3.85073
3.62396
3.28719
3.86181
4.26233
2.53258
3.88236
4.21619
3.75853
2.83546
3.75433
3.29271
4.16121
2.8391
2.72107
3.59929
3.25433
2.70715
3.26087
3.6314
3.05498
4.26901
3.77736
3.73178
3.68938
3.6074
3.37598
3.68851
3.42999
4.26676
3.61619
3.30642
3.85998
4.0539
3.80128
3.50288
3.41614
3.40557
3.3403
3.67045
3.722
4.17704
4.06436
3.61554
3.6577
3.45933
3.10216
3.32328
3.02341
3.16198
3.01717
4.1154
3.43829
4.60166
3.38182
3.95942
2.77711
3.21647
3.81129
3.25354
3.48183
3.77905
3.70254
3.85339
3.49554
3.61105
3.52179
2.92298
3.85141
3.80498
3.95594
3.38357
3.60928
3.33875
3.59176
3.80084
4.36797
3.22181
3.0087
3.49183
2.99122
2.94095
4.26917
3.4497
3.47057
3.47745
3.2627
3.37585
4.00847
4.04649
3.2081
4.67503
2.94024
3.96347
2.84026
3.71094
3.02357
2.67066
4.4061
2.93566
3.90921
3.46182
3.5666
3.69831
3.26719
3.32115
3.64967
4.10407
4.07738
3.04672
2.92127
3.23664
3.50395
2.95778
3.13963
2.8734
3.05802
3.98886
3.63045
3.01377
3.41332
3.35281
3.46826
2.60811
3.27441
4.2086
4.07198
4.31546
3.10758
3.39877
2.62026
3.43506
3.32944
3.82516
4.16503
3.84807
2.70848
3.91071
3.16907
3.37198
3.26996
3.84864
2.91625
2.87205
3.90474
3.46969
3.34078
4.29015
2.66778
3.56164
4.29428
3.44302
4.41208
3.35437
3.1173
4.0082
2.43922
3.63763
3.10454
3.55747
3.25766
3.60767
3.05065
4.31387
3.82502
4.04257
4.03611
3.99987
3.811
3.78527
4.46043
3.71066
3.95253
3.76701
4.0526
3.18799
3.48294
3.4329
3.18609
3.68616
3.40213
2.93529
3.2989
3.31352
3.01486
2.83925
3.5661
3.799
3.69953
3.33887
3.6957
4.57458
3.2797
3.61137
3.81574
3.38129
2.65613
3.94056
3.39356
3.29728
5.01695
4.1195
2.97552
3.65344
3.97901
3.89661
3.25855
3.74298
3.42328
3.8581
3.10196
3.54813
4.0727
3.14349
3.56123
3.89827
3.02076
3.27011
3.87269
4.04045
3.95435
4.0962
3.04084
3.04444
3.22459
4.0811
3.77777
3.28101
3.20443
4.50511
3.51666
3.40345
4.03212
3.69039
4.06905
3.32887
3.87459
4.01805
2.71834
3.65706
3.75511
3.1659
2.63941
3.28123
4.27473
3.99461
3.00711
2.63628
3.21704
3.38964
4.00391
4.09673
4.0611
2.11955
3.65972
2.97774
2.83745
2.90072
3.0545
2.90918
3.04729
3.86211
3.88699
4.54402
3.52506
3.9827
4.76041
4.12871
3.15995
4.32819
4.25891
3.90478
3.80162
3.54229
3.98586
3.12708
2.96125
3.05216
2.70803
3.17558
3.07835
2.82604
3.59715
3.30417
3.15979
3.27533
3.28316
4.51113
2.50685
3.02223
3.53092
3.33237
3.03195
2.7578
3.32513
3.55012
3.32633
3.29447
3.99542
2.37588
3.67549
3.17063
2.73664
3.60818
3.12908
3.79414
3.4768
3.58171
3.51731
3.61526
3.51784
3.91615
3.96597
3.19851
4.22208
2.63928
2.49727
3.31697
2.73977
4.20026
3.71403
3.32124
3.37095
2.70556
3.34983
3.53929
4.12739
3.40134
3.62771
3.3424
2.90802
3.49246
2.90556
3.2662
3.42406
3.32973
3.49599
3.70467
3.10752
3.81351
2.83422
3.6991
3.20947
3.55292
3.32699
4.72268
4.14233
3.38668
3.25142
3.61531
3.34269
3.31269
3.48211
3.95241
4.0292
3.69007
3.61066
3.63498
3.7025
3.26869
3.68142
3.86742
3.08198
3.6676
3.80264
4.4434
3.89659
3.86532
2.80239
4.38886
3.04484
4.08124
4.38371
3.51544
3.11165
4.11872
4.89356
3.31611
3.57725
3.30706
3.3554
3.88913
3.27627
3.62087
2.82531
4.70496
4.26263
2.87157
3.91677
4.03508
3.20838
4.05757
3.99935
3.74011
3.31265
3.02554
3.11161
2.86889
3.41921
3.53722
3.03901
4.14901
3.63884
3.15197
3.29224
3.45304
4.24565
3.52725
3.3821
3.70376
4.46361
3.3052
2.82185
3.93557
2.98283
3.69513
3.69818
3.85809
4.14233
3.17802
3.43726
3.77204
3.1888
3.95073
3.55223
3.56615
3.36865
3.79358
3.19393
4.27793
3.83322
3.98705
3.23652
3.83012
3.43454
3.21904
3.91512
4.05815
3.46196
3.11607
3.69251
4.02343
3.71731
3.0979
3.5671
3.86065
4.04934
3.69663
2.94482
3.53649
2.56521
3.29766
3.48224
3.40103
3.71015
2.95125
3.96894
2.79183
2.75361
3.47
3.35186
3.7049
3.94297
3.96876
3.91472
3.67542
3.68365
3.32007
3.91081
3.01497
3.57702
4.18954
4.10739
3.93124
3.49515
3.38193
3.73542
3.30969
3.59418
4.17034
3.74807
4.0658
2.2657
3.09695
3.57704
3.4804
2.99813
3.42552
2.73564
3.30949
3.46787
3.99209
2.65272
2.7137
2.90253
3.64158
4.03183
3.18181
3.35627
3.25488
3.31507
3.62613
4.00997
3.56179
2.99128
3.20713
3.45645
3.50206
4.0232
3.19782
3.1538
3.338
3.57876
3.82804
3.8275
3.53857
3.53645
2.55217
3.07448
3.64619
3.89504
4.063
3.77022
3.40405
3.25305
3.62828
3.60244
3.86299
3.4336
3.45533
4.15262
3.0035
3.61526
3.79316
3.41933
3.09973
3.48986
2.86028
4.52486
3.61896
4.00319
2.94042
3.56952
4.39108
2.64492
3.61715
3.1953
3.59937
3.03891
3.62248
2.89369
2.83513
2.74558
3.15325
3.43959
4.02505
3.72286
3.26308
3.05643
2.98172
3.80262
3.06666
3.51477
3.14409
3.82447
3.49694
3.83973
3.26596
3.22917
3.73462
2.65006
3.87724
3.44874
3.18359
2.87416
2.78379
2.841
2.99439
3.68646
4.18835
3.20074
3.14208
3.97971
3.70643
3.54069
3.44356
3.53681
4.6171
3.36986
4.65348
3.28814
3.63067
3.1075
3.90654
3.13833
3.77096
4.0558
3.27817
2.81865
3.66178
4.01481
4.11426
2.56943
4.57335
3.15797
3.53464
4.17883
4.52598
2.69707
4.64386
3.00277
3.56463
3.15036
3.48676
3.06271
3.50933
3.68799
3.66521
3.66628
3.05308
4.06366
3.78632
3.71782
3.51991
3.0521
3.04126
3.48418
3.41253
4.09656
2.21787
3.55311
3.57014
4.03123
3.329
3.56983
3.32358
2.77803
3.29254
3.55962
2.47618
3.32806
3.72793
4.24215
3.25538
3.60253
3.43785
3.21576
4.07125
3.44851
3.02287
2.73772
2.98471
3.56
3.33033
3.04907
3.22966
3.52473
4.06815
3.79023
3.44925
3.98248
3.91781
4.0264
3.49862
3.04084
4.35977
3.74929
3.73204
3.62928
3.1784
3.94431
3.13453
3.383
3.74272
3.91038
3.47386
2.93251
4.16271
2.99154
3.34067
3.63589
2.8001
3.72789
3.01049
3.32494
3.3666
3.65552
3.00321
3.04739
2.97101
3.08304
3.53164
2.57195
3.48102
3.6448
3.22239
3.08332
4.4441
3.27871
3.55863
4.02957
2.56591
3.49911
4.43574
3.49416
2.8736
3.9328
3.53733
3.75036
3.69512
3.5591
3.43018
3.31564
2.46478
3.44229
2.84366
3.85912
3.61907
3.46763
3.53995
3.72499
4.47561
3.68966
2.99821
4.12021
2.9922
3.3743
3.82719
4.1748
4.1816
4.16363
3.38696
3.11838
3.21187
4.01534
4.0421
4.22637
3.85062
3.16604
3.28502
2.97508
3.41584
3.34056
3.15941
4.00432
3.27462
3.27691
2.98024
3.52196
2.68499
3.85931
3.78829
4.19455
2.90516
2.74926
3.79343
3.35359
3.49824
3.3773
3.25228
3.50709
3.13944
3.50589
3.29238
3.1811
3.48659
3.29621
3.13639
3.52615
3.30397
2.90975
3.99616
3.40887
3.53303
3.64781
3.09801
3.86878
3.8826
3.47989
3.86689
3.85588
3.76537
4.0347
3.73866
3.57441
4.03574
3.22487
3.88573
4.04373
3.48869
2.64938
3.33343
3.14689
3.45778
4.2654
3.50993
3.47323
3.1044
3.04348
3.71492
3.671
2.61952
3.41829
3.80787
3.31136
4.0627
3.31925
3.10859
3.92537
3.44244
3.41332
3.56899
2.91049
2.89546
3.4149
4.21645
3.91351
2.4518
3.41512
3.18544
3.08179
3.37618
4.15595
3.34586
3.23499
2.45527
4.02183
3.10227
4.0446
3.85411
3.24423
3.88042
3.71857
4.29418
3.41249
3.63317
2.9738
3.80925
2.3565
3.88974
3.23916
3.71409
3.31489
3.93853
3.56688
3.67525
3.52462
3.17501
2.64053
2.90164
3.46594
3.46278
4.05266
3.47695
3.96903
3.04725
3.18554
3.23452
3.73633
4.12771
3.56356
2.82947
3.05753
3.63509
3.95589
3.29148
4.59131
3.07895
3.79329
3.34585
3.56114
4.01896
3.12316
3.16918
3.05963
3.7821
3.36177
3.49989
2.87896
3.9886
3.01317
3.15285
4.3823
3.76578
4.30921
2.99125
2.9039
3.22067
3.88524
3.78756
3.51325
3.80814
3.64126
3.15967
3.20118
3.67349
3.3486
3.39696
4.14363
3.36393
3.347
2.99499
3.67139
3.49564
2.83755
3.59649
3.92165
3.02888
3.81174
3.79017
4.37013
4.24535
3.56731
3.3478
3.53989
2.83834
3.54647
3.48389
3.65592
3.71757
3.89252
3.60128
4.36188
4.19701
3.15581
3.73974
2.83844
3.67558
4.49018
3.07366
3.75991
3.73664
3.46639
3.80888
3.49886
3.78404
3.28887
2.70743
3.33584
3.39858
4.2375
3.72303
3.15412
4.04027
4.0663
3.85909
3.19687
3.03811
4.37588
3.86464
3.43713
3.00075
3.13685
3.76297
3.45814
3.84729
3.07652
3.4611
3.46475
3.59964
3.55112
2.81761
4.14394
3.89336
3.81142
3.04997
3.56525
2.35623
3.72926
3.74149
3.15958
3.56944
3.58804
4.46198
3.53746
3.26816
2.95012
3.14502
4.00559
3.25451
3.89948
3.36872
3.11307
4.1873
3.61787
3.56571
2.9063
2.97946
4.28813
3.44198
3.7944
3.97524
3.72819
3.51328
4.52454
3.39612
3.44477
4.17139
3.73909
3.23508
2.95569
3.57173
3.93447
3.84615
4.76488
3.88757
3.36392
3.41662
2.78462
3.10509
3.02429
3.82666
3.78415
3.0373
3.83944
3.59163
3.10466
3.61389
3.00072
4.64944
3.91503
3.2579
4.14733
3.69626
3.69364
3.78905
3.1673
2.59065
3.9061
3.29744
2.87243
3.53725
3.50914
2.81024
3.64807
3.32787
3.44632
3.82791
3.40126
3.35901
3.21074
3.93544
3.72881
3.46139
2.83585
3.69792
3.69882
4.26836
2.83492
2.42867
3.48757
2.4166
3.64544
3.17214
2.83577
2.81378
3.04442
3.87268
3.38627
4.02436
3.78618
3.70404
2.93759
3.51609
4.37387
3.4136
2.99555
4.57617
3.41159
3.28907
4.7279
3.14741
3.39374
3.48432
3.52437
3.65119
2.57377
3.44499
3.33744
3.55535
3.21425
3.55342
2.8265
3.51173
4.05567
3.8662
3.05101
3.82913
4.25138
2.94677
3.05573
2.86431
3.3012
2.79919
2.66386
4.10469
3.6766
3.78837
3.14151
3.28302
3.86512
4.18562
3.61966
3.30561
2.97238
3.60755
3.7572
3.59217
2.80461
2.62024
4.10183
2.61664
3.5153
3.15923
3.45244
3.00495
3.43434
3.1703
4.25011
3.98678
3.60851
4.00425
3.12183
3.31515
2.86694
4.10347
3.6742
3.4588
3.88572
3.39653
3.48162
2.93873
3.26076
3.57102
2.93649
3.12205
3.0082
3.02403
3.22634
3.60204
3.1968
2.7932
3.67559
2.98543
4.07702
3.65037
3.53724
3.47375
2.60657
2.79381
4.04258
3.06738
3.18218
2.70384
3.61439
3.03715
3.67299
2.73051
3.62201
3.4998
3.51056
3.86096
3.90435
2.99994
3.12597
3.36815
4.50919
3.4428
3.93467
3.67117
2.6953
3.03809
3.85465
2.74169
3.71607
4.10704
3.50391
3.26971
3.75144
3.17091
3.2582
3.55572
3.07718
3.18068
3.26029
3.7255
3.65856
4.0641
3.25699
2.86739
2.32781
3.45769
3.80056
4.07094
4.05271
3.55758
3.38605
2.59977
4.02611
3.96453
4.00646
4.06036
3.90381
3.71511
4.89267
3.43224
3.99114
3.38188
3.86517
3.20426
3.52595
3.19251
3.76005
3.11515
3.92854
3.05852
3.30157
3.12594
2.98657
3.22131
3.57883
4.25522
3.41596
3.91406
2.9445
3.28756
4.08599
4.00484
2.68835
3.11895
3.91988
3.5275
4.24864
3.63245
3.07952
3.32343
3.50969
3.5006
3.51585
4.20844
3.89397
4.19059
2.81383
4.14585
2.9921
3.20178
3.48395
3.3478
3.38473
3.19402
3.44944
3.54359
4.09487
4.16951
3.4514
3.84502
3.26975
3.24923
3.4414
3.20514
3.22654
3.3396
3.25411
3.90849
3.40589
3.61324
3.44975
3.34683
4.06317
2.73217
3.68918
3.52622
3.68665
3.62033
3.85192
3.81745
3.6677
3.34632
3.83005
3.40343
3.65774
3.30631
3.5287
3.19321
3.83217
2.90069
3.57634
2.6642
2.94145
3.27717
2.59588
3.16011
3.56474
3.96688
3.11016
3.11379
3.39174
3.3689
3.25318
3.98055
3.14333
3.54253
3.43078
3.85873
3.90196
3.6456
4.42264
3.34104
3.65784
4.11102
2.63957
3.58133
2.787
3.28249
4.34811
3.37785
3.96272
2.73457
3.64702
3.76573
3.66173
3.38079
3.32774
3.17753
2.46182
3.72769
2.97379
3.17218
3.23777
3.76147
2.75155
3.04922
3.64744
3.45783
3.31764
3.35645
3.46025
4.28453
3.61568
2.86547
3.31531
3.32007
3.05801
3.53136
3.40656
4.24081
3.68535
3.26858
3.3776
2.93279
3.37037
4.06719
3.86895
3.86326
3.47845
3.03933
3.19558
4.60117
3.62194
3.42785
3.04284
3.50434
3.74145
3.42486
3.35399
3.59533
2.72082
2.83978
3.24269
3.52667
3.58968
3.72272
2.29897
3.29013
3.09039
3.99032
3.06739
3.45365
2.98381
3.41787
3.26129
3.71333
3.44079
3.05257
3.93693
3.42692
3.21431
2.66955
3.88697
4.04911
4.0094
3.83345
3.4223
4.01768
3.56596
3.94483
3.49696
3.14383
3.44222
3.34206
3.29052
3.43852
3.33402
3.59586
3.39791
3.56078
3.48798
3.57492
3.68655
3.20287
3.36421
4.17748
3.16579
3.23092
4.67683
2.81525
3.87412
3.27878
2.28818
3.30227
3.82431
3.74648
3.65556
2.74298
2.95723
2.78395
3.62642
3.82982
3.83998
3.84414
3.85124
3.65247
4.00423
3.76894
3.93049
4.68703
3.35575
3.62497
3.13498
3.07471
3.99641
3.63536
2.63643
4.11649
3.58493
3.05758
3.15791
4.10098
4.52286
3.73593
3.30121
3.14966
3.78751
3.31183
2.53113
3.20481
3.14361
3.70333
2.89412
4.10178
4.25059
3.96957
4.02151
3.85906
4.34281
3.55468
3.31501
3.38537
3.19476
3.1595
3.93525
3.24509
2.49389
3.1185
2.81112
3.43924
3.52851
3.66302
4.36106
3.35083
3.75858
3.83111
3.96453
4.06987
3.87232
4.03785
3.44482
2.2546
3.8416
3.94924
3.42205
3.00194
4.27444
4.30637
3.36762
3.39166
4.02294
2.72578
4.03938
4.43504
3.04017
4.25551
4.19906
3.10028
2.88969
4.09557
3.6115
3.90333
4.09659
3.39515
3.79763
4.24418
4.18905
3.91807
3.86101
4.23504
3.31449
4.12174
4.43011
3.20834
3.22472
3.32373
3.85656
4.40874
3.20952
4.13421
2.78186
4.06492
3.21826
3.21109
4.03297
3.60316
2.94434
3.14892
3.02978
3.20624
3.55745
3.44131
3.48503
2.73754
3.55365
3.96053
3.15
2.24165
4.35353
3.77712
3.70696
3.29926
3.81402
3.39574
3.63195
3.95525
3.22908
3.11305
3.44917
3.25581
4.18037
3.70668
3.27088
3.62122
3.7585
2.54374
3.86443
3.84778
3.71097
2.95091
3.2106
3.4737
2.98305
2.8173
3.11517
4.05983
3.90283
3.40487
3.4083
2.62812
3.42208
3.72055
3.11383
3.06652
3.85938
3.55759
3.19345
3.75079
3.50258
2.94302
3.5682
3.94995
4.2123
3.7317
3.59248
3.27364
3.3288
3.46656
4.00346
4.48585
3.71936
3.37839
3.09125
3.95108
4.21375
2.52749
3.93306
3.79531
2.46018
3.59345
4.00715
4.05565
2.89469
4.19813
3.34997
3.65873
3.05175
4.401
3.64264
4.00959
3.85419
3.63457
3.21052
3.78906
3.80562
3.85204
3.39226
3.24899
2.66885
2.53761
3.58247
4.3612
4.24859
4.48446
2.97473
4.1175
3.30747
4.37365
4.12925
3.09422
3.92882
4.19161
3.46233
3.58649
3.30057
3.40256
3.60229
3.18362
2.92918
3.54608
2.77918
3.59848
3.20307
3.05918
3.01331
3.38018
3.50985
3.62575
2.84039
4.33069
2.77215
2.7356
3.15833
4.01247
3.30177
2.8889
3.50402
3.6757
3.78197
3.51083
3.66543
3.24985
3.9732
3.64526
3.50757
3.23603
3.39732
2.87493
4.23805
2.40277
2.79087
3.66987
3.56103
3.6294
4.02789
3.49433
3.76572
3.55738
3.99791
4.00667
3.76831
3.40182
4.08523
3.56539
4.47409
2.84116
3.93022
3.50861
3.54879
3.34508
4.0641
3.80284
3.28615
3.11656
2.79331
3.66127
3.7312
3.51574
2.87017
3.61023
3.56651
3.89955
3.02134
3.23677
2.49127
3.25239
3.31596
2.97902
3.4206
3.79979
4.14041
3.32485
3.30543
2.98803
4.20683
3.16344
3.22067
3.77949
4.05774
3.28809
3.09215
2.65458
4.43898
3.17771
3.53052
3.02772
3.6989
3.18801
3.71291
3.97621
3.53122
3.16276
4.60071
3.74707
3.4147
3.72901
4.0047
3.44857
3.51253
3.16919
3.60625
3.64952
2.57979
3.26708
3.5159
4.30055
3.58718
3.90329
3.79863
3.95847
3.30477
3.42994
3.11732
3.23571
2.99925
3.48315
2.74395
3.7137
3.68368
3.89576
3.66045
3.25005
4.0186
2.75167
3.31912
3.67618
4.4988
3.87714
3.85466
2.82309
2.96995
2.69321
4.13812
4.12966
2.8046
3.35728
3.53528
3.27913
4.22715
3.50101
4.07984
4.3758
3.31266
3.12527
3.49441
4.11552
3.59428
2.84207
3.58984
3.21981
3.99956
3.65724
3.54638
3.59489
2.99574
4.36635
3.42745
3.74345
3.85953
3.89047
3.49968
3.39812
3.89691
3.50734
3.03051
3.16227
2.72368
3.43705
3.20726
3.13502
3.87752
3.62072
3.66922
4.06388
3.06786
3.7842
3.86706
2.50954
3.2794
3.50797
3.56133
3.3243
3.73089
3.02803
2.74473
2.93635
3.35058
3.87195
3.12028
3.9991
2.96497
4.18757
3.49023
3.90579
3.30766
2.75123
3.00832
2.98627
2.74039
3.64608
3.72041
2.89395
4.23819
3.47998
3.16646
3.75774
4.22616
3.76636
3.03925
3.61475
4.26508
3.72046
3.49302
3.4563
3.3686
2.72705
4.16778
2.91099
3.39477
3.61485
3.84282
4.15497
3.48964
3.1267
4.35544
4.08119
3.97122
4.10333
3.01876
3.0755
3.32684
3.90264
3.74489
3.43907
3.15738
2.95532
3.42772
3.56305
4.43688
3.1113
3.86194
3.90257
3.36619
3.56074
3.07264
4.11383
2.88452
3.11704
3.40273
3.4093
3.56291
2.0281
3.55263
3.75253
3.63873
3.73633
3.98981
3.45531
2.86061
4.13642
3.74305
3.05662
3.59809
3.38407
3.06914
4.05394
3.33085
4.1877
3.82739
4.12407
3.16711
3.26898
4.11983
4.41182
3.95121
3.80703
3.35284
3.7817
3.30551
3.18503
3.84845
4.11867
3.61174
3.73692
3.98133
3.33083
3.47229
3.44556
3.03991
3.64803
3.60207
2.67302
3.60815
3.62712
3.88639
4.00719
4.23665
3.46551
3.50115
3.18795
4.01977
3.29159
3.02591
2.83027
3.91808
3.54168
3.39144
3.29004
3.76284
2.84956
4.28775
3.52279
3.85221
2.56634
3.3194
3.66412
2.89633
3.09443
3.72947
3.31461
3.79116
4.16108
3.42425
3.64094
3.29851
2.97328
3.31538
3.40883
3.68261
3.38705
3.1568
4.94226
2.70079
4.29098
3.58857
2.75737
4.06901
2.84467
4.0102
4.24848
3.62021
4.0298
3.1909
3.30732
2.84635
4.16236
3.68461
3.63564
3.36254
3.08142
3.15272
3.26529
4.05446
3.67102
3.60748
2.92864
3.26773
3.18811
2.87432
3.92628
4.3707
3.06116
3.73154
2.51765
3.86975
3.89004
3.72078
3.61431
3.47882
4.31961
3.53211
4.1845
3.64254
3.27557
3.65236
3.2813
2.98503
3.74261
4.12592
2.98596
3.50407
3.33139
2.81204
4.31147
3.053
3.82217
3.93295
3.7408
3.25032
3.18938
2.99229
4.07775
3.42976
2.80272
3.30351
2.66744
2.59103
4.06709
3.90288
3.79742
3.53432
3.70461
4.03224
3.21914
2.45918
3.19872
3.16147
2.73358
2.78096
4.1117
3.6809
3.16359
3.76599
3.55333
3.42914
3.28954
3.30891
4.01964
3.13191
3.45373
2.77341
3.6375
3.11245
3.04282
3.29053
2.54184
4.29453
3.9367
3.25581
3.17886
3.05405
3.76577
3.48967
3.77
2.38536
3.44784
3.62296
3.48776
2.63374
2.97962
3.74209
4.08602
3.20538
3.33654
2.67602
3.79371
3.20175
3.5889
4.03
2.72225
3.83497
2.47085
3.66846
2.85359
3.7662
3.14296
2.82237
3.36688
3.66924
4.26775
2.84378
3.62848
2.85656
2.77167
2.85303
3.11132
3.21517
3.2959
3.62192
3.82586
2.98504
2.84199
4.00836
4.53661
3.57265
2.99779
4.10626
2.60432
3.12775
3.88238
2.99651
3.23552
3.52122
2.57818
4.083
3.23738
2.64746
3.82196
4.46997
3.06735
3.1344
3.10559
3.68486
3.03345
3.07998
3.59114
3.77336
3.44231
3.3435
3.3739
3.39099
3.30881
3.20587
3.63081
3.48839
3.43222
3.87272
4.07075
3.53489
3.21036
4.32942
2.35677
3.44778
3.50462
3.96752
2.79977
3.99232
4.18517
3.68684
2.62639
2.89005
3.67696
3.83805
3.00341
2.72094
2.89362
3.40539
4.25434
3.42707
3.38784
3.73952
4.33324
2.82375
3.36296
3.43553
3.12425
2.99621
3.88222
4.61147
3.51473
2.80791
4.67832
3.3777
3.94326
3.96899
2.90738
3.19768
3.75322
3.71119
3.50788
3.62588
2.68612
3.58814
3.5165
4.06873
3.72802
3.26758
2.75914
3.7496
2.77608
3.4048
3.7769
2.96899
3.72156
3.78413
3.16323
3.53635
3.04898
2.88799
3.67961
3.90993
3.93042
3.90087
4.084
3.11634
4.04787
4.3779
3.0472
2.9317
3.00508
4.40564
2.84891
4.09129
3.19474
3.55522
3.73688
3.95476
3.36534
3.77571
2.89843
3.58937
2.88626
3.59809
2.93558
3.64346
3.83824
3.11812
3.55104
3.16794
4.56061
3.69873
3.34393
3.20347
2.66536
3.18053
3.68046
2.98616
3.28202
3.61151
3.04607
3.53498
3.42641
3.60457
4.1022
3.66911
2.89003
3.9045
3.36207
4.16338
3.92589
3.59339
3.46619
3.28563
2.26037
3.58612
2.98001
3.86948
3.08983
4.16551
3.45232
4.36138
3.22423
3.77901
3.16432
3.44104
3.41938
3.66667
3.56598
3.34926
3.69288
4.11286
3.33751
3.46755
3.54814
3.71157
3.33016
2.479
3.03447
3.50812
3.33207
3.60002
3.9502
3.7275
3.17128
2.90772
3.24993
3.02243
3.10934
3.19784
2.84556
3.77161
3.29544
3.09342
2.49482
3.9317
3.24238
3.78435
3.3501
3.79372
3.85204
3.31324
3.99392
4.21767
3.45956
3.23324
3.91665
4.51658
2.68161
3.74839
2.39566
3.63384
4.04586
3.6075
3.11433
3.60548
3.94479
3.55755
4.11298
4.02162
3.39872
4.07277
3.29278
3.29893
3.9292
4.36075
3.69773
3.04866
4.03523
3.30712
3.67838
3.67252
2.8313
3.05543
3.29537
3.04112
3.84772
3.82899
2.44915
3.70764
2.80982
3.88676
4.22683
3.08181
3.40442
4.16525
3.83533
3.83702
2.60793
3.6939
3.24451
3.54611
3.59226
3.78117
3.79245
3.63894
3.0408
3.25417
3.00916
2.7475
3.39843
4.1943
3.29382
3.85206
4.64555
3.14707
4.33463
3.36453
4.12794
3.19398
3.78919
3.38258
3.29042
4.55981
2.24727
4.32125
3.35365
3.58854
3.37668
3.9758
3.04007
3.45655
2.90699
3.29282
3.89599
3.40184
3.73459
3.22378
3.57379
4.03286
3.93664
4.50823
3.62897
3.94128
3.36017
3.58116
3.45367
3.37757
3.20682
3.52209
2.90959
3.6589
3.66214
3.56077
3.53938
4.26372
3.62284
3.62719
3.92736
3.22767
3.4538
3.28121
2.84662
3.99059
3.96079
3.07988
4.27086
4.25465
3.89376
3.03797
4.14607
3.69854
3.79945
2.81006
3.50822
3.05309
3.92086
4.57019
3.59965
3.07871
2.59518
2.78758
3.07842
3.39514
3.73061
4.1948
3.73099
2.89933
3.44641
3.71716
3.79022
3.16722
3.33949
3.98006
4.02708
3.27056
3.59466
3.73341
3.22566
3.34982
3.78451
3.63012
3.46782
4.06973
2.70915
3.76805
3.34491
3.24367
3.50444
3.25281
3.28048
3.94887
3.00161
3.26111
3.08952
4.36404
2.94997
3.18225
3.21584
3.84638
2.71831
3.88796
3.28077
3.92527
3.46941
4.0283
3.64297
3.92471
3.05621
3.47417
3.11003
3.83711
3.51689
2.62468
3.75951
3.35595
2.55002
3.76989
3.5181
3.63502
3.73004
3.54771
4.21419
2.87724
3.47705
3.25579
3.26033
3.76608
2.92381
3.37736
3.43875
4.03774
2.82687
3.65232
3.45434
4.15258
3.54753
3.87273
3.98582
2.55922
3.88238
4.30432
3.40742
2.95503
3.15188
3.23363
3.16982
3.23196
3.9595
3.11256
3.52016
2.45648
3.41285
3.62025
3.80778
3.76803
3.85203
3.68448
3.56353
3.99011
3.75937
3.60277
3.85679
3.5336
3.0288
3.37567
3.12606
2.83186
3.65163
4.21274
3.24508
3.58239
3.62989
3.39411
3.52804
3.48007
3.55687
3.7682
3.69367
3.41195
4.30872
3.63908
3.4997
3.74392
4.16961
3.64426
3.32521
3.8647
2.96708
3.94653
3.9201
4.56257
4.42306
3.16125
3.35719
3.59571
3.42974
3.9128
3.41378
2.97694
4.83876
3.26203
3.17619
3.52891
4.10571
2.96863
2.60185
2.17593
4.26114
2.65061
4.09013
3.22377
3.18293
3.87524
3.80458
3.03895
3.52403
2.56372
3.55533
3.57418
3.90325
3.31445
2.49224
3.5967
3.09588
3.34739
3.67536
2.76158
2.96467
3.24466
3.2811
3.83202
3.25068
4.01029
3.26846
3.38402
3.59756
2.69451
4.27151
3.74271
3.3113
3.42578
3.30043
4.68316
4.36196
3.66628
3.02486
4.08817
2.5123
4.35448
3.97991
3.2911
3.21254
3.82067
2.47632
3.74179
4.02894
2.95935
3.31284
3.41873
3.87839
3.11499
3.08029
4.5709
3.21938
3.98496
3.41307
3.90775
4.10435
3.56665
3.98538
3.76616
3.62681
2.77302
3.3659
4.56797
4.30071
3.81366
4.03577
3.54236
3.78855
2.786
3.94155
3.72197
3.14836
3.64421
3.39589
3.63235
3.89889
3.31057
3.45525
3.37889
3.70603
3.16711
4.09528
3.99614
3.37248
4.01292
3.57104
4.45917
3.56664
3.29491
3.79045
3.66687
3.35537
3.51781
3.34596
3.99235
2.10963
4.21172
3.54069
3.1557
4.23031
4.68303
3.81169
3.20945
3.39607
2.99748
3.89465
3.83736
2.66339
3.24145
2.8903
3.95219
3.25345
3.5806
3.08463
2.73836
3.23878
3.98225
2.94121
3.82057
3.59714
3.69087
4.12533
3.14952
3.22849
3.64345
3.73609
3.48099
4.03515
3.98445
3.11408
3.98501
3.04398
3.18737
2.65855
3.05652
3.30334
3.0129
3.52937
3.80949
2.91662
4.13114
3.92571
3.52143
3.57778
3.20803
2.82448
2.95538
3.35367
4.1039
3.6282
3.02169
3.21116
4.05452
4.11322
3.65206
3.91686
2.80283
2.38575
4.04334
3.94018
3.62219
2.74452
3.58896
4.3703
3.51957
3.91513
3.35073
3.11073
3.62971
4.06291
3.8343
3.24468
2.90919
3.80722
3.61629
3.46784
3.21167
4.15155
4.53151
3.86459
3.67343
3.81035
3.16394
4.05709
3.06099
3.35486
3.79497
3.88588
3.83012
3.91644
4.24784
2.78456
4.11834
3.8776
3.72727
3.38981
3.74063
3.04713
4.2884
2.68208
3.48061
3.25716
3.97948
3.58112
3.56732
2.63654
2.48749
3.92461
3.20023
2.50607
3.7767
4.63658
3.83273
3.90774
3.74463
3.14684
3.64726
3.22155
2.83046
3.75112
3.25249
4.13959
3.29611
3.60556
3.10608
2.45895
3.05995
3.92837
3.01376
3.22097
2.99888
3.73499
3.77854
3.16602
3.54404
3.5624
3.17111
3.28932
3.6811
3.64174
3.86555
4.47479
3.62583
3.85764
3.33175
3.25013
3.48115
3.58635
3.8989
3.14804
2.59167
2.63377
3.80187
2.97454
4.09717
3.4983
2.9951
3.47717
4.34653
3.56253
3.36607
3.97175
2.8687
3.57134
3.20336
3.42836
3.00758
2.88331
3.37173
3.83311
4.11268
3.98596
3.61936
2.83391
3.83786
3.14428
3.79019
3.24491
3.13526
3.80602
3.43675
2.92555
3.94191
3.01611
3.4266
3.86656
3.34169
4.09627
2.60831
3.50681
3.14523
3.72511
4.45029
3.37117
3.36585
3.8077
3.2886
3.56102
3.97944
2.6525
3.41764
2.94536
3.64155
3.97761
3.22994
3.09208
3.1951
3.64695
3.95925
3.54512
3.83723
3.29122
3.30368
2.99476
3.2239
3.59702
4.3032
3.20476
3.07619
2.55175
3.31858
3.75135
3.01223
3.81058
2.8065
3.69557
3.36396
3.60582
4.30815
3.75171
3.14798
2.74792
3.16635
3.33134
3.14497
3.27106
3.45889
4.03336
3.7024
3.65553
2.98331
3.21737
3.91011
3.31271
3.35129
2.73871
2.70893
2.64738
2.84808
3.74008
2.77724
3.51632
2.68542
4.08617
3.20087
4.28057
4.12384
3.09384
3.96655
3.40312
4.16298
3.15206
3.72976
3.17227
3.09609
4.14215
3.59241
3.13519
3.69782
4.26016
3.78638
2.20479
3.16171
2.90984
3.19392
3.15715
4.12663
3.27582
3.04613
3.3656
3.72924
3.00327
3.42574
3.6213
3.09172
3.60149
3.86085
2.76934
3.00224
2.75543
3.83121
3.64311
3.76789
4.17054
2.91878
4.40852
2.81756
3.89269
3.61971
4.4339
4.1051
3.23627
2.99465
3.17983
3.21038
3.02022
2.86991
3.35755
3.7589
4.25285
3.21168
2.73305
3.378
3.72285
3.08104
3.45824
2.88048
3.64536
4.2375
2.68925
4.71413
3.07828
3.49387
3.50591
3.9382
4.26544
3.3357
3.27533
3.58565
4.37959
4.60332
4.1065
3.24254
3.82975
3.69502
3.92161
4.52367
4.36372
3.28472
2.92375
3.34622
3.63786
3.958
3.36955
4.50073
3.74306
3.45526
3.05937
4.49151
2.86663
3.87092
3.8362
3.96613
3.33684
2.69295
3.63868
3.77647
3.73783
2.97701
4.28253
3.31113
3.59921
3.73456
3.64826
3.21211
3.35599
3.77473
3.83237
3.93596
3.84099
3.77463
3.07286
3.84229
3.0132
3.26301
3.88884
3.09056
3.44188
3.48744
3.3781
3.09816
3.75793
3.29528
3.49512
3.66085
3.34998
3.19367
2.88612
4.05923
4.02455
3.66434
3.48662
3.0724
3.6656
4.09377
4.59082
3.29272
4.12058
2.83967
3.48111
3.48344
4.10614
4.48981
3.45976
3.94314
3.86842
3.2793
3.75401
3.43908
3.64893
2.9178
3.76943
3.24402
3.1986
3.73799
4.04546
3.15851
3.14901
4.11218
3.52092
3.62371
2.99115
3.49359
3.84619
3.12719
3.22848
3.72457
3.4827
4.07686
3.96236
2.91357
3.20907
2.66584
4.23465
3.21848
3.40757
2.47384
3.39333
4.28342
3.13304
2.6481
3.5635
3.86191
3.47049
2.97969
2.99769
3.81893
3.06661
4.03873
2.6456
3.23982
3.47422
4.25451
3.2249
3.78421
4.07745
3.9243
2.89118
3.70808
3.36972
3.10735
3.29634
3.13727
3.23517
3.7081
3.3914
3.21115
3.6381
3.77525
3.77089
4.12501
3.25421
4.14132
4.17248
3.88499
4.08095
3.99941
3.43694
3.74967
3.44342
2.86222
3.29981
3.36734
3.56611
3.57037
3.32772
3.52838
3.00961
3.61528
3.62865
2.73712
3.27554
4.01409
4.65671
3.46787
3.76154
3.32211
4.49859
4.00487
4.00231
3.59068
2.97021
4.17609
3.76157
2.67608
3.66835
3.57603
4.04352
3.27787
2.81371
3.03269
2.47163
3.9325
3.78799
3.60913
3.23607
3.41089
3.20915
3.34025
3.44044
3.5662
2.70538
3.19045
3.18204
4.15072
3.23976
3.37803
3.0789
3.46846
3.40374
3.2474
4.21081
3.45265
3.53952
3.78024
3.07045
3.3551
3.86712
3.12209
4.12443
3.70688
2.98397
3.1606
3.46334
3.55762
3.6708
3.22739
3.27344
4.22319
3.87934
3.90514
3.9917
3.86931
3.59342
3.20697
4.00988
3.73138
3.44688
3.55513
3.17212
2.6181
4.04764
3.52146
2.56432
4.06959
3.89914
3.70185
4.22289
4.13812
3.62634
3.38247
3.39384
3.73209
3.40527
4.31535
3.85252
2.3119
4.06117
3.45641
4.04792
3.44869
4.24203
3.9288
3.46458
3.35483
3.39031
3.75993
3.5989
3.96743
3.92753
3.60049
3.32561
2.5141
4.13233
3.66894
4.1841
3.21259
3.13444
3.5753
4.24313
3.85372
3.76305
3.46295
3.70639
2.98973
3.17971
4.06746
2.80043
3.29759
3.79224
3.32674
3.23999
3.40981
4.38747
4.08656
3.69522
3.10259
2.73706
3.2312
4.18861
3.70414
3.12219
3.72863
3.22886
4.43339
3.28906
4.11513
4.2425
3.60207
3.78882
3.35422
3.49307
2.71095
3.47173
3.79
4.18161
3.44329
3.59691
3.57524
3.30111
3.40667
3.58536
2.98944
3.07144
3.19668
3.88543
2.97262
3.41016
3.45381
3.23612
3.48542
3.39867
4.05744
3.80534
3.46645
4.08184
3.94839
3.74626
4.19291
4.19333
4.29455
3.15666
3.26066
4.02774
3.81112
2.7423
3.18502
3.68439
3.52031
3.67696
3.78399
3.78686
3.0825
4.21805
4.04029
3.03576
4.05386
4.07816
3.54923
3.08179
3.0228
3.36937
3.94427
3.20937
3.55059
3.12845
4.35246
3.70052
3.68883
2.99753
3.467
3.50241
3.56932
3.57631
4.23436
2.95077
3.65945
3.27807
3.93852
3.30551
3.249
3.71342
4.12524
2.73368
3.58158
3.69195
4.844
4.12869
4.26706
3.87334
4.0959
2.78384
3.20865
2.91604
4.16066
2.94204
3.75098
3.66289
2.63601
3.12232
3.60342
3.46957
3.05816
3.37799
3.31519
4.22304
2.88193
3.76985
3.17686
2.4137
3.88437
3.84202
3.89506
3.31626
3.71595
3.26677
3.23524
3.40083
3.85842
4.57862
4.04989
4.03709
3.15866
3.54684
3.707
3.37073
3.89298
3.73959
3.40677
3.94298
2.97649
3.71158
3.22154
3.69019
2.96741
3.00126
3.91721
2.90204
3.4261
3.75223
3.21163
3.5332
3.474
4.27777
3.09831
3.45483
3.55775
3.76598
3.21139
2.79852
3.45881
3.57712
2.9305
3.48689
2.99924
4.2136
3.52173
2.86134
3.67927
3.04693
3.58366
3.00886
3.64256
3.76502
3.41505
2.95622
3.40026
3.75675
3.64338
3.84133
4.15492
2.78013
3.05115
3.48788
2.85065
3.76387
3.50948
4.00087
2.73614
3.47128
4.27621
3.56688
3.26199
3.50937
3.1384
3.08457
3.5443
3.29465
3.47666
2.56707
3.41148
3.59148
3.30156
3.94958
3.71137
2.61723
3.15989
3.00157
3.59093
3.4629
4.03135
3.98479
3.37096
2.70628
2.93363
4.0143
3.42354
3.59913
3.92688
3.77142
3.11973
3.58823
3.05589
3.78381
3.9506
4.18461
2.9911
2.92929
3.83465
3.82376
3.72732
3.13636
2.90969
3.36358
3.67136
3.44594
3.76779
3.74611
3.29791
3.16511
2.62653
3.60241
4.27518
2.28512
3.34058
3.70933
4.05982
3.65228
3.94214
3.71056
3.43315
4.07182
4.05942
4.39344
3.29832
3.59116
4.09732
3.56668
2.78087
4.1505
3.47447
3.71334
2.77261
3.60487
3.4963
3.09701
3.53163
3.31355
3.60357
3.87836
3.29851
3.05867
3.77134
4.05283
3.11201
2.99675
3.7431
3.14935
2.60473
3.66283
3.57033
3.63385
3.03196
3.23869
3.58767
3.84008
3.63485
3.86276
3.98907
3.00442
3.16142
3.2009
3.58055
3.60998
3.46658
3.81348
3.07025
4.24946
3.08532
3.54578
3.41666
3.59496
3.52039
3.23505
3.791
2.81693
3.70884
2.96889
3.62005
3.42329
3.22935
3.44615
3.4607
3.49377
4.28473
3.18287
4.11768
3.16329
3.84199
4.37234
3.45123
3.46216
4.03467
3.64943
3.73146
3.24986
2.53008
3.82618
4.18129
4.48295
3.0365
3.85669
3.51033
3.4366
3.97327
3.85591
4.27669
4.25322
3.54918
3.43845
3.82436
4.32044
3.09235
3.45956
3.32867
2.98472
3.94735
3.43241
4.14261
2.98568
3.60309
2.9615
3.67189
3.7502
3.43744
3.4742
3.9168
3.81426
3.56255
3.34814
4.10412
3.14435
3.22708
3.72405
3.99245
4.00918
3.57962
2.85981
3.46943
3.30641
4.31983
3.323
3.46961
3.37793
2.86183
3.63553
3.5268
2.85116
3.10693
4.17553
3.43484
3.92281
3.27014
3.70773
3.52602
4.25527
3.42817
3.85551
2.98642
4.285
3.55368
3.6436
2.91267
3.24582
3.77351
3.43228
3.47468
3.58926
3.93635
4.13013
4.08422
3.73787
4.29754
4.01378
3.87923
2.73615
3.22703
4.29959
3.61895
3.36807
3.31845
4.30358
2.74513
3.18863
4.1254
3.59232
2.89972
3.17102
2.97363
2.96878
4.09965
3.29994
3.39515
3.45386
3.5543
3.94528
3.70352
3.61542
3.7717
3.22956
3.57652
3.66308
2.63431
3.3561
3.73579
2.66864
3.03573
3.49426
4.41002
3.5883
2.95453
2.82145
3.74155
2.95405
4.00188
3.70097
4.64321
3.16836
3.51444
3.22843
3.33566
3.77752
3.67447
3.0084
3.89239
2.91528
3.42401
4.02692
3.59282
4.30011
3.60044
3.86439
3.23113
4.23562
2.75541
3.24723
3.75145
3.50502
3.52989
3.56565
3.17746
4.36729
3.74269
3.98874
3.7772
3.05347
3.51034
3.68699
3.25161
3.2287
3.2512
3.42634
3.45787
3.82634
2.83678
3.42668
2.77621
3.97719
3.43868
3.38159
3.20182
3.44855
3.77927
3.91514
3.59075
3.57347
3.02988
3.00543
3.71157
3.59292
3.01003
3.5334
3.85229
3.14912
3.12656
3.11935
4.20445
3.36043
4.15182
3.28867
3.59415
2.97393
3.97476
3.7619
3.35237
3.53385
3.8696
3.29352
3.2146
3.81993
4.11125
3.48734
3.11239
3.50146
2.92724
2.89573
3.5673
3.51907
3.81099
3.46342
3.12001
3.64783
3.13117
4.50573
3.82546
3.51136
3.25748
3.91509
3.81713
3.50855
4.0829
2.66827
3.79154
3.18032
3.35792
2.96103
3.4865
2.98571
4.16229
3.92551
3.82441
3.77275
3.62498
3.38985
3.36451
3.42107
3.66329
3.01813
4.05573
4.19954
2.54708
3.42294
4.00422
3.32377
3.5043
3.97152
3.56764
3.51446
3.86918
3.01064
4.06057
4.04941
3.4347
3.6138
3.70342
3.36781
3.70569
3.20889
3.16951
2.72752
3.15975
3.57266
3.18307
3.23183
4.40765
3.18293
4.09304
2.73409
3.80548
4.29777
3.19577
3.19465
3.60587
3.88519
3.30197
4.0062
4.14556
3.65574
3.64097
3.1198
2.35204
3.45402
4.16834
2.99556
4.01202
3.64448
3.69003
3.468
4.2795
3.88035
3.43932
4.05784
3.81168
3.77377
3.84033
4.07821
3.20578
3.48895
3.16441
3.57464
3.5702
3.65901
3.13364
3.70478
3.0986
3.78134
3.24799
3.60502
3.42549
3.37491
3.21073
3.60761
3.82728
3.68708
4.29894
3.36347
3.99262
3.11621
3.87398
3.99207
3.62144
3.27047
3.94921
3.32115
3.52176
3.71198
3.82995
3.59579
3.15885
2.93933
3.31338
2.72726
3.27137
3.54066
2.78374
3.21892
3.20425
3.70295
3.7608
3.34752
4.01823
3.39262
3.05709
2.99493
3.72118
3.52595
4.17251
3.2165
3.62642
3.82706
3.40193
3.19878
2.87849
3.82497
3.35456
3.20081
3.59688
3.07016
3.68144
4.38929
3.87351
2.65502
3.27969
4.16988
3.0197
3.00141
3.59043
3.1826
3.49383
3.63249
3.32932
3.57136
3.35074
3.27494
4.08683
3.95364
3.33934
3.1415
3.70762
3.20785
2.93472
3.1227
3.70631
3.26245
3.1267
3.37065
4.19955
4.01201
3.69638
4.38644
3.43177
4.30221
3.49783
3.22694
3.44485
3.11675
3.42188
3.8253
4.28966
3.66589
3.75451
3.67376
3.39967
3.51754
3.05202
3.24592
3.84504
3.22836
3.44083
3.53982
4.15788
4.12358
3.4094
3.00192
3.76708
3.44087
3.69544
3.84594
2.8039
3.49479
3.28124
3.90968
3.63709
2.83479
3.29547
3.19648
3.46883
4.56143
3.77981
3.62721
2.67079
3.53134
2.81391
4.2824
3.26184
3.12335
3.40233
3.54305
4.02686
3.05445
3.81246
3.04271
3.74877
3.92552
4.21217
4.22204
2.8734
3.24336
3.49162
4.53131
3.64957
3.10695
3.5633
3.95488
3.88444
3.56201
3.71994
3.53595
3.42674
3.81979
2.78981
3.95831
3.83824
3.60199
2.86428
2.99633
3.43645
3.31538
3.28242
3.27275
3.48918
2.576
3.34299
3.76811
2.81427
3.29427
4.37377
3.90444
3.88537
3.09866
3.32388
3.77974
3.26748
3.81708
2.4545
3.75872
2.80351
3.55154
3.98879
3.12903
3.44563
3.57292
4.24184
3.41151
3.4732
3.32929
3.28671
3.16623
2.5614
3.80243
4.12272
3.76579
2.76237
4.26375
2.59734
3.61058
3.93363
3.17219
2.9932
3.63996
3.49574
4.02293
3.72685
3.24724
3.12425
3.89748
3.0161
2.83495
2.57828
3.2817
3.65786
3.2513
2.84113
2.91015
4.21873
3.72698
3.59543
2.9611
2.9754
3.18601
2.77868
4.36852
3.35259
3.93282
4.062
3.33309
3.3908
3.7218
3.56807
3.3063
3.43691
2.59445
3.49166
3.28772
2.78532
3.12324
3.00887
3.71713
3.40785
2.82996
3.45883
3.55945
3.69547
3.05065
3.25422
3.37197
3.79537
2.89759
2.82488
2.70966
3.16183
2.72329
3.62102
3.16588
3.34953
3.11979
3.30055
3.66204
3.36328
3.49099
3.19749
3.29132
4.03806
3.11416
3.51634
3.08793
2.95851
3.36113
2.9195
3.5347
3.83728
3.87815
3.77297
3.93833
4.05665
3.02775
3.78792
3.99305
3.73799
3.27436
3.14347
3.41952
4.23898
3.44982
3.89864
3.00784
2.88837
3.46344
3.09912
3.70917
3.55349
3.52542
3.95723
3.61261
2.79571
3.83127
3.83084
2.7098
2.90424
2.90869
3.4501
3.29147
4.50887
3.45745
3.43804
3.13647
4.25735
4.51656
3.64404
4.34518
3.2033
4.17197
3.1568
3.23558
4.08558
2.27203
3.58594
4.16187
3.09053
4.24677
3.2992
3.43163
3.97318
3.13085
3.77473
4.18913
3.07405
2.7693
4.07572
2.69884
3.30318
3.43857
4.17721
3.40433
3.57327
3.7448
3.47258
3.45451
3.94869
4.16478
4.25986
3.58023
3.43775
3.47419
3.35585
3.77098
3.89031
3.56142
3.70827
4.14254
3.87324
3.75449
3.47431
2.70307
3.18138
4.29202
4.00629
3.41641
3.80162
3.44864
3.03281
4.02783
4.18309
3.57876
3.54664
2.55875
3.57656
3.47157
3.50804
3.19361
3.49114
3.41431
3.44487
3.97316
3.47678
3.73937
3.37871
3.27514
3.97601
4.88508
3.72859
4.00445
2.3987
3.62852
3.44179
4.23164
3.35856
4.15309
3.07379
4.20956
3.67051
3.49199
3.8869
3.2648
2.74296
3.14306
3.2602
3.50173
2.90942
2.77908
3.80056
3.5734
3.52876
2.9817
3.0175
2.96493
2.34397
4.80591
3.77231
3.80165
3.12393
3.73612
2.43422
3.63524
3.52337
3.22344
3.77447
2.97794
4.38091
2.99816
3.10136
3.54616
3.33562
3.22981
4.48747
2.74094
3.17732
3.86153
3.66241
3.83477
3.25636
3.57403
3.7426
3.64994
3.0634
4.33867
3.94181
2.70552
3.7503
3.39773
3.25411
2.87633
2.89791
3.76418
3.82358
3.54852
4.24714
2.96195
3.81241
3.07301
3.89453
3.73168
4.05218
3.5093
3.11383
4.80582
2.61041
3.71864
2.5004
3.11099
3.62723
3.30686
3.04496
2.884
3.37476
3.23372
3.52894
3.69255
3.46422
2.59687
3.29336
4.22971
3.97386
2.66512
3.96862
4.00587
3.49285
3.17688
3.16259
3.69036
3.67462
3.73625
3.88963
3.85894
2.86512
3.33053
3.68325
3.28246
3.71974
2.55942
3.37036
3.64545
2.94478
3.60743
3.39509
3.71289
3.39739
4.30759
3.86552
3.46673
4.25025
3.83586
3.1566
3.1132
3.27526
4.1421
3.43778
3.11526
3.02275
3.16485
2.90415
3.03404
3.27077
2.69345
3.77479
3.96659
3.0915
2.9328
3.28243
3.24634
3.2293
3.89189
3.41352
3.32664
3.20803
3.65932
3.56808
4.3964
3.6824
4.44475
3.59371
2.78117
3.02122
3.45726
2.80847
4.06146
4.45776
3.25743
3.16237
3.0943
3.3652
3.66182
3.59739
3.75289
3.81293
3.59474
2.95116
3.703
3.03181
4.47346
3.40957
3.91375
2.26454
2.77975
3.54859
3.3544
3.19956
3.91174
3.91601
3.95753
2.78493
3.22674
2.88878
2.93284
2.69095
3.87675
3.20173
2.89514
3.03819
4.10532
3.57885
3.02336
3.73011
3.61508
4.30817
2.59685
3.82725
2.43252
2.88668
4.25883
3.37241
3.38723
4.02177
3.73606
3.42413
4.38973
3.31084
2.99722
3.77825
3.63329
3.33086
3.96197
3.45509
4.66134
4.65487
3.37618
4.00252
3.43383
2.97261
3.84775
3.01254
4.09202
4.0274
3.29166
3.97202
4.06275
3.49192
4.16128
2.6657
3.45949
3.19027
2.84746
3.32226
3.92914
3.7342
4.00528
3.0418
3.15959
3.67639
4.32265
3.26601
2.70485
3.69379
3.87368
4.14967
3.60062
4.09928
3.70361
4.16496
3.9348
3.64004
3.17113
3.61767
3.60378
3.5761
3.82772
3.47688
3.42674
3.94282
3.24254
3.51782
4.10656
3.1861
2.68545
3.24965
4.21752
3.51936
3.95945
4.44796
4.46605
3.38635
3.42781
3.3345
3.91261
3.3243
4.41024
4.04384
3.65886
3.3066
3.62595
3.48998
3.69576
4.30488
4.2409
3.59299
3.1748
3.34517
3.82986
4.04873
2.80574
4.24302
3.69335
2.92238
3.40087
2.48779
3.47302
2.81887
2.77698
2.40628
3.38814
4.73148
3.29279
3.77112
3.16986
3.39184
3.74101
3.42951
2.89841
3.5429
3.13054
3.313
2.95294
3.52867
3.08556
2.84915
3.16195
3.44224
3.65521
3.33121
3.49667
2.29647
3.76819
3.71189
2.77835
3.27912
2.88373
3.5726
2.8745
4.12701
3.58135
3.67974
4.23794
3.00137
3.3984
3.57452
3.89642
3.96934
4.66572
4.05333
4.12956
3.79401
3.40828
2.68041
4.07365
3.70825
3.56877
4.1352
3.87392
3.69515
3.37908
4.23137
3.75747
4.0205
4.14524
3.85518
4.02951
3.36051
4.02857
2.85569
3.99885
3.3406
3.09666
3.0795
3.21788
3.14852
3.48436
3.77811
3.1761
4.10821
3.94661
4.02568
4.21513
3.69785
3.90084
3.57076
3.93701
2.96878
3.24863
3.70498
3.25661
3.16921
2.83229
3.2676
4.00275
3.0995
3.8237
2.81431
3.60163
4.32341
3.65897
3.2643
3.88007
2.83238
3.32412
2.49951
2.90494
3.60743
3.36302
2.9253
3.02893
3.74628
3.92069
3.41177
3.94212
3.42038
3.45108
4.82018
3.53222
2.39984
3.91005
3.47924
3.73554
3.23133
4.32062
3.51089
3.81469
2.37714
3.53905
4.81555
3.62777
3.72082
3.86658
3.81201
3.4577
3.31799
3.34308
3.1871
3.84949
4.1179
3.62552
2.94567
3.65684
2.60472
3.79513
2.96122
3.12857
3.40457
3.25393
4.01323
3.36927
4.3773
3.06256
3.45675
3.38733
4.05963
2.63761
3.70543
3.19761
3.54877
3.66838
4.11922
3.57478
3.5136
3.92907
3.67292
3.05727
3.49271
2.854
3.44228
4.1808
2.98675
3.30983
3.47911
3.67413
4.07476
3.94019
3.05737
2.97898
3.88209
3.77435
2.55713
2.95937
3.20004
4.48328
3.9135
3.04521
2.90509
3.2326
3.09289
2.8084
4.04818
3.52336
3.46896
3.59871
3.08215
4.22818
3.25591
3.37081
3.16815
3.22141
3.81686
3.71245
4.34958
2.56866
4.70009
3.33795
3.60442
3.1822
2.66645
2.93982
4.38505
3.16529
4.25595
3.29544
3.72661
2.75991
4.10196
3.40452
3.35333
3.87868
3.73658
3.68706
3.93429
3.14322
3.54089
3.40032
2.7382
2.66759
3.77882
2.93724
3.40902
3.51689
3.81373
4.04784
2.93242
3.33745
4.14185
3.27873
3.0852
3.59653
3.28681
3.05499
3.25768
3.68569
3.88485
2.83257
3.012
3.83366
3.45025
4.1281
4.08626
3.34065
3.84572
2.98711
3.77787
3.08772
3.89289
2.58052
4.23646
3.09098
3.34267
4.62294
3.16977
3.06203
3.58608
3.18567
3.31354
3.00234
3.52064
4.2307
3.73881
3.30055
2.39813
3.82129
4.16813
3.11842
3.7643
3.46851
3.94435
3.54224
3.76139
2.95183
3.64388
3.04298
4.59964
3.20608
4.04827
3.23009
3.91376
3.49585
3.78638
3.69991
3.00592
3.60214
2.9314
2.97143
3.13658
3.62537
3.68507
3.56815
4.05991
3.76232
4.00393
3.24661
2.91067
3.04388
3.12008
2.68828
4.33428
4.02411
3.38167
3.16285
3.41254
3.29006
4.68592
3.23781
3.47199
3.91598
3.50013
2.05004
3.7725
3.61395
3.56387
3.97188
3.35865
2.83742
2.83811
3.19561
4.01662
3.47257
3.11479
3.32631
2.31457
3.50676
3.92284
3.01503
3.11443
4.19175
2.96455
2.97992
3.72851
3.22378
3.28854
3.4551
3.55415
3.84111
3.25363
2.67289
4.05496
2.49377
3.56011
2.9267
3.36746
3.86904
3.22296
2.57823
4.09678
3.06016
4.33403
3.56402
4.02556
3.54462
3.80781
3.0229
3.99516
3.89239
3.52824
2.607
4.12844
3.75319
3.41157
3.35585
3.34869
3.176
4.37284
3.70403
3.80924
3.19269
4.03142
4.25957
3.38352
2.85182
3.21358
3.43161
3.77562
3.51736
3.40761
3.80211
3.59631
3.75105
3.29998
3.32801
3.40989
3.47599
3.36831
2.52652
2.7921
3.37321
3.22989
3.23762
3.34992
3.09128
4.54193
3.3744
3.93868
3.85378
3.22247
3.76303
3.47259
3.92742
3.60867
4.24074
2.7596
3.6684
2.89139
3.12167
3.70176
3.49268
3.76336
4.45652
3.98754
3.62051
3.19014
3.70379
3.56248
3.32381
3.06127
3.99634
3.69992
4.15934
3.20138
2.62883
3.90353
2.79932
2.31885
3.20769
3.65874
3.57508
3.9421
3.59686
4.20999
3.72828
3.24136
3.35883
3.07636
3.6181
3.35654
4.33209
3.42772
4.2617
3.44908
3.80219
3.22924
3.08919
3.6688
3.91539
3.72181
3.67326
3.57414
3.55006
2.84144
4.4475
3.76681
2.30241
3.0906
3.05632
2.59977
4.05958
3.65974
3.98334
2.7898
2.82457
3.7574
3.48406
3.61386
3.02377
3.64235
3.10238
2.59093
2.96944
3.7616
3.67961
3.64866
3.9656
3.18294
2.76842
3.74705
3.23763
3.17116
3.24311
3.2786
2.93182
3.29202
4.15147
3.78754
3.8729
2.83829
2.98248
3.648
2.58365
2.65741
4.02792
3.81387
3.7625
4.12023
2.89484
4.10061
2.98095
2.50579
3.97994
3.68204
4.30451
3.48697
3.84549
4.08278
3.35693
3.6871
2.94071
2.91954
3.0391
3.93786
4.49115
3.99228
3.68024
3.90377
3.63252
3.04889
3.34061
2.64889
3.99463
3.14448
2.80119
4.0065
3.94456
3.48948
3.46724
3.27252
4.0775
3.02783
3.47918
3.77874
3.29728
4.2097
2.76536
3.3121
3.45779
3.52056
4.08806
3.13135
3.04017
3.80114
3.82515
4.49249
3.21967
2.74046
3.29634
3.62975
3.42997
3.64685
3.38459
3.54896
3.66174
3.69948
3.01913
3.27506
2.73589
3.35541
3.77861
3.35619
3.6711
3.43528
3.93869
3.96133
3.0191
4.63278
3.23025
2.81918
3.66984
3.79136
3.89049
3.53069
3.13303
3.76373
3.78078
3.44808
3.68091
3.51778
3.91154
3.84824
2.99154
2.87485
3.15556
3.03861
2.56033
4.36432
3.74804
3.81861
3.65183
3.15079
2.86259
3.88021
3.94245
3.33794
3.61908
3.766
2.75881
3.1759
2.82063
3.41354
2.94526
3.29641
3.53333
3.59973
3.39805
4.07287
3.31372
3.25937
3.68258
3.55
3.4556
3.1869
3.40394
3.1104
4.06892
3.54069
3.63
3.14312
3.12008
3.85439
3.17013
3.95179
3.25433
2.91988
2.8915
2.98776
4.28727
3.44171
4.50899
4.21618
3.69409
3.27284
3.41347
3.5206
3.74129
3.32688
2.60705
3.52451
2.59729
3.92201
3.19325
3.55567
2.82461
3.34701
3.62323
3.20188
3.09769
3.85002
3.52886
3.50446
2.80699
3.03556
2.97679
4.30834
2.90111
2.816
4.35683
3.63535
3.38551
4.09813
3.37185
3.66993
3.33733
3.29635
3.72513
3.54417
3.11262
3.54862
3.60536
3.58176
4.11346
3.67176
3.9479
3.50789
3.54896
3.92771
3.20538
2.85521
3.06552
4.08257
3.48901
2.89316
3.43803
3.02545
4.44655
3.38089
3.7053
2.87412
4.12117
3.2917
3.19932
3.0299
3.28969
2.87936
3.35915
3.0541
3.40766
2.55443
2.53709
4.02367
3.29225
4.51156
3.19574
3.18376
3.05334
3.39601
2.9613
3.25019
4.03666
3.02061
3.9396
3.62476
3.672
3.24194
3.01796
3.07173
3.62337
3.57706
3.56734
3.06373
4.51678
3.48994
2.52547
3.04083
3.2754
2.99935
4.2834
4.23615
3.72063
3.85747
3.61395
3.50721
4.10145
3.02142
3.57221
3.27167
3.09368
2.98732
3.36449
3.68192
3.06418
2.77927
2.62365
3.0826
4.02433
3.4832
3.34503
4.08066
3.70085
3.18842
3.42867
3.21751
4.03098
4.047
4.33992
3.2681
2.64291
2.88412
3.84194
4.10178
3.51129
3.88989
4.06994
3.32513
2.98159
3.39614
3.90847
3.58697
3.73581
3.58885
3.69963
2.96087
3.5263
3.73011
4.25095
4.23093
3.13288
3.06069
3.92893
4.19131
3.50277
3.02718
3.81477
3.23052
3.91162
3.32538
3.96585
4.00652
3.73764
3.97396
3.26765
3.92872
4.57004
3.73054
3.67717
4.44825
3.87668
3.63452
3.35059
2.81812
3.33489
3.80899
4.21393
3.01973
3.18315
2.87649
3.47719
2.96268
4.08039
3.44125
3.90873
3.84977
3.46349
3.06292
3.87806
3.75944
2.77251
2.99482
3.24157
3.03273
2.66701
3.18196
3.08734
2.96236
2.98584
3.11218
3.6712
4.06648
3.20657
3.58608
3.5681
2.38982
3.53977
4.31927
3.6288
3.31013
4.04704
3.51291
3.27356
3.73802
3.80094
3.62652
3.47092
2.88338
3.10847
3.0593
3.94091
3.42178
2.69892
3.29408
3.18851
2.92939
3.53088
3.78072
2.91476
3.86499
3.50176
4.43326
4.16891
3.66312
3.34744
3.0878
3.29694
3.6622
3.39849
4.11608
3.3077
3.62685
4.11298
3.11175
2.71962
3.53364
4.43543
4.16468
3.26731
3.07491
3.03471
3.71076
4.03859
2.9951
3.85305
2.79258
3.1792
2.90944
3.65203
3.28909
3.74357
3.16499
3.87036
3.7696
2.58654
3.58901
3.61224
3.6008
3.38245
3.63005
3.46376
3.28235
3.4242
3.43203
3.58913
3.70998
3.79635
3.79193
4.687
4.66214
3.33303
2.73684
2.89123
3.27929
3.46225
3.61622
3.57946
4.15221
3.60522
3.64031
3.8066
2.85883
2.74028
3.20607
3.20926
3.38615
4.05761
3.63679
3.23116
2.84709
4.32234
3.12203
3.39839
3.74931
3.12989
3.67942
3.62727
2.79587
4.17906
3.37022
3.67655
2.29527
3.5045
3.78554
3.85953
3.2311
2.80188
3.98046
3.01059
3.88897
3.04518
3.06812
3.95461
3.6614
3.03725
3.59648
3.3565
2.74863
3.85093
3.11511
2.83213
2.94627
3.80962
2.99991
3.58081
3.55819
3.22239
3.13859
4.05327
3.69573
3.53037
2.98999
3.79818
2.82213
4.3374
2.81548
3.13407
3.37337
3.98929
3.04083
3.6722
3.63473
2.93269
3.24191
2.9704
3.27465
3.52563
2.65824
3.2261
4.03536
3.78854
3.42285
3.42127
3.05227
3.77563
3.35777
3.21048
2.62191
2.81329
4.21911
3.59753
3.46061
3.29323
2.18608
3.57468
3.59417
4.02461
3.17349
3.90273
3.49095
3.34105
3.20728
4.58884
3.39893
4.72431
4.13787
3.37308
3.06951
4.14836
3.37632
3.16348
3.64886
3.16366
3.12331
4.36334
3.49005
2.93294
2.72122
3.41341
2.98687
3.49613
4.79483
4.12551
2.75303
3.98379
2.75594
3.51297
3.06796
3.81423
3.03292
3.3273
3.98309
3.60151
3.04589
3.88934
3.83032
3.06755
3.48354
3.55705
4.09675
3.1931
3.34793
4.30094
3.72767
3.65874
3.51847
3.36224
3.89231
2.81838
3.24663
2.84759
3.5946
4.01437
4.02804
2.86815
3.73369
3.48448
2.2088
3.95958
3.81691
3.92749
2.96793
2.52389
3.50014
3.4857
3.97812
3.41225
3.47866
3.46881
3.08203
3.52242
3.97369
3.58524
3.23166
3.91313
3.658
2.76332
3.22319
2.44146
3.83625
2.83597
2.92032
2.8085
3.04352
2.92935
3.19373
3.65234
3.4482
2.83689
3.21494
3.45616
3.54298
2.97678
3.52764
3.54349
3.0803
4.22238
3.47999
2.8113
3.05644
3.46137
3.63627
3.10549
3.7709
3.68085
4.19675
4.27251
4.5855
4.19208
3.73944
2.92455
3.48024
3.79991
2.25783
4.33454
3.35063
3.78827
4.0038
3.63142
3.71378
3.53479
3.55487
3.09486
3.08841
3.38356
3.3104
3.35236
3.78631
3.09694
3.28133
2.66093
3.20061
3.77335
3.57318
3.20923
3.89894
3.55963
3.3723
2.50485
2.92693
3.30279
3.03049
2.91562
4.20058
3.47754
4.0031
4.3125
3.71325
3.79216
3.93127
3.01563
3.50599
3.31707
4.06856
3.3739
3.44743
3.29637
3.03797
3.31251
3.34218
2.49439
2.56499
3.06169
3.2343
3.99566
3.36792
3.53376
3.99506
3.3179
3.29648
2.94465
4.3819
4.01425
4.09515
3.27974
4.22817
3.63229
3.32768
4.58308
3.77073
3.96383
4.03449
3.80257
3.34546
3.96074
4.60469
3.05296
3.77798
4.00878
3.62977
3.16223
3.26993
4.44235
3.16605
3.24575
3.92852
3.75001
2.8681
4.30679
4.30995
2.36159
3.86574
3.49064
3.94463
3.22428
3.54201
3.12348
3.28529
3.5667
3.52999
3.04628
3.36619
3.31585
3.78139
3.50766
3.18461
4.07386
3.4698
3.50869
3.41344
3.37736
3.27709
3.99649
3.02625
3.15399
2.77105
4.18235
3.76389
2.35685
4.11801
3.01411
3.5944
3.19915
3.28405
3.96126
3.41557
3.22771
3.1636
4.27534
3.72228
3.66533
2.7345
3.76695
2.80819
3.01854
3.87366
3.39467
3.29431
3.88854
3.87759
2.59017
3.87431
2.73967
3.01729
2.74742
3.13929
4.57102
4.1172
3.18327
3.19237
3.50333
3.68282
3.13003
3.4861
4.23458
4.01211
3.45009
2.41324
3.1343
3.51067
3.76623
3.65424
3.43777
3.59097
3.08018
3.13249
3.5679
4.07101
3.20611
3.15071
3.05389
3.39806
3.47435
2.88001
3.83219
3.80805
4.66482
2.84532
3.40665
2.69162
4.00832
2.89894
3.9113
2.97281
2.84789
3.89628
3.56037
3.21656
3.18135
2.88583
4.28676
3.46637
2.30992
3.09781
3.56159
3.47365
4.19684
3.36375
3.45361
3.01536
3.39374
3.82183
3.92901
2.9068
3.52159
2.86048
3.20832
4.60155
3.79659
3.7255
3.18855
3.43051
3.97077
3.56339
4.00526
3.56759
3.8105
3.39648
3.25044
3.21922
3.36536
3.62302
3.67867
3.8205
3.78356
3.60783
3.9253
3.68053
4.30899
3.27728
3.32697
3.55504
4.34905
2.85439
3.37593
3.53416
3.63104
3.96803
3.65634
3.91873
2.9692
3.84255
3.30183
3.41844
3.54286
2.62195
3.08032
4.04031
3.84062
3.60526
3.65318
2.94628
3.55401
3.26763
2.87248
3.34368
3.20808
2.9141
3.67135
3.63254
4.1954
3.16071
4.1689
3.56909
2.63368
3.16046
3.5526
3.11449
3.09619
3.58895
3.11737
3.42349
4.26818
3.87751
3.032
3.5875
3.46123
4.02908
2.97018
2.78189
2.67143
4.07488
2.68435
4.37756
3.49622
3.82737
3.41749
3.36162
3.72871
3.05805
3.73908
3.07275
3.32698
3.57574
3.95789
3.79137
2.70995
3.90421
3.70586
3.13534
3.46026
3.35529
3.60335
3.49689
3.01857
3.76641
2.60796
3.41655
3.83244
3.01916
2.71512
3.32523
3.67698
3.17808
3.12009
3.49566
2.99341
3.68657
2.76778
3.82931
3.09543
4.02953
3.40767
3.26562
2.47227
4.11985
3.83798
3.13486
3.17129
3.38861
3.46438
3.18672
3.87175
3.15656
3.615
3.81141
3.26541
3.83706
2.74495
3.13045
4.23837
3.86821
3.22992
3.66944
3.10269
3.49475
3.88988
3.23526
3.255
3.61784
3.7002
3.40526
3.14344
3.90346
2.83914
3.1962
3.80288
3.68803
4.28669
3.01584
2.9727
3.44216
3.63167
4.91026
2.93985
2.65145
3.05981
3.90513
4.25418
3.4457
4.18751
2.89926
2.84175
3.65561
4.47187
3.10403
3.79579
3.1987
3.36948
2.93228
3.75383
3.79387
3.73236
4.02569
2.77362
2.97658
3.12132
4.26937
3.49901
3.23448
3.78307
3.17813
3.16126
3.30561
3.47902
2.94848
2.58992
3.77954
3.16998
3.25596
2.91128
3.11374
4.25246
4.03747
4.4916
3.0258
3.60873
4.03316
2.4358
3.9443
3.67395
2.77314
3.08166
2.79908
3.54054
3.47877
2.93303
3.40418
3.31077
4.00903
3.85487
3.53433
2.97557
4.0173
3.10657
3.01868
3.03849
2.89398
3.91898
2.77305
3.9204
3.85589
4.32452
3.66452
2.8719
3.20319
2.82869
3.45005
3.18667
3.29987
3.76502
2.75327
3.45059
3.74393
2.80462
3.64139
3.87773
4.47882
3.59532
3.8368
3.97583
3.25734
3.38418
2.94539
3.3501
3.90487
3.73122
3.80676
3.39583
3.73867
3.05116
3.66851
2.94661
3.28515
3.72356
3.35996
4.1361
3.09743
1.89104
3.48812
2.79828
3.51023
4.31894
3.90137
3.67188
3.57967
3.31871
4.26391
3.99155
3.24056
2.24128
3.55693
3.23951
3.37392
3.9256
3.66983
2.89791
3.01257
4.24125
2.46766
3.48354
2.82298
3.99317
3.31852
3.9628
3.78648
3.96039
3.53732
3.83656
3.66326
3.21937
3.55003
3.25052
3.85766
3.65679
3.80513
4.42852
3.71352
3.70522
4.05664
3.54222
3.55331
3.83923
3.61578
3.32249
3.43509
2.74827
3.01591
4.28366
3.13651
3.35665
3.7583
3.87374
3.7851
2.48978
2.90346
2.67975
4.33933
2.98979
4.24592
3.50891
3.78503
3.46255
3.65772
3.7327
3.44705
3.09193
3.90855
3.22233
3.226
3.08625
3.86826
3.02057
4.3552
3.82553
3.96996
3.08611
3.43307
4.1572
3.65972
3.01328
4.02144
3.04181
3.28145
3.07119
4.01018
3.37927
3.44319
3.2228
3.23407
3.84983
3.38386
3.97593
3.48764
3.4831
4.20684
3.4844
4.61904
3.92237
4.06983
3.25925
3.29417
3.48015
3.51775
4.16595
3.30739
3.08506
2.61821
3.07531
2.97523
3.09877
3.90687
4.10204
3.68495
4.23597
2.87242
3.30627
3.57953
3.44893
3.80879
3.04983
3.64622
2.6423
3.83469
4.39045
3.63571
3.96266
3.22839
3.46352
3.77423
4.16123
3.9481
3.74233
2.64093
3.657
3.8062
3.88425
2.86831
3.43165
3.23813
3.5616
3.48326
2.76622
3.95422
3.24243
3.24169
4.08372
2.98582
3.82792
3.71989
2.29047
3.73426
3.86922
3.71067
3.01319
3.60422
2.77841
3.13283
3.50744
4.15053
3.51418
3.19737
3.26719
3.39011
3.16465
3.98414
3.49405
4.52848
3.66585
3.86786
3.08857
3.32286
4.08604
3.89242
3.7051
2.6516
3.4722
4.22758
3.66547
4.08224
3.1966
3.25259
3.65558
3.32825
3.05783
4.09588
3.13318
3.45714
4.08176
3.12075
2.75367
3.5602
3.53473
3.88162
3.37498
3.81698
3.6023
3.48593
3.33123
3.98496
3.50357
3.08165
3.669
3.31786
3.00223
3.35076
3.41872
4.26354
3.84228
4.42407
3.72788
3.51501
3.57731
3.54284
3.8113
2.5858
3.57894
3.07814
2.67807
4.0538
3.20143
3.17861
2.97312
3.46492
4.14569
3.85274
3.02582
4.11091
3.50741
3.20186
3.82661
3.49323
3.81066
3.30517
3.15651
3.75756
3.01921
3.41835
2.97366
3.73096
3.08478
2.68228
3.91436
3.91686
4.0325
3.44886
3.89556
2.90001
3.40027
4.11574
4.30929
3.58694
3.04036
3.02218
3.67853
3.55446
3.85773
3.49331
3.39794
3.50186
3.50102
4.03015
3.31183
2.89986
3.33878
3.42807
3.38551
3.40213
3.2445
3.26644
3.1052
3.43291
3.28095
3.74731
3.49555
3.58669
3.81508
3.77118
3.27262
3.07379
3.4119
4.42321
2.65436
4.41835
3.5464
4.20305
4.22911
4.46259
3.23966
2.86697
3.53699
3.45435
3.66614
3.16092
3.64762
3.59204
3.59593
4.00833
3.02171
3.87419
3.22705
2.87676
3.82282
2.9483
3.52912
3.08238
3.09975
3.87629
3.66137
3.70181
3.38853
3.3316
3.34425
3.54556
3.2873
3.71562
3.75531
3.80786
3.43595
2.52876
4.08637
3.54262
3.08654
2.5541
3.34063
3.02539
4.07925
3.50939
3.26446
3.34652
3.5426
3.29551
4.00017
3.74066
3.51563
3.81758
4.11272
3.69312
3.44342
3.077
4.08407
3.77348
3.12664
3.3311
3.18608
3.93245
3.70921
4.08889
3.33371
3.15751
3.16758
4.05986
3.58679
3.91862
4.01856
3.39478
3.91028
3.24509
4.09198
3.65558
4.11901
4.05998
2.71796
3.42375
2.62456
3.55842
3.55788
4.30448
3.66821
4.45171
3.06164
4.30651
4.16522
3.80885
3.16299
3.17494
3.60242
3.01247
3.32863
4.22751
3.6221
4.0064
3.45534
3.59192
3.49191
3.04706
4.36386
3.46475
3.60165
3.08112
3.26654
3.61016
4.44449
4.15706
2.59025
2.78914
3.23123
3.43836
3.91443
3.65777
3.35307
3.42119
3.53857
3.39551
3.34922
3.36973
3.32189
2.92245
4.35255
3.76729
3.44207
4.53681
3.67777
3.74163
3.09892
3.65183
3.78269
2.95795
2.94257
3.03373
3.77516
4.38331
4.13464
3.04016
3.95405
3.61135
3.95513
2.83127
4.56449
3.59615
3.74615
4.37289
3.51376
3.17958
2.73794
3.27445
4.2357
3.70629
2.93127
3.60134
3.70799
3.80595
3.21446
3.77478
3.31778
3.08223
4.27181
3.51906
3.33807
2.98341
4.09461
3.03956
4.21797
4.53948
4.03435
3.21192
3.20706
4.43586
3.84192
3.03573
3.52491
3.55399
2.51549
2.95376
3.35367
4.14418
3.53348
3.86023
3.8726
3.20631
3.17826
3.71947
3.87042
3.93901
3.15963
3.18881
4.16196
3.27837
3.62674
4.48736
3.1029
3.58197
3.91018
2.47491
3.43698
3.42466
2.96566
3.50271
3.52703
3.75728
2.49408
2.57087
3.21231
4.33982
4.09186
3.67442
4.60112
3.39576
4.03945
3.44297
3.04906
3.34436
3.46455
3.27651
4.3897
3.75284
3.62078
4.1524
4.17585
3.31057
3.4012
3.62652
3.75597
3.66267
3.46018
3.77399
2.95183
3.85028
3.4459
2.91255
3.41966
3.89018
3.84964
3.42454
4.4687
3.18656
3.35716
4.3408
3.67733
3.00275
2.34104
4.07265
3.08842
3.63105
3.76196
3.77568
3.58183
3.68375
3.2509
3.30189
3.71367
3.58895
3.02285
3.04405
2.8779
3.90941
3.52673
3.19926
3.08781
3.51341
2.8652
4.07582
3.49072
2.91122
4.02171
2.54075
2.92125
3.73131
3.31123
3.55245
3.36436
4.34551
3.22488
3.44589
4.14117
3.06221
3.46783
3.7355
2.44689
4.09231
2.49333
3.67317
3.06131
4.15241
2.71504
3.14693
2.61918
3.10506
3.83359
2.72818
3.26886
3.94598
3.842
3.77307
4.36409
2.73338
2.77894
2.95644
3.52531
4.21461
2.67728
2.96419
3.47309
3.44052
3.40951
3.29267
3.47797
4.56817
3.26055
3.20147
3.58703
2.83749
3.56213
2.83839
3.97927
3.3679
3.60227
3.90329
3.3681
3.45575
3.77668
3.93989
4.31056
3.46399
3.07848
2.94268
2.5997
3.6802
3.02596
4.43817
3.60729
4.17958
3.50742
4.04789
3.5112
3.26458
4.27584
4.76299
4.28253
2.96291
3.45497
3.75779
3.62443
3.35092
3.42263
3.54272
2.74567
3.12956
3.81561
3.60416
3.41871
2.41503
3.15451
2.90197
3.21306
4.11672
3.21605
3.69263
3.11147
3.55995
3.78388
2.61885
3.40771
2.67123
3.28811
2.85419
3.35114
2.57908
3.5976
3.31365
3.94468
3.39332
3.85792
3.53911
3.61928
3.21108
3.27186
3.34099
3.69915
3.55803
3.09824
3.62519
2.63883
3.50816
3.89867
4.05713
2.95405
4.13599
3.19082
3.31215
4.08534
3.73988
3.17076
3.13446
4.12413
3.9356
3.54559
3.77417
3.39807
3.75418
4.27183
3.09496
3.35326
4.28842
3.12364
2.74222
3.98774
3.71755
3.019
3.23449
3.28192
3.19959
3.91087
4.18835
3.13797
4.15626
3.30427
3.60992
3.78178
2.88531
4.58905
3.78352
3.3972
3.22045
3.38205
2.76077
2.95413
4.11905
3.4514
3.80111
3.25787
3.09303
3.54937
3.83741
3.18911
3.30856
3.6093
3.63778
2.91991
3.46521
3.26589
2.80765
2.58266
3.22545
4.03722
3.62366
3.93536
4.00057
3.26047
2.91348
3.50795
3.30916
3.50264
3.29371
3.03085
3.70951
3.17109
3.05003
3.63825
3.9674
2.92782
3.2922
2.90506
3.156
3.26527
3.23847
3.21807
3.29465
3.73039
3.58203
3.79781
3.41846
3.28749
3.36476
2.87955
3.13089
3.6895
3.1309
2.62785
3.72666
3.98085
3.85626
4.30076
3.3822
3.38457
3.74616
4.49601
4.19657
3.32956
3.96776
4.003
4.02523
3.25335
4.23026
3.35083
4.08491
2.56931
3.34921
2.58392
4.71737
3.31626
4.02852
3.61333
3.98543
3.01233
3.0667
3.18318
3.93456
3.61387
3.04134
3.55791
2.88863
3.734
3.74867
3.4778
4.05845
3.90442
3.27247
4.24623
4.02695
3.16796
3.02937
4.00383
3.83504
2.66818
2.98543
2.81095
2.92722
3.15645
3.96112
2.60133
3.62641
3.46556
3.53983
3.3862
3.59223
4.00297
4.06762
3.77955
2.87762
3.1959
3.57946
3.48162
3.23336
4.07388
3.20992
3.29909
4.22054
3.30379
3.74411
2.59692
3.97608
3.49606
3.93696
4.76804
3.63649
2.97964
3.07694
3.87378
3.46027
3.99731
3.49275
3.04889
3.59965
3.4017
3.79927
3.58198
3.75714
3.93652
3.65174
3.77305
4.12304
4.56607
3.62465
3.2366
3.52471
4.07035
3.05461
3.26
3.12893
3.75177
3.28417
4.14327
2.82366
3.60338
2.71602
3.13783
3.56562
3.16769
2.9348
3.66821
3.51549
3.0686
3.37647
3.96201
3.19242
3.32835
3.12262
3.53
3.66484
4.08506
3.36999
3.12939
3.45475
2.70519
2.97295
2.91001
3.36773
3.53963
3.17954
3.38425
3.87112
3.20044
3.27906
3.17826
2.92788
3.73969
2.8521
3.7132
3.35407
3.49039
3.16149
3.53164
3.30263
2.58364
3.94518
3.42593
3.8867
3.78488
3.46984
3.34135
3.74061
3.29611
3.67675
2.71862
3.47688
3.54991
3.59876
2.5065
3.53292
2.77474
3.45039
3.51684
3.81087
4.24033
3.39021
3.1106
2.79969
3.59542
3.4276
2.89495
3.52829
3.58935
3.29376
3.17797
4.23395
3.22281
3.81902
3.86869
2.54033
3.50182
3.95679
4.32686
3.22458
2.97315
3.56659
3.85805
3.31301
3.09818
3.41655
3.61618
2.78038
3.77603
3.58845
3.61707
4.03741
3.95588
3.06583
3.38269
4.17696
4.28216
3.25845
2.92765
3.60877
3.09521
3.06424
3.86552
3.24847
3.864
3.7921
3.35407
3.33625
4.25637
3.36694
2.91502
3.24593
3.55602
3.21098
3.35524
3.30535
3.5147
2.5426
3.58261
3.68409
2.98156
3.55734
4.05146
3.81469
3.28089
3.55259
3.38862
3.59872
4.31314
3.53082
3.44261
3.80924
3.7331
4.16327
4.06505
4.13619
3.8131
3.21921
2.87458
2.7317
3.72783
3.66311
3.07001
3.39711
4.00143
3.09499
3.55098
3.21396
3.23641
2.55669
3.17073
3.4561
3.99765
3.94969
3.38676
4.03055
2.85403
3.90738
2.89213
2.97941
3.08367
2.93787
4.50083
3.73592
3.92814
3.50054
4.12771
2.36228
3.53447
3.90256
3.64444
3.90745
3.35309
3.49916
3.20961
3.30807
2.76343
4.15403
3.86225
2.916
3.07795
4.26386
4.73486
4.27078
3.82932
3.37394
4.18289
3.64598
3.37428
3.50898
3.44457
3.68302
4.35164
3.81645
4.136
3.5867
3.91086
3.46682
2.95298
3.89132
2.88138
3.47845
2.89252
2.217
3.68209
3.73174
3.62321
3.22046
3.77385
3.41056
3.32516
3.10492
3.33712
2.95608
2.88666
4.08897
3.11073
2.84097
4.2859
4.14432
3.45641
3.06982
3.30286
3.09742
3.71797
3.7838
3.39742
3.85039
3.82271
3.19573
3.65668
3.5115
3.32652
3.80405
4.15532
4.13584
3.2333
2.93197
4.38977
3.06186
3.4228
3.61082
3.13797
3.48969
3.40039
4.17399
2.6631
3.98229
3.33571
3.15089
3.621
2.98049
3.98644
2.64767
3.34748
3.20846
3.10707
3.37432
3.89304
3.50593
3.3215
3.32539
3.23893
4.15889
3.19245
3.84407
3.06995
3.21063
3.84917
2.89721
3.29579
3.51999
3.03913
3.86152
3.20403
3.49402
3.34829
3.46866
3.69443
3.45726
4.08815
3.77972
3.48544
3.53019
2.47713
3.15737
4.00042
3.67429
4.24732
3.17624
3.83235
2.7216
3.6869
3.76019
3.75209
3.74157
4.38206
3.55751
3.66708
3.50841
3.5516
3.66273
3.25325
3.61695
3.37088
2.76659
3.67475
3.45556
3.06096
4.16321
3.37214
3.77963
3.77255
3.26611
3.84155
3.53915
3.4234
3.88256
3.64318
3.89952
2.65156
2.96835
3.5694
3.05424
3.92586
3.93247
3.46877
3.46395
4.10903
3.78436
3.66393
3.56588
3.89744
3.51345
3.71763
3.28342
4.06578
2.56388
4.49255
3.32517
3.32358
3.61464
3.01693
4.29848
4.34443
3.59806
5.10968
3.0723
3.65787
3.48739
4.03469
3.60944
3.59751
3.35675
3.64577
4.1485
3.37815
3.56429
3.04977
3.6509
4.12835
4.13233
3.75722
3.33855
3.33392
3.49567
3.60584
3.93288
3.15169
3.2619
2.93388
2.86606
3.43183
3.97548
3.54669
3.77054
4.04083
3.09967
3.96116
3.96305
3.70627
3.52823
3.72933
3.42428
3.10829
3.41153
2.8335
3.43599
4.32176
3.42907
3.21205
4.07202
3.96673
3.86357
3.41615
4.14999
3.05414
3.42877
3.21419
3.53583
3.01708
3.7765
4.15215
3.35307
3.29738
3.95552
3.64446
3.18436
4.11076
2.81781
2.61131
3.76244
3.64292
3.4654
2.99484
3.43337
3.43286
3.80349
3.6781
3.83459
3.57839
3.61341
3.89673
3.26586
4.1531
4.28136
3.67536
3.14106
4.35253
3.41694
4.13637
3.19401
2.8915
4.06764
3.2207
3.27189
4.05335
4.08354
3.92641
3.58452
3.04568
3.40887
3.61234
3.68844
3.94624
3.17487
3.23037
3.76941
3.52648
3.4409
4.04148
3.44757
4.11894
3.2787
3.43701
3.36411
3.94906
4.11687
4.42792
3.21909
2.98032
3.86087
3.68144
3.71464
3.82607
4.27605
3.67578
3.01823
4.15979
2.96902
3.10979
3.39587
3.30996
4.52548
3.64638
4.07507
2.85416
2.96001
2.88436
3.18268
4.0312
3.60618
3.64498
3.7629
3.66897
2.92294
3.22618
3.41584
2.57938
3.41586
3.71825
3.50716
3.50104
3.96953
3.29176
3.18459
3.6739
3.86
2.5595
4.09708
3.00912
4.06387
3.68089
2.74776
3.57137
3.7032
3.81844
3.32173
4.21961
3.06329
3.37256
2.61522
3.25634
3.09262
3.61226
3.35241
2.81415
3.14238
3.38556
3.2117
3.96243
3.4254
4.03515
3.29325
3.64591
3.77183
2.96096
2.54464
3.57059
3.23201
3.46285
3.82193
3.03162
3.92413
3.56307
3.79821
2.93151
3.24728
3.94933
3.34233
3.36602
3.678
3.99601
2.7751
3.65891
3.34111
3.01233
3.57102
3.60574
3.89329
2.9325
3.60816
3.44068
2.98057
3.60474
3.47949
3.1694
3.12835
2.65194
3.66369
3.91471
3.39553
4.0686
4.01394
2.80092
4.47172
4.28466
2.55819
4.15633
4.11935
3.86869
4.01453
3.44275
3.45997
4.35897
2.7106
2.32413
3.57687
3.40248
2.75598
4.16606
3.75365
2.4483
3.85174
4.01115
4.39123
3.1834
3.53142
3.20463
3.7431
3.71484
3.91297
3.84825
3.0817
4.19431
3.20124
4.13941
4.25611
3.14694
3.21579
3.40656
3.82413
3.20793
3.62899
4.28057
2.53928
3.28691
2.88444
2.94588
3.44614
3.37127
2.92606
2.79398
3.18488
3.24624
3.40317
3.05589
2.82867
3.3508
3.92712
3.61889
3.67518
3.30495
3.24025
3.73707
2.88606
3.83528
3.81807
3.22376
3.7161
4.39214
3.46048
2.96816
3.29619
3.1932
3.33857
3.74713
3.532
3.74448
3.74802
3.80714
3.65293
2.08152
2.9808
3.57035
3.29355
3.5395
3.26167
4.07244
3.7124
3.30282
3.6065
3.86907
2.85054
3.80076
3.24411
3.65141
3.90526
3.20756
2.90404
3.19038
4.44148
4.37141
3.80727
3.98286
3.28663
3.43835
3.60753
4.10243
4.05188
3.75345
3.31562
3.26052
3.09571
3.31321
3.89969
3.96347
3.59312
3.10916
3.78915
3.4043
4.09679
3.14454
2.92049
3.85714
3.57369
4.22185
3.74807
3.34635
3.37377
4.29085
4.30335
3.74086
3.43479
3.21275
4.42101
4.17858
3.24982
3.23793
3.66077
3.35429
3.22211
3.31075
4.23861
3.20866
3.50415
3.00651
3.44143
4.43461
2.76563
2.97213
4.03442
2.4714
3.55787
4.1832
3.58029
3.78564
4.03939
3.14694
3.37491
3.74225
4.30064
3.37152
3.36398
3.24749
3.37301
2.98898
2.94053
4.09987
4.23009
3.36012
2.93307
3.11382
3.18699
3.30634
3.37967
3.58477
3.57582
3.80476
3.34311
3.54343
3.42345
3.04917
3.05739
3.00059
3.07999
3.22117
3.10651
2.51311
3.84442
3.13177
3.62079
3.40523
3.60617
3.08558
3.13696
3.85866
2.86931
2.88577
3.30291
2.83846
3.24849
3.33972
3.51823
3.45088
3.62367
3.44127
4.38705
2.33303
3.61294
3.59735
4.01945
3.05344
3.87096
3.83282
3.25336
3.75606
3.94257
3.34893
3.2785
4.4096
3.99925
3.62715
3.92956
3.52768
2.75864
2.9616
3.07553
3.6044
3.73473
3.36955
3.06767
3.76366
4.1895
3.77114
4.1184
3.74955
4.75389
3.64559
2.76872
3.38911
3.15906
3.5628
3.76205
3.53753
3.86631
4.05538
2.67715
3.76986
3.10679
3.73802
3.58348
2.7121
3.43981
2.89689
3.2669
2.90865
2.91105
3.46375
3.23438
3.5018
2.73994
2.85547
3.24102
3.25285
3.6877
2.10129
2.49319
3.06361
2.85567
3.49634
3.96665
4.1606
4.13581
3.21164
2.93852
3.48338
2.88311
3.85689
3.86739
4.57233
3.10236
3.43403
3.66579
3.38004
4.03914
3.93575
3.69461
3.43441
3.03784
3.0347
3.46891
3.6605
2.87694
3.37544
3.60003
3.92196
4.01456
3.92267
3.90898
3.97202
3.27505
3.63553
2.931
4.00752
2.47959
3.42945
2.6918
2.39894
3.87216
2.45309
3.67067
3.92259
2.91417
3.14955
3.77611
2.95074
2.61919
3.38745
3.44477
4.05883
4.07158
4.13864
4.13437
3.38814
3.62075
3.24602
4.01691
3.35593
2.96512
2.26621
3.08807
3.43432
3.93777
3.68806
3.19433
3.72276
3.77831
3.51976
3.13931
3.41793
3.52316
3.80336
3.06584
3.53901
3.86906
3.55715
3.72069
2.89489
3.96245
2.46262
3.49397
3.78393
4.03969
3.30421
4.28516
3.79586
3.19118
3.23644
3.28318
3.33916
2.74468
2.89435
3.65793
3.1462
3.86103
3.67977
2.94584
4.01253
3.40811
3.74707
3.5722
3.40526
4.02645
4.27875
3.48815
3.32967
3.52253
3.08234
2.81054
3.97201
3.82375
3.85676
3.13758
3.64027
3.2012
3.66751
3.87398
3.40375
3.81453
2.73653
3.9339
3.08602
3.3556
3.59393
3.60044
3.3949
3.66521
4.45533
3.10559
4.4769
3.67008
3.37981
4.15454
3.06255
3.8347
3.3299
3.65354
3.62282
3.04544
3.69654
2.81068
3.08592
3.44194
3.66821
4.0639
3.16749
3.18342
4.01503
3.45111
2.74631
2.98528
3.92473
3.07191
3.47129
3.48394
3.46919
4.20105
4.41468
3.08555
3.09625
4.39869
2.59019
3.92695
3.73328
2.62259
4.03357
2.42465
4.15503
3.8828
3.89739
3.61074
4.21007
3.88932
3.64022
3.05159
2.81616
2.92841
3.39473
3.6187
2.82663
3.86357
2.97792
3.72786
3.43604
3.19201
2.76062
3.38622
4.23475
3.49806
3.24234
2.98392
3.83886
3.92955
4.68147
3.73983
3.21265
3.48397
3.50969
3.05883
2.86789
3.42582
3.01339
3.78019
3.06508
4.06713
2.89374
3.89477
4.45854
2.928
2.82112
3.2811
3.31854
3.45437
3.47834
3.85831
2.52996
2.50523
3.84103
3.27613
3.50856
3.23179
3.57262
3.86047
3.49222
3.75608
3.41505
3.50495
3.35592
3.71689
3.3354
4.04726
3.16575
3.28579
3.44244
3.8911
4.12855
3.66641
3.31602
3.23269
3.41006
3.87517
2.89625
2.72318
3.48626
3.76175
3.45814
3.74605
2.75851
2.76301
3.45135
2.71125
3.60488
3.79384
3.61372
4.36542
3.85617
2.96393
3.27092
3.59034
2.87688
3.9694
3.61374
4.00917
3.49737
3.04345
2.99822
3.94299
3.98526
4.26035
4.44278
3.85749
3.56015
3.77224
3.50063
3.41264
4.14761
3.21835
3.56419
3.07559
3.63418
3.08141
4.41272
2.97975
3.32722
2.67627
3.44275
3.31075
3.63922
4.24067
3.02522
3.97257
2.70808
3.75855
3.81177
3.13476
4.23094
3.68127
4.06691
3.48437
4.23072
3.62221
2.2314
4.1039
3.79093
2.88561
2.92616
2.86908
3.48564
3.35046
3.48513
3.10821
3.79787
3.76538
4.35901
3.98714
3.76135
2.92086
3.8612
3.1819
3.37658
3.45005
3.23072
3.37346
3.04383
3.16968
2.86605
4.44684
2.82208
3.9077
3.33772
3.49943
3.26419
3.17455
3.41635
2.86102
3.39518
3.31994
3.35661
3.80074
3.59162
3.47724
3.55681
2.94373
3.18689
3.63293
4.46734
3.14297
3.56826
3.56829
3.25042
4.14952
3.8481
3.2062
3.69731
3.39681
3.88311
3.55556
4.28812
3.56264
3.98178
3.98137
3.0333
3.29476
3.58162
2.93849
3.36469
3.58397
3.49431
3.59237
3.84806
3.24115
3.00801
3.40992
3.3678
3.78218
3.20293
3.33935
3.18852
3.74755
4.2771
4.10737
3.92705
4.08116
2.49624
2.94784
2.9724
4.16512
4.0726
3.73568
3.26994
3.45547
3.34441
4.03531
3.64023
3.38606
3.56862
3.98287
3.43155
3.80567
3.45631
3.20676
3.30941
3.68594
3.77143
4.15104
3.86484
3.68557
3.88002
3.20147
3.97752
3.87868
3.57818
4.42429
2.99855
4.05303
3.34403
3.01253
2.82147
3.45628
3.34959
3.69544
4.28939
2.71643
3.13566
2.90119
3.63949
3.8849
3.79343
2.87349
3.31555
3.64853
3.81375
3.22791
3.48281
3.72946
2.95562
3.09364
3.95829
3.83956
3.55247
3.52186
3.52396
3.77835
3.61592
4.25178
3.7186
3.36165
3.91306
2.71083
3.20849
4.34032
3.38501
3.78535
3.71571
3.31619
3.84048
3.43351
4.73694
3.88539
3.2999
3.62235
3.41434
3.33615
3.68175
2.85574
3.92416
3.2016
4.21441
3.72052
4.12765
2.81522
2.02292
3.913
3.48256
3.73946
2.78183
3.11839
2.84265
3.53566
3.14146
4.40061
2.77638
3.81611
3.82635
2.92027
2.91497
3.36665
3.37113
3.33383
3.59377
4.85091
3.40044
3.13683
3.67999
3.20508
3.67592
2.99956
3.48356
3.80441
3.3247
3.30341
4.02696
3.33072
3.73019
3.12158
3.70359
3.49257
3.50746
3.29767
2.48329
3.34745
3.30181
4.56116
3.32753
3.44812
3.34065
3.77863
3.85558
2.88267
2.73506
2.97499
4.05698
4.50086
3.96899
3.66895
3.97451
4.21653
3.83032
3.35225
4.28578
3.2489
3.22941
3.60225
3.59033
4.51306
3.41738
3.35266
3.96338
3.59258
2.55742
2.75739
4.46581
3.82494
2.91918
2.8675
3.30422
4.00305
3.65746
2.50165
2.71371
3.54381
3.70294
4.22534
3.38984
2.69733
3.73404
4.26456
2.92533
2.96804
3.51549
4.4645
3.21073
4.39171
3.58047
3.06433
3.63736
3.65979
4.29972
3.59392
4.19477
3.80548
3.32227
3.60878
4.68363
3.26327
4.18904
3.76455
4.26912
3.08666
4.11183
3.39254
3.97878
3.95605
3.4766
3.77294
3.50237
3.33186
3.5715
3.71256
3.28071
4.20528
3.85635
3.31902
3.37394
3.87185
2.78178
3.02359
2.47866
4.00072
2.73263
3.43985
3.71758
3.99502
3.61155
3.55573
3.95374
3.73653
2.89526
4.04137
3.38573
2.7804
3.18724
3.11574
4.05892
4.41347
3.85701
3.94979
3.18179
3.71214
2.79776
3.99414
2.76527
3.33368
4.15021
3.90476
3.10702
3.7474
3.53216
3.39978
4.02127
2.95965
3.87962
3.41601
2.96906
3.00951
2.44673
3.84402
4.37222
3.60946
2.32809
3.40535
3.39887
2.77817
4.0586
2.89613
2.88647
4.16002
3.91224
3.05602
4.32302
3.44873
3.46262
3.73197
3.43541
4.43024
4.28474
3.79114
3.43811
3.63227
2.86836
3.3977
3.37416
4.41609
3.38031
3.8032
3.73438
3.56846
3.85418
3.21053
4.1697
3.54921
2.70209
3.05648
3.61515
3.02304
3.63524
3.71824
4.02339
3.15118
4.14544
4.18417
3.65911
2.84179
4.14226
3.63944
4.03481
3.25518
3.65591
3.70224
4.0724
3.33285
3.20798
3.70643
3.45368
3.46696
3.01838
3.46172
3.37712
4.14932
3.65812
3.83247
3.06677
4.03701
2.57414
3.76151
3.88341
3.34393
3.60379
4.02549
3.76679
3.31574
4.1628
3.54336
3.49175
4.26777
3.2322
2.96989
3.34991
3.26367
3.08597
3.59104
3.87253
3.48481
2.89248
3.69852
3.08904
3.68832
3.38952
3.15555
2.56969
3.37425
4.27363
3.77658
4.12955
3.37991
3.76137
2.92821
3.57524
3.5924
3.47126
3.91938
3.75435
3.31749
4.34152
3.28351
3.42169
3.56616
3.74029
2.96577
3.06532
3.61758
3.24143
3.71366
2.83912
2.68974
3.73014
4.12924
3.62779
3.89711
3.06943
3.37663
3.02381
3.39675
3.99957
2.94837
4.12506
3.72252
2.75916
4.17957
3.5654
3.2793
3.60794
3.85874
3.06983
4.31692
3.49778
2.81958
4.07927
3.9262
4.07968
3.30794
3.61936
3.19717
3.05103
3.70353
3.5912
3.15194
4.03899
3.33578
3.54124
2.91283
3.78177
2.66899
3.22102
4.28846
3.8116
3.54133
3.87675
4.05869
3.65909
3.92803
2.71232
4.21152
3.29037
3.85893
2.84851
3.73297
4.05472
4.65577
3.35484
4.27359
3.36174
3.06484
4.05948
3.61282
4.1237
3.14563
3.3467
2.31508
3.68984
3.93647
3.03
3.31927
3.56613
2.95305
3.64311
3.92583
2.6551
3.98613
3.61995
3.24326
3.06692
3.94968
4.33853
3.12871
4.24435
3.19106
3.88266
3.50474
3.71038
3.20976
3.12922
3.65721
3.18912
3.64169
2.89774
3.21675
3.66652
4.65073
2.90291
3.49896
3.1492
3.03001
3.6294
3.72627
4.44601
3.84981
3.00258
3.87686
3.23817
3.89989
3.85733
3.50375
3.02056
3.45851
3.21119
3.33998
4.18785
3.58121
3.22703
2.8532
2.60569
3.63692
3.00423
3.63586
3.94862
3.72976
3.46631
4.11473
3.9027
3.42959
2.61694
4.0362
3.52228
3.39467
3.81495
3.53137
3.09677
3.50505
2.97315
3.2878
3.32458
3.53533
2.21439
3.95211
2.40802
3.1806
3.02251
3.86065
3.87405
2.90966
3.8043
3.54292
3.49245
3.15449
4.0331
3.16493
4.10422
3.75557
3.27289
3.1778
3.48955
3.86716
2.38622
3.90898
3.09594
3.68752
3.60787
3.68159
4.01361
3.91356
4.42019
3.26991
3.02676
2.73004
3.29492
3.59641
3.38539
3.42835
3.37022
3.54895
4.13424
2.91008
4.01055
3.64377
3.90126
3.86588
2.95097
3.48319
2.99004
3.83009
2.8562
3.55401
2.93646
3.59684
3.62892
3.38574
4.38165
3.64367
3.18048
3.4351
3.17956
3.24338
3.63122
2.78611
3.59875
3.85569
3.03645
3.85259
3.29484
3.17469
3.73807
2.74272
3.42083
2.86879
2.82074
3.79268
2.80953
3.58482
3.90534
3.99944
3.60328
3.69797
4.14146
3.68011
3.52282
3.57467
3.76447
3.65793
4.15851
3.77543
3.46173
3.12297
3.23339
4.16
3.54636
3.03776
3.22918
3.26724
3.56574
4.05615
4.08251
3.12732
3.97627
2.89616
3.85031
3.82394
3.89416
3.95529
3.80944
2.65959
4.18656
2.67927
3.39724
4.18678
3.29584
2.79326
3.21606
3.15354
3.69398
3.97669
3.01614
3.57159
3.24264
4.41089
3.13765
4.15056
3.48877
3.85136
3.33423
3.25214
4.05425
2.97387
3.71657
3.8029
3.78198
3.71655
3.74622
3.76475
3.17992
3.68774
3.77587
3.29726
3.45826
3.93176
3.57423
3.15618
3.58395
3.44281
3.08957
3.65746
4.28077
3.28958
2.89773
3.69662
4.28177
4.56087
3.34659
3.34812
3.3952
3.56527
2.8506
2.9796
4.07359
3.81555
3.60514
3.60131
3.67975
3.80093
3.6821
3.33072
3.52241
4.39835
3.53443
3.38792
2.98787
3.99621
3.87859
3.4472
3.22328
2.50195
2.74067
3.9557
3.33075
2.87733
3.64293
3.68987
2.91069
4.19295
3.47414
2.85582
4.04638
3.41641
3.5285
3.44974
3.45101
3.74573
2.51424
2.87981
4.00203
3.77287
3.02449
3.01087
4.26676
3.10935
3.52937
3.82884
3.87707
3.82886
3.38961
2.83141
4.2397
3.67947
2.7086
2.53709
4.073
3.49051
3.03089
3.1648
3.63947
4.04698
3.96189
2.57114
3.29752
3.92699
2.72458
4.44289
2.62486
3.39536
3.98581
3.52731
3.36959
3.41914
2.97587
3.34292
3.36433
3.71858
3.9916
4.34876
2.79222
2.98959
2.81456
3.46015
3.3229
3.53145
3.39248
3.08418
2.64013
3.98629
3.82319
3.50821
3.76211
3.74426
2.74704
3.01011
3.30879
2.79126
3.19492
3.46874
3.50004
3.37359
3.25564
3.53858
4.17202
3.32647
3.61766
3.11253
3.47814
3.76125
3.60662
2.83204
3.6949
3.02866
3.78159
3.31378
2.68188
2.97301
3.46926
3.04748
4.04884
3.46513
3.3068
4.57943
3.96205
3.54929
3.43039
3.13151
4.27576
2.76218
3.38801
3.21557
4.30352
3.77944
3.17136
3.08843
3.54822
3.01824
3.45314
3.55254
3.08838
2.67161
2.68251
3.64294
2.5723
3.87342
3.63275
3.65084
3.90041
4.29
3.31174
2.71968
3.6803
3.9075
3.33709
3.9096
2.9176
3.63152
3.44429
2.66113
3.15989
4.03815
3.7377
3.99953
3.43974
3.21353
3.6104
3.60598
4.3668
3.09121
3.95048
3.54215
3.59788
3.5447
4.31789
3.94982
3.66776
3.21502
3.71694
3.45733
3.2925
4.65074
4.40648
3.30989
3.26071
3.31065
2.88074
3.9008
3.40743
2.82702
3.22063
3.41592
3.419
3.14977
3.45619
3.21375
3.84614
2.2898
3.89794
3.84885
3.20662
3.85225
4.08566
3.80616
3.43752
3.39806
4.0699
3.54931
3.7112
3.39516
3.68289
3.89588
3.25788
3.61773
3.77179
4.01779
3.3417
3.82524
3.55879
3.52535
3.41605
3.40023
3.35877
3.62829
4.23772
3.3465
3.82695
3.77768
3.8486
4.14724
3.72493
4.47739
3.33723
2.95503
3.38547
3.61418
3.17179
3.43347
3.62215
3.69062
3.14959
3.79277
3.77208
3.75501
4.13743
3.65936
3.87571
3.10794
3.78084
3.89213
4.1895
3.52496
3.23925
4.30566
3.29357
2.77026
3.25799
2.98341
2.99775
3.08621
4.01689
3.96158
4.56601
3.62888
3.69931
3.53677
3.97044
2.97987
4.10416
3.2986
3.45269
2.89967
3.37742
4.71074
2.6118
2.89832
3.56869
2.66166
3.55398
2.98392
3.72206
2.87908
3.33144
3.11002
3.58959
3.44963
3.9633
3.87774
3.30948
3.90792
3.27361
3.95894
4.02018
3.95705
3.09748
3.49179
2.8852
3.35494
3.59786
3.36013
3.38264
3.84883
3.50202
4.30337
4.46719
3.26265
3.00802
4.2137
3.34133
3.43996
4.42799
3.76261
4.0762
3.71745
3.82636
3.65877
3.20185
2.95196
2.97763
3.87468
3.14011
3.34645
3.40974
3.58938
3.48249
3.91805
3.61531
3.37993
4.1193
3.92398
3.70471
2.85433
4.60516
3.90888
3.84099
3.9538
3.89986
3.7595
3.73844
3.5626
3.75259
3.25068
3.32276
3.34835
4.00139
3.53893
3.34221
3.41651
3.93853
3.90772
2.78561
3.89735
4.14649
3.29122
2.90452
2.9942
3.83814
4.20091
3.45308
2.30676
3.73862
4.15203
3.45066
4.40353
2.92514
3.53458
3.83883
2.65247
2.7953
4.09639
3.84541
3.72919
3.46275
3.303
3.68491
3.50722
2.88357
3.81228
3.91608
3.69487
3.39529
3.14892
2.34363
3.61853
4.1044
3.88692
3.79252
3.46239
3.18727
3.74561
2.89993
3.55951
3.17315
3.47762
3.76098
3.48971
3.65686
3.27456
3.83108
3.77448
3.64281
4.13926
2.92889
3.86961
3.35064
2.7706
4.00061
3.44121
3.31696
3.48003
2.99722
4.07097
3.50643
4.00627
3.28338
3.57173
3.39926
3.31742
4.43738
3.50453
3.65125
3.08745
2.61857
3.27349
3.92643
3.00643
4.36959
4.33497
3.881
2.932
2.78757
2.59279
3.03154
3.61162
3.93949
2.96118
3.36905
3.80334
2.71359
3.36246
4.08449
3.59516
3.98994
3.08669
3.15035
4.07082
3.57983
2.47541
3.25657
3.69255
3.32486
3.802
3.22817
3.36882
3.56323
4.00623
2.55593
4.148
4.36197
3.10075
3.55006
4.32633
3.48042
3.60243
3.38098
2.98127
2.97135
4.25162
2.90024
3.53906
3.64307
3.06748
4.13832
3.45791
3.29663
3.44786
3.75504
2.95579
3.71921
4.05721
3.47242
3.93474
3.35576
3.15618
3.14832
2.85088
3.39761
2.81176
3.6536
2.75239
3.71815
3.58706
4.59386
4.05492
3.15194
3.3447
4.17142
3.84697
4.05516
3.70829
3.11142
3.11522
3.40174
3.01136
4.08027
4.25242
2.8607
4.22347
3.40352
3.05819
4.36694
4.37815
4.14394
3.66578
2.13889
3.93767
3.22967
3.92534
3.41288
2.8148
2.32625
3.247
3.35567
3.43171
4.025
3.25486
2.68266
3.7314
3.67445
3.32522
3.95112
3.96735
3.81016
3.68064
3.31374
2.882
4.1423
3.68346
3.70956
4.04492
2.43933
3.82058
3.53564
2.65685
3.89977
3.09356
2.78408
3.53553
4.2333
3.62609
3.44565
3.28498
3.17611
3.77321
3.67255
4.30948
3.04434
3.86464
2.75928
3.36903
3.18338
3.43696
3.44191
3.28305
3.29991
3.40725
3.83261
3.6743
4.167
3.61321
3.4976
2.80522
3.07199
2.9928
3.25308
4.09378
3.13051
3.89875
3.1951
3.30649
3.21888
3.14099
3.79589
4.21105
2.78124
3.3231
3.09028
3.1314
3.14642
4.38586
4.04263
3.38306
2.74374
2.99428
