0 814.004 1003.06
1 798.348 942.046
2 782.825 894.938
3 777.025 855.812
4 752.614 837.423
5 714.031 814.443
6 674.285 777.54
7 673.455 757.022
8 673.455 738.337
9 672.784 719.398
10 672.784 698.928
11 669.045 685.671
12 656.001 679.047
13 642.758 672.103
14 642.422 666.657
15 628.653 657.786
16 617.684 651.391
17 617.684 649.08
18 604.894 641.143
19 603.309 632.817
20 584.358 624.712
21 568.871 614.721
22 561.49 602.232
23 559.992 590.616
24 553.703 581.528
25 543.818 568.91
26 535.519 562.529
27 529.956 553.839
28 519.7 550.068
29 519.7 545.85
30 505.552 536.46
31 499.751 530.501
32 488.075 517.463
33 472.196 505.617
34 472.023 495.34
35 472.023 483.566
36 462.096 478.955
37 454.899 474.255
38 454.899 469.241
39 453.995 463.255
40 451.326 461.888
41 446.557 458.684
42 442.709 454.104
43 442.709 450.436
44 442.709 449.256
45 442.709 447.014
46 440.731 444.045
47 440.731 443.165
48 440.731 442.541
49 436.251 441.855
50 436.251 441.232
51 436.251 440.316
52 432.389 441.309
53 432.248 438.929
54 432.248 436.954
55 426.995 435.497
56 425.305 434.073
57 425.305 431.893
58 423.876 430.282
59 423.876 427.472
60 423.876 426.129
61 423.876 424.314
62 423.876 423.876
63 423.876 423.876
64 423.876 423.876
65 422.59 423.863
66 422.59 423.806
67 422.59 423.583
68 422.59 423.279
69 422.59 422.975
70 421.748 422.57
71 421.748 422.383
72 421.748 422.093
73 421.698 421.747
74 421.698 421.741
75 421.698 421.728
76 421.698 421.714
77 421.698 421.698
78 421.698 421.698
79 421.698 421.698
80 421.698 421.698
81 421.407 421.695
82 421.407 421.684
83 413.068 421.548
84 413.068 421.402
85 412.531 420.774
86 413.068 421.258
87 409.514 417.961
88 404.678 415.104
89 404.678 412.84
90 404.678 412.453
91 404.678 412.088
92 404.576 409.239
93 402.238 408.944
94 401.849 405.176
95 401.849 404.408
96 401.59 403.288
97 401.361 403.657
98 401.361 402.432
99 401.361 401.751
100 401.361 401.574
101 401.361 401.42
102 401.361 401.361
103 401.361 401.361
104 401.361 401.361
105 401.361 401.361
106 398.817 401.335
107 394.97 401.111
108 394.97 400.368
109 389.008 398.637
110 384.382 396.07
111 384.382 391.707
112 383.961 389.479
113 383.961 386.901
114 383.961 385.589
115 383.916 384.374
116 383.916 384.093
117 383.496 383.984
118 383.405 383.809
119 383.405 383.631
120 382.318 383.438
121 382.318 383.23
122 382.318 382.73
123 382.318 382.472
124 382.318 382.318
125 381.207 382.296
126 381.207 382.152
127 381.207 381.874
128 381.207 381.513
129 381.207 381.216
130 381.207 381.207
131 381.207 381.207
132 380.88 381.204
133 380.88 381.164
134 380.88 381.069
135 380.788 380.97
136 380.588 380.867
137 380.588 380.829
138 379.461 380.742
139 379.369 380.529
140 379.17 380.395
141 379.17 380.17
142 379.17 379.906
143 379.17 379.499
144 379.17 379.217
145 379.17 379.17
146 379.17 379.17
147 379.17 379.17
148 379.17 379.17
149 379.17 379.17
150 379.17 379.17
151 379.17 379.17
152 379.17 379.17
153 379.17 379.17
154 379.17 379.17
155 379.17 379.17
156 378.911 379.167
157 378.911 379.131
158 378.911 379.059
159 378.911 378.96
160 378.911 378.924
161 378.911 378.911
162 378.911 378.911
163 373.991 378.862
164 373.991 378.616
165 373.991 378.307
166 373.991 377.454
167 373.991 376.542
168 373.991 375.795
169 373.991 374.722
170 373.991 374.211
171 370.557 373.956
172 370.557 373.682
173 370.557 372.503
174 369.033 371.394
175 368.829 370.609
176 366.779 370.367
177 363.428 369.899
178 361.7 369.478
179 361.7 369.294
180 358.1 366.346
181 356.371 362.916
182 356.371 360.597
183 356.371 358.3
184 351.679 356.873
185 350.751 356.378
186 341.932 355.543
187 341.932 353.847
188 341.932 351.023
189 341.932 349.47
190 341.932 347.608
191 341.932 343.753
192 341.932 341.932
193 341.932 341.932
194 341.932 341.932
195 341.932 341.932
196 341.598 341.929
197 341.598 341.919
198 341.598 341.855
199 341.598 341.778
200 341.598 341.618
201 341.598 341.598
202 341.598 341.598
203 341.598 341.598
204 341.598 341.598
205 341.598 341.598
206 341.598 341.598
207 341.598 341.598
208 341.598 341.598
209 341.598 341.598
210 341.598 341.598
211 341.598 341.598
212 340.75 341.59
213 340.75 341.505
214 340.75 341.242
215 340.75 341.089
216 340.75 340.75
217 340.75 340.75
218 340.75 340.75
219 340.75 340.75
220 340.75 340.75
221 340.75 340.75
222 340.75 340.75
223 340.75 340.75
224 340.75 340.75
225 340.75 340.75
226 337.487 340.717
227 337.487 340.587
228 337.487 340.195
229 333.854 338.867
230 334.218 337.601
231 334.218 336.625
232 333.203 335.671
233 332.041 334.833
234 332.041 334.061
235 332.041 333.225
236 331.197 332.348
237 331.197 331.832
238 331.197 331.526
239 331.197 331.197
240 331.197 331.197
241 331.197 331.197
242 328.773 331.173
243 328.773 330.826
244 328.773 330.041
245 328.773 328.874
246 328.773 328.773
247 328.773 328.773
248 328.773 328.773
249 328.773 328.773
250 325.712 328.743
251 322.76 328.591
252 316.45 328.434
253 316.45 327.947
254 316.45 328.23
255 314.786 327.461
256 314.786 323.171
257 314.786 320.868
258 314.786 318.051
259 311.635 316.966
260 311.635 314.25
261 311.635 313.179
262 311.635 312.143
263 311.635 311.635
264 311.635 311.635
265 311.635 311.635
266 311.635 311.635
267 311.635 311.635
268 311.635 311.635
269 311.635 311.635
270 311.635 311.635
271 311.635 311.635
272 311.635 311.635
273 311.635 311.635
274 311.635 311.635
275 311.404 311.633
276 311.404 311.624
277 311.404 311.573
278 311.404 311.498
279 311.404 311.404
280 311.404 311.404
281 311.404 311.404
282 311.404 311.404
283 311.404 311.404
284 311.404 311.404
285 311.404 311.404
286 311.404 311.404
287 311.404 311.404
288 310.148 311.391
289 310.148 311.209
290 310.148 310.713
291 310.148 310.273
292 310.148 310.148
293 309.685 310.138
294 309.685 310.087
295 309.685 309.953
296 309.685 309.833
297 308.224 309.669
298 308.224 309.617
299 308.058 309.295
300 308.058 308.476
301 308.058 308.123
302 308.058 308.078
303 308.058 308.058
304 308.058 308.058
305 308.058 308.058
306 308.058 308.058
307 308.058 308.058
308 308.058 308.058
309 308.058 308.058
310 308.058 308.058
311 308.058 308.058
312 308.058 308.058
313 308.058 308.058
314 308.058 308.058
315 308.058 308.058
316 308.058 308.058
317 308.058 308.058
318 308.058 308.058
319 308.058 308.058
320 308.058 308.058
321 308.058 308.058
322 308.058 308.058
323 308.058 308.058
324 308.058 308.058
325 308.058 308.058
326 308.058 308.058
327 308.058 308.058
328 308.058 308.058
329 308.058 308.058
330 308.058 308.058
331 308.058 308.058
332 308.058 308.058
333 308.058 308.058
334 308.058 308.058
335 308.058 308.058
336 308.058 308.058
337 308.058 308.058
338 308.058 308.058
339 308.058 308.058
340 308.058 308.058
341 308.058 308.058
342 308.058 308.058
343 308.058 308.058
344 308.058 308.058
345 308.058 308.058
346 308.058 308.058
347 308.058 308.058
348 308.058 308.058
349 308.058 308.058
350 308.058 308.058
351 308.058 308.058
352 308.058 308.058
353 308.058 308.058
354 308.058 308.058
355 308.058 308.058
356 308.058 308.058
357 308.058 308.058
358 308.058 308.058
359 308.058 308.058
360 308.058 308.058
361 308.058 308.058
362 308.058 308.058
363 308.058 308.058
364 308.058 308.058
365 308.058 308.058
366 308.058 308.058
367 308.058 308.058
368 308.058 308.058
369 308.058 308.058
370 308.058 308.058
371 308.058 308.058
372 308.058 308.058
373 308.058 308.058
374 308.058 308.058
375 308.058 308.058
376 308.058 308.058
377 308.058 308.058
378 308.058 308.058
379 308.058 308.058
380 308.058 308.058
381 308.058 308.058
382 308.058 308.058
383 308.058 308.058
384 308.058 308.058
385 308.058 308.058
386 308.058 308.058
387 308.058 308.058
388 308.058 308.058
389 308.058 308.058
390 308.058 308.058
391 308.058 308.058
392 308.058 308.058
393 308.058 308.058
394 308.058 308.058
395 308.058 308.058
396 308.058 308.058
397 308.058 308.058
398 308.058 308.058
399 308.058 308.058
400 308.058 308.058
401 308.058 308.058
402 308.058 308.058
403 308.058 308.058
404 308.058 308.058
405 308.058 308.058
406 308.058 308.058
407 308.058 308.058
408 308.058 308.058
409 308.058 308.058
410 308.058 308.058
411 308.058 308.058
412 308.058 308.058
413 308.058 308.058
414 308.058 308.058
415 308.058 308.058
416 308.058 308.058
417 308.058 308.058
418 308.058 308.058
419 308.058 308.058
420 308.058 308.058
421 308.058 308.058
422 308.058 308.058
423 308.058 308.058
424 308.058 308.058
425 308.058 308.058
426 308.058 308.058
427 308.058 308.058
428 308.058 308.058
429 308.058 308.058
430 306.781 308.045
431 306.781 307.951
432 306.781 307.501
433 306.781 307.192
434 306.781 306.781
435 306.781 306.781
436 306.781 306.781
437 306.781 306.781
438 306.493 306.778
439 306.781 306.781
440 301.715 306.73
441 301.715 306.375
442 301.715 305.005
443 301.715 302.525
444 301.715 301.814
445 301.715 301.715
446 301.715 301.715
447 301.715 301.715
448 301.715 301.715
449 301.715 301.715
450 301.715 301.715
451 301.715 301.715
452 301.715 301.715
453 301.715 301.715
454 301.715 301.715
455 301.715 301.715
456 301.715 301.715
457 301.715 301.715
458 301.715 301.715
459 300.439 301.702
460 300.439 301.651
461 300.439 301.574
462 300.439 301.319
463 300.439 300.988
464 300.439 300.705
465 300.439 300.439
466 300.439 300.439
467 300.439 300.439
468 300.439 300.439
469 300.439 300.439
470 300.439 300.439
471 300.439 300.439
472 300.439 300.439
473 300.439 300.439
474 300.439 300.439
475 300.439 300.439
476 300.439 300.439
477 300.439 300.439
478 300.439 300.439
479 300.439 300.439
480 300.439 300.439
481 300.439 300.439
482 300.439 300.439
483 300.439 300.439
484 300.439 300.439
485 300.439 300.439
486 300.439 300.439
487 300.439 300.439
488 300.439 300.439
489 300.439 300.439
490 300.439 300.439
491 300.439 300.439
492 300.439 300.439
493 300.439 300.439
494 300.439 300.439
495 300.439 300.439
496 300.439 300.439
497 300.439 300.439
498 300.439 300.439
499 300.439 300.439
500 300.439 300.439
501 300.439 300.439
502 300.439 300.439
503 300.439 300.439
504 300.439 300.439
505 300.439 300.439
506 300.439 300.439
507 300.439 300.439
508 300.439 300.439
509 300.439 300.439
510 300.439 300.439
511 300.439 300.439
512 300.439 300.439
513 300.439 300.439
514 300.439 300.439
515 300.439 300.439
516 300.439 300.439
517 300.439 300.439
518 300.439 300.439
519 300.439 300.439
520 300.439 300.439
521 300.439 300.439
522 300.439 300.439
523 300.439 300.439
524 300.439 300.439
525 300.439 300.439
526 300.439 300.439
527 300.439 300.439
528 300.439 300.439
529 300.439 300.439
530 300.439 300.439
531 300.439 300.439
532 300.439 300.439
533 300.439 300.439
534 300.439 300.439
535 300.439 300.439
536 300.439 300.439
537 300.439 300.439
538 300.439 300.439
539 300.439 300.439
540 300.439 300.439
541 300.439 300.439
542 300.439 300.439
543 300.439 300.439
544 300.439 300.439
545 300.439 300.439
546 300.439 300.439
547 300.439 300.439
548 300.439 300.439
549 300.439 300.439
550 300.439 300.439
551 300.439 300.439
552 300.439 300.439
553 300.439 300.439
554 294.858 300.383
555 294.858 299.769
556 294.858 298.988
557 294.858 297.126
558 294.858 295.667
559 294.858 294.858
560 294.858 294.858
561 294.858 294.858
562 294.858 294.858
563 294.858 294.858
564 294.858 294.858
565 294.858 294.858
566 294.858 294.858
567 294.858 294.858
568 294.858 294.858
569 294.858 294.858
570 294.858 294.858
571 294.858 294.858
572 294.858 294.858
573 294.858 294.858
574 294.858 294.858
575 294.858 294.858
576 294.858 294.858
577 294.858 294.858
578 294.858 294.858
579 294.858 294.858
580 294.858 294.858
581 294.858 294.858
582 294.858 294.858
583 294.858 294.858
584 294.858 294.858
585 294.858 294.858
586 294.858 294.858
587 294.858 294.858
588 294.858 294.858
589 294.858 294.858
590 294.858 294.858
591 294.858 294.858
592 294.858 294.858
593 294.858 294.858
594 294.858 294.858
595 294.858 294.858
596 294.858 294.858
597 294.858 294.858
598 294.858 294.858
599 294.858 294.858
600 294.858 294.858
601 294.858 294.858
602 294.858 294.858
603 294.858 294.858
604 294.858 294.858
605 294.858 294.858
606 294.858 294.858
607 294.858 294.858
608 294.858 294.858
609 294.858 294.858
610 294.858 294.858
611 294.858 294.858
612 294.858 294.858
613 294.858 294.858
614 294.858 294.858
615 294.858 294.858
616 294.858 294.858
617 294.858 294.858
618 294.858 294.858
619 294.858 294.858
620 294.858 294.858
621 294.858 294.858
622 294.858 294.858
623 294.858 294.858
624 294.858 294.858
625 294.858 294.858
626 294.811 294.858
627 294.811 294.852
628 294.811 294.841
629 294.811 294.822
630 294.811 294.811
631 294.811 294.811
632 294.811 294.811
633 294.811 294.811
634 294.811 294.811
635 294.811 294.811
636 294.811 294.811
637 294.811 294.811
638 292.537 294.789
639 292.537 294.72
640 292.537 294.675
641 292.537 294.355
642 292.537 294.113
643 292.537 293.083
644 292.537 293.645
645 292.537 292.838
646 292.537 292.77
647 292.537 293.349
648 292.537 292.877
649 292.537 292.537
650 292.537 292.537
651 292.537 292.537
652 292.537 292.537
653 292.537 292.537
654 292.537 292.537
655 292.537 292.537
656 292.537 292.537
657 292.537 292.537
658 292.537 292.537
659 292.537 292.537
660 292.537 292.537
661 292.537 292.537
662 292.537 292.537
663 292.537 292.537
664 292.537 292.537
665 292.537 292.537
666 292.537 292.537
667 292.537 292.537
668 289.282 292.504
669 289.282 292.974
670 289.282 293.601
671 289.282 294.166
672 289.282 292.733
673 289.282 290.883
674 289.282 289.497
675 289.282 289.282
676 289.282 289.282
677 289.282 289.282
678 289.282 289.282
679 289.282 289.282
680 289.282 289.282
681 289.282 289.282
682 289.282 289.282
683 289.282 289.282
684 289.282 289.282
685 288.836 289.278
686 288.836 289.264
687 288.836 289.238
688 288.836 289.122
689 288.836 288.992
690 288.836 288.845
691 288.836 288.836
692 288.836 288.836
693 288.836 288.836
694 288.836 288.836
695 288.836 288.836
696 288.836 288.836
697 288.836 288.836
698 288.836 288.836
699 288.836 288.836
700 288.836 288.836
701 288.836 288.836
702 288.836 288.836
703 288.836 288.836
704 288.836 288.836
705 288.836 288.836
706 288.836 288.836
707 288.836 288.836
708 288.836 288.836
709 288.836 288.836
710 288.836 288.836
711 288.836 288.836
712 288.836 288.836
713 288.836 288.836
714 288.836 288.836
715 288.836 288.836
716 288.836 288.836
717 288.836 288.836
718 288.836 288.836
719 288.836 288.836
720 288.836 288.836
721 288.836 288.836
722 288.836 288.836
723 288.836 288.836
724 288.836 288.836
725 288.836 288.836
726 288.836 288.836
727 288.836 288.836
728 288.836 288.836
729 288.836 288.836
730 288.836 288.836
731 288.836 288.836
732 288.836 288.836
733 288.836 288.836
734 288.836 288.836
735 288.836 288.836
736 288.836 288.836
737 288.836 288.836
738 288.836 288.836
739 288.836 288.836
740 288.836 288.836
741 288.836 288.836
742 288.836 288.836
743 288.836 288.836
744 288.836 288.836
745 288.836 288.836
746 288.836 288.836
747 288.836 288.836
748 288.836 288.836
749 288.836 288.836
750 284.493 288.418
751 284.493 287.344
752 283.422 286.563
753 283.422 286.001
754 283.422 284.354
755 283.422 283.708
756 283.422 283.637
757 283.422 283.632
758 283.422 283.422
759 283.422 283.422
760 283.422 283.422
761 283.422 283.422
762 283.422 283.422
763 283.422 283.422
764 283.422 283.422
765 283.422 283.422
766 283.422 283.422
767 283.422 283.422
768 283.422 283.422
769 283.422 283.422
770 283.422 283.422
771 283.422 283.422
772 283.422 283.422
773 283.422 283.422
774 283.422 283.422
775 283.422 283.422
776 283.422 283.422
777 283.422 283.422
778 283.422 283.422
779 283.422 283.422
780 283.422 283.422
781 283.422 283.422
782 283.422 283.422
783 283.422 283.422
784 283.422 283.422
785 283.422 283.422
786 283.422 283.422
787 283.422 283.422
788 283.422 283.422
789 283.422 283.422
790 283.422 283.422
791 283.422 283.422
792 283.422 283.422
793 283.422 283.422
794 283.422 283.422
795 283.422 283.422
796 283.422 283.422
797 283.422 283.422
798 283.422 283.422
799 283.422 283.422
800 283.422 283.422
801 283.422 283.422
802 283.422 283.422
803 283.422 283.422
804 283.422 283.422
805 283.422 283.422
806 283.422 283.422
807 283.422 283.422
808 283.422 283.422
809 283.422 283.422
810 283.422 283.422
811 283.422 283.422
812 283.422 283.422
813 283.422 283.422
814 283.422 283.422
815 283.422 283.422
816 283.422 283.422
817 283.422 283.422
818 283.422 283.422
819 283.422 283.422
820 283.422 283.422
821 283.422 283.422
822 283.422 283.422
823 283.422 283.422
824 283.422 283.422
825 283.422 283.422
826 283.422 283.422
827 283.422 283.422
828 283.422 283.422
829 283.422 283.422
830 283.422 283.422
831 283.422 283.422
832 283.422 283.422
833 283.422 283.422
834 283.422 283.422
835 283.422 283.422
836 283.422 283.422
837 283.422 283.422
838 283.422 283.422
839 283.422 283.422
840 283.422 283.422
841 283.422 283.422
842 283.422 283.422
843 283.422 283.422
844 283.422 283.422
845 283.422 283.422
846 283.422 283.422
847 283.422 283.422
848 283.422 283.422
849 283.422 283.422
850 283.422 283.422
851 283.422 283.422
852 283.422 283.422
853 283.422 283.422
854 283.422 283.422
855 283.422 283.422
856 283.422 283.422
857 283.422 283.422
858 283.422 283.422
859 283.422 283.422
860 283.422 283.422
861 283.422 283.422
862 283.422 283.422
863 283.422 283.422
864 283.422 283.422
865 283.422 283.422
866 283.422 283.422
867 283.422 283.422
868 283.422 283.422
869 283.422 283.422
870 283.422 283.422
871 283.422 283.422
872 283.422 283.422
873 283.422 283.422
874 283.422 283.422
875 283.422 283.422
876 283.422 283.422
877 283.422 283.422
878 283.422 283.422
879 283.422 283.422
880 283.422 283.422
881 283.422 283.422
882 283.422 283.422
883 283.422 283.422
884 283.422 283.422
885 283.422 283.422
886 283.422 283.422
887 283.422 283.422
888 283.422 283.422
889 283.422 283.422
890 283.422 283.422
891 283.422 283.422
892 283.422 283.422
893 283.422 283.422
894 283.422 283.422
895 283.422 283.422
896 283.422 283.422
897 283.422 283.422
898 283.422 283.422
899 283.422 283.422
900 283.422 283.422
901 283.422 283.422
902 283.422 283.422
903 283.422 283.422
904 283.422 283.422
905 283.422 283.422
906 283.422 283.422
907 283.422 283.422
908 283.422 283.422
909 283.422 283.422
910 283.422 283.422
911 283.422 283.422
912 283.422 283.422
913 283.422 283.422
914 283.422 283.422
915 283.422 283.422
916 283.422 283.422
917 283.422 283.422
918 283.422 283.422
919 283.422 283.422
920 283.422 283.422
921 283.422 283.422
922 283.422 283.422
923 283.422 283.422
924 283.422 283.422
925 283.422 283.422
926 283.422 283.422
927 283.422 283.422
928 283.422 283.422
929 283.422 283.422
930 283.422 283.422
931 283.422 283.422
932 283.422 283.422
933 283.422 283.422
934 283.422 283.422
935 283.422 283.422
936 283.422 283.422
937 283.422 283.422
938 283.422 283.422
939 283.422 283.422
940 283.422 283.422
941 283.422 283.422
942 283.422 283.422
943 283.422 283.422
944 283.422 283.422
945 283.422 283.422
946 283.422 283.422
947 283.422 283.422
948 283.422 283.422
949 283.422 283.422
950 283.422 283.422
951 283.422 283.422
952 283.422 283.422
953 283.422 283.422
954 283.422 283.422
955 283.422 283.422
956 283.422 283.422
957 283.422 283.422
958 283.422 283.422
959 283.422 283.422
960 283.422 283.422
961 283.422 283.422
962 283.422 283.422
963 283.422 283.422
964 283.422 283.422
965 283.422 283.422
966 283.422 283.422
967 283.422 283.422
968 283.422 283.422
969 283.422 283.422
970 283.422 283.422
971 283.422 283.422
972 283.422 283.422
973 283.422 283.422
974 283.422 283.422
975 283.422 283.422
976 283.422 283.422
977 283.422 283.422
978 283.422 283.422
979 283.422 283.422
980 283.422 283.422
981 283.422 283.422
982 283.422 283.422
983 283.422 283.422
984 283.422 283.463
985 283.422 283.422
986 283.422 283.422
987 283.422 283.422
988 283.422 283.422
989 283.422 283.422
990 283.422 283.422
991 283.422 283.422
992 283.422 283.422
993 283.422 283.422
994 283.422 283.422
995 283.422 283.422
996 283.422 283.422
997 283.422 283.422
998 283.422 283.422
999 283.422 283.422
1000 277.731 283.355
1001 282.888 283.374
1002 282.888 283.273
1003 282.888 283.139
1004 282.888 282.979
1005 282.888 282.888
1006 282.888 282.888
1007 282.888 282.888
1008 282.888 282.888
1009 282.888 282.888
1010 282.888 282.888
1011 282.888 282.888
1012 282.888 282.888
1013 282.888 282.888
1014 282.888 282.888
1015 282.888 282.888
1016 282.888 282.888
1017 282.888 282.888
1018 282.888 282.888
1019 282.888 282.888
1020 282.888 282.888
1021 282.888 282.888
1022 282.888 282.888
1023 282.888 282.888
1024 282.888 282.888
1025 282.888 282.888
1026 282.888 282.888
1027 282.888 282.888
1028 282.888 282.888
1029 282.888 282.888
1030 282.888 282.888
1031 282.888 282.888
1032 282.888 282.888
1033 282.888 282.888
1034 282.888 282.888
1035 282.888 282.888
1036 282.888 282.888
1037 282.888 282.888
1038 282.888 282.888
1039 282.888 282.888
1040 282.888 282.888
1041 282.888 282.888
1042 282.888 282.888
1043 282.888 282.888
1044 282.888 282.888
1045 282.888 282.888
1046 282.888 282.888
1047 282.888 282.888
1048 282.888 282.888
1049 282.888 282.888
1050 282.888 282.888
1051 282.888 282.888
1052 282.888 282.888
1053 282.888 282.888
1054 282.888 282.888
1055 282.888 282.888
1056 282.888 282.888
1057 282.888 282.888
1058 282.888 282.888
1059 282.888 282.888
1060 282.888 282.888
1061 282.888 282.888
1062 282.888 282.888
1063 282.888 282.888
1064 282.888 282.888
1065 282.888 282.888
1066 282.888 282.888
1067 282.888 282.888
1068 282.888 282.888
1069 282.888 282.888
1070 282.888 282.888
1071 282.888 282.888
1072 282.888 282.888
1073 282.888 282.888
1074 282.888 282.888
1075 282.888 282.888
1076 282.888 282.888
1077 282.888 282.888
1078 282.888 282.888
1079 282.888 282.888
1080 282.888 282.888
1081 282.888 282.888
1082 282.888 282.888
1083 282.888 282.888
1084 282.888 282.888
1085 282.888 282.888
1086 282.888 282.888
1087 282.888 282.888
1088 282.888 282.888
1089 282.888 282.888
1090 282.888 282.888
1091 282.888 282.888
1092 282.888 282.888
1093 282.888 282.888
1094 282.888 282.888
1095 282.888 282.888
1096 282.888 282.888
1097 282.888 282.888
1098 282.888 282.888
1099 282.888 282.888
1100 282.888 282.888
1101 282.888 282.888
1102 282.888 282.888
1103 282.888 282.888
1104 282.888 282.888
1105 282.888 282.888
1106 282.888 282.888
1107 282.888 282.888
1108 282.888 282.888
1109 282.888 282.888
1110 282.888 282.888
1111 282.888 282.888
1112 282.888 282.888
1113 282.888 282.888
1114 282.888 282.888
1115 282.888 282.888
1116 282.888 282.888
1117 282.888 282.888
1118 282.888 282.888
1119 282.888 282.888
1120 282.888 282.888
1121 282.888 282.888
1122 282.888 282.888
1123 282.062 282.88
1124 282.062 282.781
1125 282.062 282.409
1126 282.062 282.194
1127 282.062 282.105
1128 282.062 282.062
1129 282.062 282.062
1130 282.062 282.062
1131 282.062 282.062
1132 282.062 282.062
1133 282.062 282.062
1134 282.062 282.062
1135 282.062 282.062
1136 282.062 282.062
1137 282.062 282.062
1138 282.062 282.062
1139 282.062 282.062
1140 282.062 282.062
1141 282.062 282.062
1142 282.062 282.062
1143 282.062 282.062
1144 282.062 282.062
1145 282.062 282.062
1146 282.062 282.062
1147 282.062 282.062
1148 282.062 282.062
1149 282.062 282.062
1150 282.062 282.062
1151 282.062 282.062
1152 282.062 282.062
1153 282.062 282.062
1154 282.062 282.062
1155 282.062 282.062
1156 282.062 282.062
1157 282.062 282.062
1158 282.062 282.062
1159 282.062 282.062
1160 282.062 282.062
1161 282.062 282.062
1162 282.062 282.062
1163 282.062 282.062
1164 282.062 282.062
1165 282.062 282.062
1166 282.062 282.062
1167 282.062 282.062
1168 282.062 282.062
1169 282.062 282.062
1170 282.062 282.062
1171 282.062 282.062
1172 282.062 282.062
1173 282.062 282.062
1174 282.062 282.062
1175 282.062 282.062
1176 282.062 282.062
1177 282.062 282.062
1178 282.062 282.062
1179 282.062 282.062
1180 282.062 282.062
1181 282.062 282.062
1182 282.062 282.062
1183 282.062 282.062
1184 282.062 282.062
1185 282.062 282.062
1186 282.062 282.062
1187 282.062 282.062
1188 282.062 282.062
1189 282.062 282.062
1190 282.062 282.062
1191 282.062 282.062
1192 282.062 282.062
1193 282.062 282.062
1194 282.062 282.062
1195 282.062 282.062
1196 282.062 282.062
1197 282.062 282.062
1198 282.062 282.062
1199 282.062 282.062
1200 282.062 282.062
1201 282.062 282.062
1202 282.062 282.062
1203 282.062 282.062
1204 282.062 282.062
1205 282.062 282.062
1206 282.062 282.062
1207 282.062 282.062
1208 282.062 282.062
1209 282.062 282.062
1210 282.062 282.062
1211 282.062 282.062
1212 282.062 282.062
1213 282.062 282.062
1214 282.062 282.062
1215 282.062 282.062
1216 282.062 282.062
1217 282.062 282.062
1218 282.062 282.062
1219 282.062 282.062
1220 282.062 282.062
1221 282.062 282.062
1222 282.062 282.062
1223 282.062 282.062
1224 282.062 282.062
1225 282.062 282.062
1226 282.062 282.062
1227 282.062 282.062
1228 282.062 282.062
1229 282.062 282.062
1230 282.062 282.062
1231 282.062 282.062
1232 282.062 282.062
1233 282.062 282.062
1234 282.062 282.062
1235 282.062 282.062
1236 282.062 282.062
1237 282.062 282.062
1238 282.062 282.062
1239 282.062 282.062
1240 282.062 282.062
1241 282.062 282.062
1242 282.062 282.062
1243 282.062 282.062
1244 282.062 282.062
1245 282.062 282.062
1246 282.062 282.062
1247 282.062 282.062
1248 282.062 282.062
1249 282.062 282.062
1250 273.941 281.577
1251 273.726 281.097
1252 273.726 280.027
1253 273.726 278.912
1254 273.726 277.355
1255 273.726 275.14
1256 273.726 273.965
1257 273.726 273.754
1258 273.726 273.726
1259 273.726 273.726
1260 273.726 273.726
1261 273.726 273.726
1262 273.726 273.726
1263 273.726 273.726
1264 273.726 273.726
1265 273.726 273.726
1266 273.726 273.726
1267 273.726 273.726
1268 273.726 273.726
1269 273.726 273.726
1270 273.726 273.726
1271 273.726 273.726
1272 273.726 273.726
1273 273.726 273.726
1274 273.726 273.726
1275 273.726 273.726
1276 273.726 273.726
1277 273.726 273.726
1278 273.726 273.726
1279 273.726 273.726
1280 273.726 273.726
1281 273.726 273.726
1282 273.726 273.726
1283 273.726 273.726
1284 273.726 273.726
1285 273.726 273.726
1286 273.726 273.726
1287 273.726 273.726
1288 273.726 273.726
1289 273.726 273.726
1290 273.726 273.726
1291 273.726 273.726
1292 273.726 273.726
1293 273.726 273.726
1294 273.726 273.726
1295 273.726 273.726
1296 273.726 273.726
1297 273.726 273.726
1298 273.726 273.726
1299 273.726 273.726
1300 273.726 273.726
1301 273.726 273.726
1302 273.726 273.726
1303 273.726 273.726
1304 273.726 273.726
1305 273.726 273.726
1306 273.726 273.726
1307 273.726 273.726
1308 273.726 273.726
1309 273.726 273.726
1310 273.726 273.726
1311 273.726 273.726
1312 273.726 273.726
1313 273.726 273.726
1314 273.726 273.726
1315 273.726 273.726
1316 273.726 273.726
1317 273.726 273.726
1318 273.726 273.726
1319 273.726 273.726
1320 273.726 273.726
1321 273.726 273.726
1322 273.726 273.726
1323 273.726 273.726
1324 273.726 273.726
1325 273.726 273.726
1326 273.726 273.726
1327 273.726 273.726
1328 273.726 273.726
1329 273.726 273.726
1330 273.726 273.726
1331 273.726 273.726
1332 273.726 273.726
1333 273.726 273.726
1334 273.726 273.726
1335 273.726 273.726
1336 273.726 273.726
1337 273.726 273.726
1338 273.726 273.726
1339 273.726 273.726
1340 273.726 273.726
1341 273.726 273.726
1342 273.726 273.726
1343 273.726 273.726
1344 273.726 273.726
1345 273.726 273.726
1346 273.726 273.726
1347 273.726 273.726
1348 273.726 273.726
1349 273.726 273.726
1350 273.726 273.726
1351 273.726 273.726
1352 273.726 273.726
1353 273.726 273.726
1354 273.726 273.726
1355 273.726 273.726
1356 273.726 273.726
1357 273.726 273.726
1358 273.726 273.726
1359 273.726 273.726
1360 273.726 273.726
1361 273.726 273.726
1362 273.726 273.726
1363 273.726 273.726
1364 273.726 273.726
1365 273.726 273.726
1366 273.726 273.726
1367 273.726 273.726
1368 273.726 273.726
1369 273.726 273.726
1370 273.726 273.726
1371 273.726 273.726
1372 273.726 273.726
1373 273.726 273.726
1374 273.726 273.726
1375 273.726 273.726
1376 273.726 273.726
1377 273.726 273.726
1378 273.726 273.726
1379 273.726 273.726
1380 273.726 273.726
1381 273.726 273.726
1382 273.726 273.726
1383 273.726 273.726
1384 273.726 273.726
1385 273.726 273.726
1386 273.726 273.726
1387 273.726 273.726
1388 273.726 273.726
1389 273.726 273.726
1390 273.726 273.726
1391 273.726 273.726
1392 273.726 273.726
1393 273.726 273.726
1394 273.726 273.726
1395 273.726 273.726
1396 273.726 273.726
1397 273.726 273.726
1398 273.726 273.726
1399 273.726 273.726
1400 273.726 273.726
1401 273.726 273.726
1402 273.726 273.726
1403 273.726 273.726
1404 273.726 273.726
1405 273.726 273.726
1406 273.726 273.726
1407 273.726 273.726
1408 273.726 273.726
1409 273.726 273.726
1410 273.726 273.726
1411 273.726 273.726
1412 273.726 273.726
1413 273.726 273.726
1414 273.726 273.726
1415 273.726 273.726
1416 273.726 273.726
1417 273.726 273.726
1418 273.726 273.726
1419 273.726 273.726
1420 273.726 273.726
1421 273.726 273.726
1422 273.726 273.726
1423 273.726 273.726
1424 273.726 273.726
1425 273.726 273.726
1426 273.726 273.726
1427 273.726 273.726
1428 273.726 273.726
1429 273.726 273.726
1430 273.726 273.726
1431 273.726 273.726
1432 273.726 273.726
1433 273.726 273.726
1434 273.726 273.726
1435 273.726 273.726
1436 273.726 273.726
1437 273.726 273.726
1438 273.726 273.726
1439 273.726 273.726
1440 273.726 273.726
1441 273.726 273.726
1442 273.726 273.726
1443 273.726 273.726
1444 273.726 273.726
1445 273.726 273.726
1446 273.726 273.726
1447 273.726 273.726
1448 273.726 273.726
1449 273.726 273.726
1450 273.726 273.726
1451 273.726 273.726
1452 273.726 273.726
1453 273.726 273.726
1454 273.726 273.726
1455 273.726 273.726
1456 273.726 273.726
1457 273.726 273.726
1458 273.726 273.726
1459 273.726 273.726
1460 273.726 273.726
1461 273.726 273.726
1462 273.726 273.726
1463 273.726 273.726
1464 273.726 273.726
1465 273.726 273.726
1466 273.726 273.726
1467 273.726 273.726
1468 273.726 273.726
1469 273.726 273.726
1470 273.726 273.726
1471 273.726 273.726
1472 273.726 273.726
1473 273.726 273.726
1474 273.726 273.726
1475 273.726 273.726
1476 273.726 273.726
1477 273.726 273.726
1478 273.726 273.726
1479 273.726 273.726
1480 273.726 273.726
1481 273.726 273.726
1482 273.726 273.726
1483 273.726 273.726
1484 273.726 273.726
1485 273.726 273.726
1486 273.726 273.726
1487 273.726 273.726
1488 273.726 273.726
1489 273.726 273.726
1490 273.726 273.726
1491 273.726 273.726
1492 273.726 273.726
1493 273.726 273.726
1494 273.726 273.726
1495 273.726 273.726
1496 273.726 273.726
1497 273.726 273.726
1498 273.726 273.726
1499 273.726 273.726
1500 270.724 273.572
1501 270.724 273.335
1502 270.724 272.5
1503 270.724 272.053
1504 270.724 271.547
1505 270.724 270.807
1506 270.724 270.724
1507 270.724 270.724
1508 270.724 270.724
1509 270.724 270.724
1510 270.724 270.724
1511 270.724 270.724
1512 270.724 270.724
1513 270.724 270.724
1514 270.724 270.724
1515 270.724 270.724
1516 270.724 270.724
1517 270.724 270.724
1518 270.724 270.724
1519 270.724 270.724
1520 270.724 270.724
1521 270.724 270.724
1522 270.724 270.724
1523 270.724 270.724
1524 270.724 270.724
1525 270.724 270.724
1526 270.724 270.724
1527 270.724 270.724
1528 270.724 270.724
1529 270.724 270.724
1530 270.724 270.724
1531 270.724 270.724
1532 270.724 270.724
1533 270.724 270.724
1534 270.724 270.724
1535 270.724 270.724
1536 270.724 270.724
1537 270.724 270.724
1538 270.724 270.724
1539 270.724 270.724
1540 270.724 270.724
1541 270.724 270.724
1542 270.724 270.724
1543 270.724 270.724
1544 270.724 270.724
1545 270.724 270.724
1546 270.724 270.724
1547 270.724 270.724
1548 270.724 270.724
1549 270.724 270.724
1550 270.724 270.724
1551 270.724 270.724
1552 270.724 270.724
1553 270.724 270.724
1554 270.724 270.724
1555 270.724 270.724
1556 270.724 270.724
1557 270.724 270.724
1558 270.724 270.724
1559 270.724 270.724
1560 270.724 270.724
1561 270.724 270.724
1562 270.724 270.724
1563 270.724 270.724
1564 270.724 270.724
1565 270.724 270.724
1566 270.724 270.724
1567 270.724 270.724
1568 270.724 270.724
1569 270.724 270.724
1570 270.724 270.724
1571 270.724 270.724
1572 270.724 270.724
1573 270.724 270.724
1574 270.724 270.724
1575 270.724 270.724
1576 270.724 270.724
1577 270.724 270.724
1578 270.724 270.724
1579 270.724 270.724
1580 270.724 270.724
1581 270.724 270.724
1582 270.724 270.724
1583 270.724 270.724
1584 270.724 270.724
1585 270.724 270.724
1586 270.724 270.724
1587 270.724 270.724
1588 270.724 270.724
1589 270.724 270.724
1590 270.724 270.724
1591 270.724 270.724
1592 270.724 270.724
1593 270.724 270.724
1594 270.724 270.724
1595 270.724 270.724
1596 270.724 270.724
1597 270.724 270.724
1598 270.724 270.724
1599 270.724 270.724
1600 270.724 270.724
1601 270.724 270.724
1602 270.724 270.724
1603 270.724 270.724
1604 270.724 270.724
1605 270.724 270.724
1606 270.724 270.724
1607 270.724 270.724
1608 270.724 270.724
1609 270.724 270.724
1610 270.724 270.724
1611 270.724 270.724
1612 270.724 270.724
1613 270.724 270.724
1614 270.724 270.724
1615 270.724 270.724
1616 270.724 270.724
1617 270.724 270.724
1618 270.724 270.724
1619 270.724 270.724
1620 270.724 270.724
1621 270.724 270.724
1622 270.724 270.724
1623 270.724 270.724
1624 270.724 270.724
1625 270.724 270.724
1626 270.724 270.724
1627 270.724 270.724
1628 270.724 270.724
1629 270.724 270.724
1630 270.724 270.724
1631 270.724 270.724
1632 270.724 270.724
1633 270.724 270.724
1634 270.724 270.724
1635 270.724 270.724
1636 270.724 270.724
1637 270.724 270.724
1638 270.724 270.724
1639 270.724 270.724
1640 270.724 270.724
1641 270.724 270.724
1642 270.724 270.724
1643 270.724 270.724
1644 270.724 270.724
1645 270.724 270.724
1646 270.724 270.724
1647 270.724 270.724
1648 270.724 270.724
1649 270.724 270.724
1650 270.724 270.724
1651 270.724 270.724
1652 270.724 270.724
1653 270.724 270.724
1654 270.724 270.724
1655 270.724 270.724
1656 270.724 270.724
1657 270.724 270.724
1658 270.724 270.724
1659 270.724 270.724
1660 270.724 270.724
1661 270.724 270.724
1662 270.724 270.724
1663 270.724 270.724
1664 270.724 270.724
1665 270.724 270.724
1666 270.724 270.724
1667 270.724 270.724
1668 270.724 270.724
1669 270.724 270.724
1670 270.724 270.724
1671 270.724 270.724
1672 270.724 270.724
1673 270.724 270.724
1674 270.724 270.724
1675 270.724 270.724
1676 270.724 270.724
1677 270.724 270.724
1678 270.724 270.724
1679 270.724 270.724
1680 270.724 270.724
1681 270.724 270.724
1682 270.724 270.724
1683 270.724 270.724
1684 270.724 270.724
1685 270.724 270.724
1686 270.724 270.724
1687 270.724 270.724
1688 270.724 270.724
1689 270.724 270.724
1690 270.724 270.724
1691 270.724 270.724
1692 270.724 270.724
1693 270.724 270.724
1694 270.724 270.724
1695 270.724 270.724
1696 270.724 270.724
1697 270.724 270.724
1698 270.724 270.724
1699 270.724 270.724
1700 270.724 270.724
1701 270.724 270.724
1702 270.724 270.724
1703 270.724 270.724
1704 270.724 270.724
1705 270.724 270.724
1706 270.724 270.724
1707 270.724 270.724
1708 270.724 270.724
1709 270.724 270.724
1710 270.724 270.724
1711 270.724 270.724
1712 270.724 270.724
1713 270.724 270.724
1714 270.724 270.724
1715 270.724 270.724
1716 270.724 270.724
1717 270.724 270.724
1718 270.724 270.724
1719 270.724 270.724
1720 270.724 270.724
1721 270.724 270.724
1722 270.724 270.724
1723 270.724 270.724
1724 270.724 270.724
1725 270.724 270.724
1726 270.724 270.724
1727 270.724 270.724
1728 270.724 270.724
1729 270.724 270.724
1730 270.724 270.724
1731 270.724 270.724
1732 270.724 270.724
1733 270.724 270.724
1734 270.724 270.724
1735 270.724 270.724
1736 270.724 270.724
1737 270.724 270.724
1738 270.724 270.724
1739 270.724 270.724
1740 270.724 270.724
1741 270.724 270.724
1742 270.724 270.724
1743 270.724 270.724
1744 270.724 270.724
1745 270.724 270.724
1746 270.724 270.724
1747 270.724 270.724
1748 270.724 270.724
1749 270.724 270.724
1750 270.724 270.724
1751 270.724 270.724
1752 270.724 270.724
1753 270.724 270.724
1754 270.724 270.724
1755 270.724 270.724
1756 270.724 270.724
1757 270.724 270.724
1758 270.724 270.724
1759 270.724 270.724
1760 270.724 270.724
1761 270.724 270.724
1762 270.724 270.724
1763 270.724 270.724
1764 270.724 270.724
1765 270.724 270.724
1766 270.724 270.724
1767 270.724 270.724
1768 270.724 270.724
1769 270.724 270.724
1770 270.724 270.724
1771 270.724 270.724
1772 270.724 270.724
1773 270.724 270.724
1774 270.724 270.724
1775 270.724 270.724
1776 270.724 270.724
1777 270.724 270.724
1778 270.724 270.724
1779 270.724 270.724
1780 270.724 270.724
1781 270.724 270.724
1782 270.724 270.724
1783 270.724 270.724
1784 270.724 270.724
1785 270.724 270.724
1786 270.724 270.724
1787 270.724 270.724
1788 270.724 270.724
1789 270.724 270.724
1790 270.724 270.724
1791 270.724 270.724
1792 270.724 270.724
1793 270.724 270.724
1794 270.724 270.724
1795 270.724 270.724
1796 270.724 270.724
1797 270.724 270.724
1798 270.724 270.724
1799 270.724 270.724
1800 270.724 270.724
1801 270.724 270.724
1802 270.724 270.724
1803 270.724 270.724
1804 270.724 270.724
1805 270.724 270.724
1806 270.724 270.724
1807 270.724 270.724
1808 270.724 270.724
1809 270.724 270.724
1810 270.724 270.724
1811 270.724 270.724
1812 270.724 270.724
1813 270.724 270.724
1814 270.724 270.724
1815 270.724 270.724
1816 270.724 270.724
1817 270.724 270.724
1818 270.724 270.724
1819 270.724 270.724
1820 270.724 270.724
1821 270.724 270.724
1822 270.724 270.724
1823 270.724 270.724
1824 270.724 270.724
1825 270.724 270.724
1826 270.724 270.724
1827 270.724 270.724
1828 270.724 270.724
1829 270.724 270.724
1830 270.724 270.724
1831 270.724 270.724
1832 270.724 270.724
1833 270.724 270.724
1834 270.724 270.724
1835 270.724 270.724
1836 270.724 270.724
1837 270.724 270.724
1838 270.724 270.724
1839 270.724 270.724
1840 270.724 270.724
1841 270.724 270.724
1842 270.724 270.724
1843 270.724 270.724
1844 270.724 270.724
1845 270.724 270.724
1846 270.724 270.724
1847 270.724 270.724
1848 270.724 270.724
1849 270.724 270.724
1850 270.724 270.724
1851 270.724 270.724
1852 270.724 270.724
1853 270.724 270.724
1854 270.724 270.724
1855 270.724 270.724
1856 270.724 270.724
1857 270.724 270.724
1858 270.724 270.724
1859 270.724 270.724
1860 270.724 270.724
1861 270.724 270.724
1862 270.724 270.724
1863 270.724 270.724
1864 270.724 270.724
1865 270.724 270.724
1866 270.724 270.724
1867 270.724 270.724
1868 270.724 270.724
1869 270.724 270.724
1870 270.724 270.724
1871 270.724 270.724
1872 270.724 270.724
1873 270.724 270.724
1874 270.724 270.724
1875 270.724 270.724
1876 270.724 270.724
1877 270.724 270.724
1878 270.724 270.724
1879 270.724 270.724
1880 270.724 270.724
1881 270.724 270.724
1882 270.724 270.724
1883 270.724 270.724
1884 270.724 270.724
1885 270.724 270.724
1886 270.724 270.724
1887 270.724 270.724
1888 270.724 270.724
1889 270.724 270.724
1890 270.724 270.724
1891 270.724 270.724
1892 270.724 270.724
1893 270.724 270.724
1894 270.724 270.724
1895 270.724 270.724
1896 270.724 270.724
1897 270.724 270.724
1898 270.724 270.724
1899 270.724 270.724
1900 270.724 270.724
1901 270.724 270.724
1902 270.724 270.724
1903 270.724 270.724
1904 270.724 270.724
1905 270.724 270.724
1906 270.724 270.724
1907 270.724 270.724
1908 270.724 270.724
1909 270.724 270.724
1910 270.724 270.724
1911 270.724 270.724
1912 270.724 270.724
1913 270.724 270.724
1914 270.724 270.724
1915 270.724 270.724
1916 270.724 270.724
1917 270.724 270.724
1918 270.724 270.724
1919 270.724 270.724
1920 270.724 270.724
1921 270.724 270.724
1922 270.724 270.724
1923 270.724 270.724
1924 270.724 270.724
1925 270.724 270.724
1926 270.724 270.724
1927 270.724 270.724
1928 270.724 270.724
1929 270.724 270.724
1930 270.724 270.724
1931 270.724 270.724
1932 270.724 270.724
1933 270.724 270.724
1934 270.724 270.724
1935 270.724 270.724
1936 270.724 270.724
1937 270.724 270.724
1938 270.724 270.724
1939 270.724 270.724
1940 270.724 270.724
1941 270.724 270.724
1942 270.724 270.724
1943 270.724 270.724
1944 270.724 270.724
1945 270.724 270.724
1946 270.724 270.724
1947 270.724 270.724
1948 270.724 270.724
1949 270.724 270.724
1950 270.724 270.724
1951 270.724 270.724
1952 270.724 270.724
1953 270.724 270.724
1954 270.724 270.724
1955 270.724 270.724
1956 270.724 270.724
1957 270.724 270.724
1958 270.724 270.724
1959 270.724 270.724
1960 270.724 270.724
1961 270.724 270.724
1962 270.724 270.724
1963 270.724 270.724
1964 270.724 270.724
1965 270.724 270.724
1966 270.724 270.724
1967 270.724 270.724
1968 270.724 270.724
1969 270.724 270.724
1970 270.724 270.724
1971 270.724 270.724
1972 270.724 270.724
1973 270.724 270.724
1974 270.724 270.724
1975 270.724 270.724
1976 270.724 270.724
1977 270.724 270.724
1978 270.724 270.724
1979 270.724 270.724
1980 270.724 270.724
1981 270.724 270.724
1982 270.724 270.724
1983 270.724 270.724
1984 270.724 270.724
1985 270.724 270.724
1986 270.724 270.724
1987 270.724 270.724
1988 270.724 270.724
1989 270.724 270.724
1990 270.724 270.724
1991 270.724 270.724
1992 270.724 270.724
1993 270.724 270.724
1994 270.724 270.724
1995 270.724 270.724
1996 270.724 270.724
1997 270.724 270.724
1998 270.724 270.724
1999 270.724 270.724
2000 270.724 270.724
2001 270.724 270.724
2002 270.724 270.724
2003 270.724 270.724
2004 270.724 270.724
2005 270.724 270.724
2006 270.724 270.724
2007 270.724 270.724
2008 270.724 270.724
2009 270.724 270.724
2010 270.724 270.724
2011 270.724 270.724
2012 270.724 270.724
2013 270.724 270.724
2014 270.724 270.724
2015 270.724 270.724
2016 270.724 270.724
2017 270.724 270.724
2018 270.724 270.724
2019 270.724 270.724
2020 270.724 270.724
2021 270.724 270.724
2022 270.724 270.724
2023 270.724 270.724
2024 270.724 270.724
2025 270.724 270.724
2026 270.724 270.724
2027 270.724 270.724
2028 270.724 270.724
2029 270.724 270.724
2030 270.724 270.724
2031 270.724 270.724
2032 270.724 270.724
2033 270.724 270.724
2034 270.724 270.724
2035 270.724 270.724
2036 270.724 270.724
2037 270.724 270.724
2038 270.724 270.724
2039 270.724 270.724
2040 270.724 270.724
2041 270.724 270.724
2042 270.724 270.724
2043 270.724 270.724
2044 270.724 270.724
2045 270.724 270.724
2046 270.724 270.724
2047 270.724 270.724
2048 270.724 270.724
2049 270.724 270.724
2050 270.724 270.724
2051 270.724 270.724
2052 270.724 270.724
2053 270.724 270.724
2054 270.724 270.724
2055 270.724 270.724
2056 270.724 270.724
2057 270.724 270.724
2058 270.724 270.724
2059 270.724 270.724
2060 270.724 270.724
2061 270.724 270.724
2062 270.724 270.724
2063 270.724 270.724
2064 270.724 270.724
2065 270.724 270.724
2066 270.724 270.724
2067 270.724 270.724
2068 270.724 270.724
2069 270.724 270.724
2070 270.724 270.724
2071 270.724 270.724
2072 270.724 270.724
2073 270.724 270.724
2074 270.724 270.724
2075 270.724 270.724
2076 270.724 270.724
2077 270.724 270.724
2078 270.724 270.724
2079 270.724 270.724
2080 270.724 270.724
2081 270.724 270.724
2082 270.724 270.724
2083 270.724 270.724
2084 270.724 270.724
2085 270.724 270.724
2086 270.724 270.724
2087 270.724 270.724
2088 270.724 270.724
2089 270.724 270.724
2090 270.724 270.724
2091 270.724 270.724
2092 270.724 270.724
2093 270.724 270.724
2094 270.724 270.724
2095 270.724 270.724
2096 270.724 270.724
2097 270.724 270.724
2098 270.724 270.724
2099 270.724 270.724
2100 270.724 270.724
2101 270.724 270.724
2102 270.724 270.724
2103 270.724 270.724
2104 270.724 270.724
2105 270.724 270.724
2106 270.724 270.724
2107 270.724 270.724
2108 270.724 270.724
2109 270.724 270.724
2110 270.724 270.724
2111 270.724 270.724
2112 270.724 270.724
2113 270.724 270.724
2114 270.724 270.724
2115 270.724 270.724
2116 270.724 270.724
2117 270.724 270.724
2118 270.724 270.724
2119 270.724 270.724
2120 270.724 270.724
2121 270.724 270.724
2122 270.724 270.724
2123 270.724 270.724
2124 270.724 270.724
2125 270.724 270.724
2126 270.724 270.724
2127 270.724 270.724
2128 270.724 270.724
2129 270.724 270.724
2130 270.724 270.724
2131 270.724 270.724
2132 270.724 270.724
2133 270.724 270.724
2134 270.724 270.724
2135 270.724 270.724
2136 270.724 270.724
2137 270.724 270.724
2138 270.724 270.724
2139 270.724 270.724
2140 270.724 270.724
2141 270.724 270.724
2142 270.724 270.724
2143 270.724 270.724
2144 270.724 270.724
2145 270.724 270.724
2146 270.724 270.724
2147 270.724 270.724
2148 270.724 270.724
2149 270.724 270.724
2150 270.724 270.724
2151 270.724 270.724
2152 270.724 270.724
2153 270.724 270.724
2154 270.724 270.724
2155 270.724 270.724
2156 270.724 270.724
2157 270.724 270.724
2158 270.724 270.724
2159 270.724 270.724
2160 270.724 270.724
2161 270.724 270.724
2162 270.724 270.724
2163 270.724 270.724
2164 270.724 270.724
2165 270.724 270.724
2166 270.724 270.724
2167 270.724 270.724
2168 270.724 270.724
2169 270.724 270.724
2170 270.724 270.724
2171 270.724 270.724
2172 270.724 270.724
2173 270.724 270.724
2174 270.724 270.724
2175 270.724 270.724
2176 270.724 270.724
2177 270.724 270.724
2178 270.724 270.724
2179 270.724 270.724
2180 270.724 270.724
2181 270.724 270.724
2182 270.724 270.724
2183 270.724 270.724
2184 270.724 270.724
2185 270.724 270.724
2186 270.724 270.724
2187 270.724 270.724
2188 270.724 270.724
2189 270.724 270.724
2190 270.724 270.724
2191 270.724 270.724
2192 270.724 270.724
2193 270.724 270.724
2194 270.724 270.724
2195 270.724 270.724
2196 270.724 270.724
2197 270.724 270.724
2198 270.724 270.724
2199 270.724 270.724
2200 270.724 270.724
2201 270.724 270.724
2202 270.724 270.724
2203 270.724 270.724
2204 270.724 270.724
2205 270.724 270.724
2206 270.724 270.724
2207 270.724 270.724
2208 270.724 270.724
2209 270.724 270.724
2210 270.724 270.724
2211 270.724 270.724
2212 270.724 270.724
2213 270.724 270.724
2214 270.724 270.724
2215 270.724 270.724
2216 270.724 270.724
2217 270.724 270.724
2218 270.724 270.724
2219 270.724 270.724
2220 270.724 270.724
2221 270.724 270.724
2222 270.724 270.724
2223 270.724 270.724
2224 270.724 270.724
2225 270.724 270.724
2226 270.724 270.724
2227 270.724 270.724
2228 270.724 270.724
2229 270.724 270.724
2230 270.724 270.724
2231 270.724 270.724
2232 270.724 270.724
2233 270.724 270.724
2234 270.724 270.724
2235 270.724 270.724
2236 270.724 270.724
2237 270.724 270.724
2238 270.724 270.724
2239 270.724 270.724
2240 270.724 270.724
2241 270.724 270.724
2242 270.724 270.724
2243 270.724 270.724
2244 270.724 270.724
2245 270.724 270.724
2246 270.724 270.724
2247 270.724 270.724
2248 270.724 270.724
2249 270.724 270.724
2250 270.724 270.724
2251 270.724 270.724
2252 270.724 270.724
2253 270.724 270.724
2254 270.724 270.724
2255 270.724 270.724
2256 270.724 270.724
2257 270.724 270.724
2258 270.724 270.724
2259 270.724 270.724
2260 270.724 270.724
2261 270.724 270.724
2262 270.724 270.724
2263 270.724 270.724
2264 270.724 270.724
2265 270.724 270.724
2266 270.724 270.724
2267 270.724 270.724
2268 270.724 270.724
2269 270.724 270.724
2270 270.724 270.724
2271 270.724 270.724
2272 270.724 270.724
2273 270.724 270.724
2274 270.724 270.724
2275 270.724 270.724
2276 270.724 270.724
2277 270.724 270.724
2278 270.724 270.724
2279 270.724 270.724
2280 270.724 270.724
2281 270.724 270.724
2282 270.724 270.724
2283 270.724 270.724
2284 270.724 270.724
2285 270.724 270.724
2286 270.724 270.724
2287 270.724 270.724
2288 270.724 270.724
2289 270.724 270.724
2290 270.724 270.724
2291 270.724 270.724
2292 270.724 270.724
2293 270.724 270.724
2294 270.724 270.724
2295 270.724 270.724
2296 270.724 270.724
2297 270.724 270.724
2298 270.724 270.724
2299 270.724 270.724
2300 270.724 270.724
2301 270.724 270.724
2302 270.724 270.724
2303 270.724 270.724
2304 270.724 270.724
2305 270.724 270.724
2306 270.724 270.724
2307 270.724 270.724
2308 270.724 270.724
2309 270.724 270.724
2310 270.724 270.724
2311 270.724 270.724
2312 270.724 270.724
2313 270.724 270.724
2314 270.724 270.724
2315 270.724 270.724
2316 270.724 270.724
2317 270.724 270.724
2318 270.724 270.724
2319 270.724 270.724
2320 270.724 270.724
2321 270.724 270.724
2322 270.724 270.724
2323 270.724 270.724
2324 270.724 270.724
2325 270.724 270.724
2326 270.724 270.724
2327 270.724 270.724
2328 270.724 270.724
2329 270.724 270.724
2330 270.724 270.724
2331 270.724 270.724
2332 270.724 270.724
2333 270.724 270.724
2334 270.724 270.724
2335 270.724 270.724
2336 270.724 270.724
2337 270.724 270.724
2338 270.724 270.724
2339 270.724 270.724
2340 270.724 270.724
2341 270.724 270.724
2342 270.724 270.724
2343 270.724 270.724
2344 270.724 270.724
2345 270.724 270.724
2346 270.724 270.724
2347 270.724 270.724
2348 270.724 270.724
2349 270.724 270.724
2350 270.724 270.724
2351 270.724 270.724
2352 270.724 270.724
2353 270.724 270.724
2354 270.724 270.724
2355 270.724 270.724
2356 270.724 270.724
2357 270.724 270.724
2358 270.724 270.724
2359 270.724 270.724
2360 270.724 270.724
2361 270.724 270.724
2362 270.724 270.724
2363 270.724 270.724
2364 270.724 270.724
2365 270.724 270.724
2366 270.724 270.724
2367 270.724 270.724
2368 270.724 270.724
2369 270.724 270.724
2370 270.724 270.724
2371 270.724 270.724
2372 270.724 270.724
2373 270.724 270.724
2374 270.724 270.724
2375 270.724 270.724
2376 270.724 270.724
2377 270.724 270.724
2378 270.724 270.724
2379 270.724 270.724
2380 270.724 270.724
2381 270.724 270.724
2382 270.724 270.724
2383 270.724 270.724
2384 270.724 270.724
2385 270.724 270.724
2386 270.724 270.724
2387 270.724 270.724
2388 270.724 270.724
2389 270.724 270.724
2390 270.724 270.724
2391 270.724 270.724
2392 270.724 270.724
2393 270.724 270.724
2394 270.724 270.724
2395 270.724 270.724
2396 270.724 270.724
2397 270.724 270.724
2398 270.724 270.724
2399 270.724 270.724
2400 270.724 270.724
2401 270.724 270.724
2402 270.724 270.724
2403 270.724 270.724
2404 270.724 270.724
2405 270.724 270.724
2406 270.724 270.724
2407 270.724 270.724
2408 270.724 270.724
2409 270.724 270.724
2410 270.724 270.724
2411 270.724 270.724
2412 270.724 270.724
2413 270.724 270.724
2414 270.724 270.724
2415 270.724 270.724
2416 270.724 270.724
2417 270.724 270.724
2418 270.724 270.724
2419 270.724 270.724
2420 270.724 270.724
2421 270.724 270.724
2422 270.724 270.724
2423 270.724 270.724
2424 270.724 270.724
2425 270.724 270.724
2426 270.724 270.724
2427 270.724 270.724
2428 270.724 270.724
2429 270.724 270.724
2430 270.724 270.724
2431 270.724 270.724
2432 270.724 270.724
2433 270.724 270.724
2434 270.724 270.724
2435 270.724 270.724
2436 270.724 270.724
2437 270.724 270.724
2438 270.724 270.724
2439 270.724 270.724
2440 270.724 270.724
2441 270.724 270.724
2442 270.724 270.724
2443 270.724 270.724
2444 270.724 270.724
2445 270.724 270.724
2446 270.724 270.724
2447 270.724 270.724
2448 270.724 270.724
2449 270.724 270.724
2450 270.724 270.724
2451 270.724 270.724
2452 270.724 270.724
2453 270.724 270.724
2454 270.724 270.724
2455 270.724 270.724
2456 270.724 270.724
2457 270.724 270.724
2458 270.724 270.724
2459 270.724 270.724
2460 270.724 270.724
2461 270.724 270.724
2462 270.724 270.724
2463 270.724 270.724
2464 270.724 270.724
2465 270.724 270.724
2466 270.724 270.724
2467 270.724 270.724
2468 270.724 270.724
2469 270.724 270.724
2470 270.724 270.724
2471 270.724 270.724
2472 270.724 270.724
2473 270.724 270.724
2474 270.724 270.724
2475 270.724 270.724
2476 270.724 270.724
2477 270.724 270.724
2478 270.724 270.724
2479 270.724 270.724
2480 270.724 270.724
2481 270.724 270.724
2482 270.724 270.724
2483 270.724 270.724
2484 270.724 270.724
2485 270.724 270.724
2486 270.724 270.724
2487 270.724 270.724
2488 270.724 270.724
2489 270.724 270.724
2490 270.724 270.724
2491 270.724 270.724
2492 270.724 270.724
2493 270.724 270.724
2494 270.724 270.724
2495 270.724 270.724
2496 270.724 270.724
2497 270.724 270.724
2498 270.724 270.724
2499 270.724 270.724
