0 871.704 985.819
1 802.377 942
2 776.134 895.703
3 748.451 847.496
4 710.034 821.364
5 711.837 796.078
6 704.45 767.652
7 695.844 756.84
8 690.754 746.918
9 674.652 742.076
10 670.896 734.299
11 653.089 717.018
12 622.039 698.661
13 604.529 694.782
14 601.12 672.983
15 584.079 654.932
16 578.428 639.407
17 578.038 614.983
18 578.038 609.306
19 574.7 602.19
20 574.31 597.219
21 573.629 587.64
22 572.105 578.234
23 567.742 575.564
24 561.706 573.068
25 561.706 570.601
26 555.146 568.944
27 549.11 565.568
28 549.11 562.9
29 539.509 558.507
30 535.736 554.371
31 531.247 549.135
32 529.26 545.057
33 529.26 539.703
34 529.26 534.88
35 529.26 532.288
36 523.178 530.844
37 506.889 528.464
38 506.889 525.612
39 506.889 521.135
40 505.739 515.928
41 503.054 513.537
42 503.054 513.576
43 503.054 510.476
44 498.457 509.497
45 497.462 511.004
46 495.242 512.193
47 492.272 512.755
48 491.457 515.441
49 485.083 513.029
50 468.745 509.018
51 466.352 501.293
52 465.821 495.158
53 446.08 489.896
54 446.08 480.041
55 446.08 466.519
56 438.655 457.894
57 438.107 456.5
58 438.042 450.879
59 424.667 445.937
60 424.118 440.947
61 422.97 433.075
62 422.707 429.474
63 422.707 426.784
64 422.707 424.764
65 409.694 423.037
66 409.629 421.436
67 408.687 418.33
68 407.558 411.835
69 394.739 408.3
70 394.739 405.965
71 393.675 399.898
72 393.514 394.855
73 392.449 394.33
74 392.449 393.969
75 390.945 393.077
76 390.55 392.401
77 390.55 391.761
78 390.55 391.416
79 390.55 391.919
80 390.55 395.074
81 389.419 399.294
82 389.419 402.093
83 389.419 406.007
84 389.419 401.523
85 389.419 399.961
86 389.419 399.788
87 389.419 394.688
88 388.498 394.373
89 383.154 389.436
90 383.154 388.974
91 383.154 388.638
92 383.154 387.005
93 383.154 384.87
94 382.67 383.149
95 382.67 383.144
96 382.67 383.07
97 382.67 382.902
98 381.729 382.716
99 377.65 382.611
100 377.65 381.827
101 377.65 380.391
102 377.65 378.3
103 377.65 377.65
104 377.65 377.65
105 377.65 377.65
106 377.65 377.65
107 377.65 377.65
108 377.65 377.65
109 377.65 377.65
110 377.65 377.65
111 377.65 377.65
112 377.457 377.648
113 370.8 377.42
114 363.923 376.771
115 363.923 376.753
116 363.923 377.188
117 361.103 371.441
118 358.276 369.356
119 358.276 365.523
120 346.506 363.022
121 346.506 360.657
122 342.79 353.625
123 342.79 350.699
124 342.726 348.256
125 342.726 346.315
126 342.726 344.012
127 342.726 342.766
128 337.699 342.673
129 337.699 342.07
130 337.699 341.209
131 337.699 339.655
132 337.699 338.278
133 335.995 337.67
134 335.668 337.515
135 335.264 337.04
136 331.927 336.26
137 331.927 334.575
138 331.927 333.201
139 331.523 332.236
140 331.523 331.871
141 331.523 331.757
142 331.523 331.673
143 331.523 331.567
144 331.159 331.519
145 331.159 331.501
146 329.128 331.339
147 329.128 330.715
148 329.128 329.914
149 329.128 329.188
150 329.128 329.128
151 329.128 329.128
152 329.128 329.128
153 329.128 329.128
154 329.128 329.128
155 329.128 329.128
156 329.128 329.128
157 329.128 329.128
158 326.085 329.068
159 326.085 328.92
160 326.085 328.235
161 323.132 326.943
162 323.132 326.294
163 321.865 325.015
164 323.132 324.571
165 323.132 323.767
166 323.132 323.246
167 323.132 323.132
168 323.132 323.132
169 323.132 323.132
170 323.132 323.132
171 323.132 323.132
172 323.132 323.132
173 323.132 323.132
174 323.132 323.132
175 322.554 323.126
176 322.554 323.126
177 323.132 323.132
178 323.132 323.132
179 323.132 323.132
180 323.132 323.132
181 323.132 323.132
182 323.132 323.132
183 323.132 323.132
184 323.132 323.132
185 323.132 323.132
186 323.132 323.132
187 323.132 323.132
188 323.132 323.132
189 323.132 323.132
190 323.132 323.132
191 322.635 323.127
192 322.635 323.112
193 321.72 323.033
194 321.72 322.744
195 321.72 322.325
196 321.666 321.752
197 321.666 321.71
198 321.666 321.695
199 321.666 321.669
200 321.666 321.666
201 321.666 321.666
202 321.666 321.666
203 321.666 321.666
204 321.666 321.666
205 321.666 321.666
206 321.666 321.666
207 321.666 321.666
208 321.666 321.666
209 321.666 321.666
210 321.666 321.666
211 321.666 321.666
212 321.666 321.666
213 321.666 321.666
214 321.666 321.666
215 321.666 321.666
216 321.666 321.666
217 321.666 321.666
218 321.666 321.666
219 321.666 321.666
220 321.666 321.666
221 321.666 321.666
222 321.666 321.666
223 321.666 321.666
224 321.666 321.666
225 321.666 321.666
226 321.666 321.666
227 321.666 321.666
228 319.963 321.649
229 319.963 321.462
230 319.963 320.941
231 319.963 320.384
232 319.963 320.243
233 319.963 319.963
234 319.963 319.963
235 319.963 319.963
236 319.963 319.963
237 319.963 319.963
238 319.963 319.963
239 319.963 319.963
240 319.963 319.963
241 318.271 319.946
242 318.922 319.952
243 318.922 321.33
244 319.963 326.532
245 319.963 327.173
246 319.963 327.569
247 319.963 324.55
248 319.963 322.87
249 319.963 323.927
250 319.963 320.961
251 316.826 319.931
252 316.826 319.743
253 316.826 318.771
254 315.831 318.039
255 315.831 317.42
256 313.718 316.515
257 313.718 316.35
258 313.718 315.541
259 311.77 314.267
260 311.77 313.165
261 311.77 312.47
262 311.77 311.77
263 311.77 311.77
264 311.77 311.77
265 311.77 311.77
266 311.77 311.77
267 311.77 311.77
268 311.77 311.77
269 311.77 311.77
270 311.77 311.77
271 311.77 311.77
272 311.77 311.77
273 311.77 311.77
274 311.77 311.77
275 311.77 311.77
276 311.77 311.77
277 311.77 311.77
278 311.77 311.77
279 311.77 311.77
280 311.77 311.77
281 310.797 311.761
282 310.797 311.615
283 310.797 311.327
284 309.563 311.056
285 309.563 310.68
286 309.442 310.282
287 309.442 309.816
288 309.442 309.5
289 309.442 309.467
290 309.442 309.442
291 309.442 309.442
292 309.442 309.442
293 309.442 309.442
294 309.442 309.442
295 309.442 309.442
296 309.442 309.442
297 309.442 309.442
298 306.62 309.414
299 306.62 309.386
300 304.815 309.114
301 304.815 308.763
302 304.815 308.673
303 304.815 307.576
304 304.815 306.142
305 304.815 305.496
306 304.815 305.096
307 304.815 304.815
308 304.815 304.815
309 304.815 304.815
310 304.815 304.815
311 304.815 304.815
312 304.815 304.815
313 304.815 304.815
314 304.815 304.815
315 304.815 304.815
316 304.815 304.815
317 304.815 304.815
318 304.815 304.815
319 304.815 304.815
320 304.815 304.815
321 304.815 304.815
322 304.815 304.815
323 304.815 304.815
324 304.815 304.815
325 304.815 304.815
326 304.815 304.815
327 304.815 304.815
328 304.815 304.815
329 304.815 304.815
330 304.815 304.815
331 304.815 304.815
332 304.815 304.815
333 304.815 304.815
334 304.815 304.815
335 304.815 304.815
336 304.815 304.815
337 304.815 304.815
338 304.815 304.815
339 304.815 304.815
340 304.815 304.815
341 304.815 304.815
342 300.264 304.769
343 300.264 304.47
344 300.264 303.445
345 300.264 302.444
346 300.264 301.013
347 300.264 300.264
348 300.264 300.264
349 300.264 300.264
350 300.264 300.264
351 300.264 300.264
352 300.264 300.264
353 300.264 300.264
354 300.264 300.264
355 300.264 300.264
356 300.264 300.264
357 291.295 300.175
358 291.295 299.547
359 291.295 297.812
360 291.295 295.075
361 291.295 291.649
362 291.295 291.295
363 291.295 291.295
364 291.295 291.295
365 291.295 291.295
366 291.295 291.295
367 291.295 291.295
368 291.295 291.295
369 291.295 291.295
370 291.295 291.295
371 290.612 291.288
372 290.612 291.24
373 290.612 291.131
374 290.612 290.953
375 290.612 290.803
376 290.612 290.612
377 290.612 290.612
378 290.612 290.612
379 290.565 290.611
380 290.565 290.608
381 290.565 290.594
382 290.565 290.573
383 290.565 290.565
384 290.565 290.565
385 290.565 290.565
386 290.565 290.565
387 290.565 290.565
388 290.565 290.565
389 290.565 290.565
390 290.565 290.565
391 290.565 290.565
392 290.565 290.565
393 290.565 290.565
394 290.565 290.565
395 290.565 290.565
396 290.565 290.565
397 290.565 290.565
398 290.565 290.565
399 290.565 290.565
400 290.565 290.565
401 290.565 290.565
402 290.565 290.565
403 290.565 290.565
404 290.565 290.565
405 290.565 290.565
406 290.565 290.565
407 290.565 290.565
408 290.565 290.565
409 290.565 290.565
410 290.565 290.565
411 290.565 290.565
412 290.565 290.565
413 290.565 290.565
414 290.565 290.565
415 290.565 290.565
416 290.565 290.565
417 290.565 290.565
418 290.565 290.565
419 290.565 290.565
420 290.565 290.565
421 290.565 290.565
422 290.565 290.565
423 290.565 290.565
424 290.565 290.565
425 290.565 290.565
426 290.565 290.565
427 290.565 290.565
428 290.565 290.565
429 290.565 290.565
430 290.565 290.565
431 290.565 290.565
432 290.565 290.565
433 290.565 290.565
434 290.565 290.565
435 290.565 290.565
436 290.565 290.565
437 290.565 290.565
438 290.565 290.565
439 290.565 290.565
440 290.565 290.565
441 290.565 290.565
442 290.565 290.565
443 290.191 290.561
444 290.191 290.524
445 290.191 290.445
446 289.377 290.348
447 289.377 290.123
448 289.377 289.909
449 289.377 289.687
450 289.377 289.491
451 289.377 289.377
452 289.377 289.377
453 289.377 289.377
454 289.377 289.377
455 289.377 289.377
456 289.377 289.377
457 289.377 289.377
458 289.377 289.377
459 289.377 289.377
460 289.377 289.377
461 289.377 289.377
462 289.377 289.377
463 289.377 289.377
464 289.377 289.377
465 289.377 289.377
466 289.377 289.377
467 289.377 289.377
468 289.377 289.377
469 289.377 289.377
470 289.377 289.377
471 289.377 289.377
472 289.377 289.377
473 289.377 289.377
474 289.377 289.377
475 289.377 289.377
476 289.377 289.377
477 289.377 289.377
478 289.377 289.377
479 289.377 289.377
480 289.377 289.377
481 289.377 289.377
482 289.377 289.377
483 289.377 289.377
484 289.377 289.377
485 289.377 289.377
486 289.377 289.377
487 289.377 289.377
488 289.377 289.377
489 289.377 289.377
490 289.377 289.377
491 289.377 289.377
492 289.377 289.377
493 289.377 289.377
494 289.377 289.377
495 289.377 289.377
496 289.377 289.377
497 289.377 289.377
498 289.377 289.377
499 289.377 289.377
500 289.377 289.377
501 289.377 289.377
502 289.377 289.377
503 289.377 289.377
504 289.377 289.377
505 289.377 289.377
506 289.377 289.377
507 289.377 289.377
508 289.377 289.377
509 289.377 289.377
510 289.377 289.377
511 289.377 289.377
512 289.377 289.377
513 289.377 289.377
514 289.377 289.377
515 289.377 289.377
516 289.377 289.377
517 289.377 289.377
518 289.377 289.377
519 289.377 289.377
520 289.377 289.377
521 289.377 289.377
522 289.377 289.377
523 289.377 289.377
524 289.377 289.377
525 289.377 289.377
526 289.377 289.377
527 289.377 289.377
528 289.377 289.377
529 289.377 289.377
530 289.377 289.377
531 289.377 289.377
532 289.377 289.377
533 289.377 289.377
534 289.377 289.377
535 289.377 289.377
536 289.377 289.377
537 289.377 289.377
538 289.377 289.377
539 289.377 289.377
540 289.377 289.377
541 289.377 289.377
542 289.377 289.377
543 289.377 289.377
544 289.377 289.377
545 289.377 289.377
546 289.377 289.377
547 287.771 289.345
548 287.771 289.018
549 287.771 288.611
550 287.771 288.135
551 287.771 287.771
552 287.771 287.771
553 287.771 287.771
554 287.771 287.771
555 287.771 287.771
556 287.771 287.771
557 287.771 287.771
558 287.771 287.771
559 287.771 287.771
560 287.771 287.771
561 287.771 287.771
562 287.771 287.771
563 287.771 287.771
564 287.771 287.771
565 287.771 287.771
566 287.771 287.771
567 287.771 287.771
568 287.771 287.771
569 287.771 287.771
570 287.771 287.771
571 287.771 287.771
572 287.771 287.771
573 287.771 287.771
574 287.771 287.771
575 287.771 287.771
576 287.771 287.771
577 287.771 287.771
578 287.771 287.771
579 287.771 287.771
580 287.771 287.771
581 287.771 287.771
582 287.771 287.771
583 287.771 287.771
584 287.771 287.771
585 287.771 287.771
586 287.771 287.771
587 287.771 287.771
588 287.771 287.771
589 287.771 287.771
590 287.771 287.771
591 287.771 287.771
592 287.771 287.771
593 287.771 287.771
594 287.771 287.771
595 287.771 287.771
596 287.771 287.771
597 287.771 287.771
598 287.771 287.771
599 287.771 287.771
600 287.771 287.771
601 287.771 287.771
602 287.771 287.771
603 287.771 287.771
604 287.771 287.771
605 287.771 287.771
606 287.771 287.771
607 287.771 287.771
608 287.771 287.771
609 287.771 287.771
610 287.771 287.771
611 287.771 287.771
612 287.771 287.771
613 287.771 287.771
614 287.771 287.771
615 287.771 287.771
616 287.771 287.771
617 287.771 287.771
618 287.771 287.771
619 287.771 287.771
620 287.771 287.771
621 287.771 287.771
622 287.771 287.771
623 287.771 287.771
624 287.771 287.771
625 287.771 287.771
626 287.771 287.771
627 287.771 287.771
628 287.771 287.771
629 287.771 287.771
630 287.771 287.771
631 287.771 287.771
632 287.771 287.771
633 287.771 287.771
634 287.771 287.771
635 287.771 287.771
636 287.771 287.771
637 287.771 287.771
638 287.771 287.771
639 287.771 287.771
640 287.771 287.771
641 287.771 287.771
642 287.771 287.771
643 287.771 287.771
644 287.771 287.771
645 287.771 287.771
646 287.771 287.771
647 287.771 287.771
648 287.771 287.771
649 287.771 287.771
650 287.771 287.771
651 287.771 287.771
652 287.771 287.771
653 287.771 287.771
654 287.771 287.771
655 287.771 287.771
656 287.771 287.771
657 287.771 287.771
658 287.771 287.771
659 287.771 287.771
660 287.771 287.771
661 287.771 287.771
662 287.771 287.771
663 287.771 287.771
664 287.771 287.771
665 287.771 287.771
666 287.771 287.771
667 287.771 287.771
668 287.771 287.771
669 287.771 287.771
670 287.771 287.771
671 287.771 287.771
672 287.771 287.771
673 287.771 287.771
674 287.771 287.771
675 287.771 287.771
676 287.771 287.771
677 287.771 287.771
678 287.771 287.771
679 287.771 287.771
680 287.771 287.771
681 287.771 287.771
682 287.771 287.771
683 287.771 287.771
684 287.771 287.771
685 287.771 287.771
686 287.771 287.771
687 287.771 287.771
688 287.771 287.771
689 287.771 287.771
690 287.771 287.771
691 287.771 287.771
692 287.771 287.771
693 287.771 287.771
694 287.771 287.771
695 287.771 287.771
696 287.771 287.771
697 287.771 287.771
698 287.771 287.771
699 287.771 287.771
700 287.771 287.771
701 287.771 287.771
702 287.771 287.771
703 287.771 287.771
704 287.771 287.771
705 287.771 287.771
706 287.771 287.771
707 287.771 287.771
708 287.771 287.771
709 287.771 287.771
710 287.771 287.771
711 287.771 287.771
712 287.771 287.771
713 287.771 287.771
714 287.771 287.771
715 287.771 287.771
716 287.771 287.771
717 287.771 287.771
718 287.771 287.771
719 287.771 287.771
720 287.771 287.771
721 287.771 287.771
722 287.771 287.771
723 287.771 287.771
724 287.771 287.771
725 287.771 287.771
726 287.771 287.771
727 287.771 287.771
728 287.771 287.771
729 287.771 287.771
730 287.771 287.771
731 287.771 287.771
732 287.771 287.771
733 287.771 287.771
734 287.771 287.771
735 287.771 287.771
736 287.771 287.771
737 287.771 287.771
738 287.771 287.771
739 287.771 287.771
740 287.771 287.771
741 287.771 287.771
742 287.771 287.771
743 287.771 287.771
744 287.771 287.771
745 287.771 287.771
746 287.771 287.771
747 287.771 287.771
748 287.771 287.771
749 287.771 287.771
750 277.731 287.588
751 277.731 287.347
752 280.227 287.626
753 277.731 287.491
754 277.731 289.68
755 277.731 288.942
756 277.731 289.435
757 277.731 288.772
758 277.731 286.686
759 277.731 286.427
760 277.731 285.891
761 277.731 285.139
762 277.731 283.054
763 277.731 281.238
764 277.731 279.511
765 277.731 280.441
766 277.731 279.306
767 277.731 278.025
768 277.731 277.764
769 277.731 277.731
770 277.731 277.731
771 277.731 277.731
772 277.731 277.731
773 277.731 277.731
774 277.731 277.731
775 277.731 277.731
776 277.731 277.731
777 277.731 277.731
778 277.731 277.731
779 277.731 277.731
780 277.731 277.731
781 277.731 277.731
782 277.731 277.731
783 277.731 277.731
784 277.731 277.731
785 277.731 277.731
786 277.731 277.731
787 277.731 277.731
788 277.731 277.731
789 277.731 277.731
790 277.731 277.731
791 277.731 277.731
792 277.731 277.731
793 277.731 277.731
794 277.731 277.731
795 277.731 277.731
796 277.731 277.731
797 277.731 277.731
798 277.731 277.731
799 277.731 277.731
800 277.731 277.731
801 277.731 277.731
802 277.731 277.731
803 277.731 277.731
804 277.731 277.731
805 277.731 277.731
806 277.731 277.731
807 277.731 277.731
808 277.731 277.731
809 277.731 277.731
810 277.731 277.731
811 277.731 277.731
812 277.731 277.731
813 277.731 277.731
814 277.731 277.731
815 277.731 277.731
816 277.731 277.731
817 277.731 277.731
818 277.731 277.731
819 277.731 277.731
820 277.731 277.731
821 277.731 277.731
822 277.731 277.731
823 277.731 277.731
824 277.731 277.731
825 277.731 277.731
826 277.731 277.731
827 277.731 277.731
828 277.731 277.731
829 277.731 277.731
830 277.731 277.731
831 277.731 277.731
832 277.731 277.731
833 277.731 277.731
834 277.731 277.731
835 277.731 277.731
836 277.731 277.731
837 277.731 277.731
838 277.731 277.731
839 277.731 277.731
840 277.731 277.731
841 277.731 277.731
842 277.731 277.731
843 277.731 277.731
844 277.731 277.731
845 277.731 277.731
846 277.731 277.731
847 277.731 277.731
848 277.731 277.731
849 277.731 277.731
850 277.731 277.731
851 277.731 277.731
852 277.731 277.731
853 277.731 277.731
854 277.731 277.731
855 277.731 277.731
856 277.731 277.731
857 277.731 277.731
858 277.731 277.731
859 277.731 277.731
860 277.731 277.731
861 277.731 277.731
862 277.731 277.731
863 277.731 277.731
864 277.731 277.731
865 277.731 277.731
866 277.731 277.731
867 277.731 277.731
868 277.731 277.731
869 277.731 277.731
870 277.731 277.731
871 277.731 277.731
872 277.731 277.731
873 277.731 277.731
874 277.731 277.731
875 277.731 277.731
876 277.731 277.731
877 277.731 277.731
878 277.731 277.731
879 277.731 277.731
880 277.731 277.731
881 277.731 277.731
882 277.731 277.731
883 277.731 277.731
884 277.731 277.731
885 277.731 277.731
886 277.731 277.731
887 277.731 277.731
888 277.731 277.731
889 277.731 277.731
890 277.731 277.731
891 277.731 277.731
892 277.731 277.731
893 277.731 277.731
894 277.731 277.731
895 277.731 277.731
896 277.731 277.731
897 277.731 277.731
898 277.731 277.731
899 277.731 277.731
900 277.731 277.731
901 277.731 277.731
902 277.731 277.731
903 277.731 277.731
904 277.731 277.731
905 277.731 277.731
906 277.731 277.731
907 277.731 277.731
908 277.731 277.731
909 277.731 277.731
910 277.731 277.731
911 277.731 277.731
912 277.731 277.731
913 277.731 277.731
914 277.731 277.731
915 277.731 277.731
916 277.731 277.731
917 277.731 277.731
918 277.731 277.731
919 277.731 277.731
920 277.731 277.731
921 277.731 277.731
922 277.731 277.731
923 277.731 277.731
924 277.731 277.731
925 277.731 277.731
926 277.731 277.731
927 277.731 277.731
928 277.731 277.731
929 277.731 277.731
930 277.731 277.731
931 277.731 277.731
932 277.731 277.731
933 277.731 277.731
934 277.731 277.731
935 277.731 277.731
936 277.731 277.731
937 277.731 277.731
938 277.731 277.731
939 277.731 277.731
940 277.731 277.731
941 277.731 277.731
942 277.731 277.731
943 277.731 277.731
944 277.731 277.731
945 277.731 277.731
946 277.731 277.731
947 277.731 277.731
948 277.731 277.731
949 277.731 277.731
950 277.731 277.731
951 277.731 277.731
952 277.731 277.731
953 277.731 277.731
954 277.731 277.731
955 277.731 277.731
956 277.731 277.731
957 277.731 277.731
958 277.731 277.731
959 277.731 277.731
960 277.731 277.731
961 277.731 277.731
962 277.731 277.731
963 277.731 277.731
964 277.731 277.731
965 277.731 277.731
966 277.731 277.731
967 277.731 277.731
968 277.731 277.731
969 277.731 277.731
970 277.731 277.731
971 277.731 277.731
972 277.731 277.731
973 277.731 277.731
974 277.731 277.731
975 277.731 277.731
976 277.731 277.731
977 277.731 277.731
978 277.731 277.731
979 277.731 277.731
980 277.731 277.731
981 277.731 277.731
982 277.731 277.731
983 277.731 277.731
984 277.731 277.731
985 277.731 277.731
986 277.731 277.731
987 277.731 277.731
988 277.731 277.731
989 277.731 277.731
990 277.731 277.731
991 277.731 277.731
992 277.731 277.731
993 277.731 277.731
994 277.731 277.731
995 277.731 277.731
996 277.731 277.731
997 277.731 277.731
998 277.731 277.731
999 277.731 277.731
1000 274.915 277.592
1001 274.915 277.339
1002 274.915 276.633
1003 274.915 276.143
1004 274.915 275.375
1005 274.915 274.915
1006 274.915 274.915
1007 274.915 274.915
1008 274.915 274.915
1009 274.915 274.915
1010 274.915 274.915
1011 274.915 274.915
1012 274.915 274.915
1013 274.915 274.915
1014 274.915 274.915
1015 274.915 274.915
1016 274.915 274.915
1017 274.915 274.915
1018 274.915 274.915
1019 274.915 274.915
1020 274.915 274.915
1021 274.915 274.915
1022 274.915 274.915
1023 274.915 274.915
1024 274.915 274.915
1025 274.915 274.915
1026 274.915 274.915
1027 274.915 274.915
1028 274.915 274.915
1029 274.915 274.915
1030 274.915 274.915
1031 274.915 274.915
1032 274.915 274.915
1033 274.915 274.915
1034 274.915 274.915
1035 274.915 274.915
1036 274.915 274.915
1037 274.915 274.915
1038 274.915 274.915
1039 274.915 274.915
1040 274.915 274.915
1041 274.915 274.915
1042 274.915 274.915
1043 274.915 274.915
1044 274.915 274.915
1045 274.915 274.915
1046 274.915 274.915
1047 274.915 274.915
1048 274.915 274.915
1049 274.915 274.915
1050 274.915 274.915
1051 274.915 274.915
1052 274.915 274.915
1053 274.915 274.915
1054 274.915 274.915
1055 274.915 274.915
1056 274.915 274.915
1057 274.915 274.915
1058 274.915 274.915
1059 274.915 274.915
1060 274.915 274.915
1061 274.915 274.915
1062 274.915 274.915
1063 274.915 274.915
1064 274.915 274.915
1065 274.915 274.915
1066 274.915 274.915
1067 274.915 274.915
1068 274.915 274.915
1069 274.915 274.915
1070 274.915 274.915
1071 274.915 274.915
1072 274.915 274.915
1073 274.915 274.915
1074 274.915 274.915
1075 274.915 274.915
1076 274.915 274.915
1077 274.915 274.915
1078 274.915 274.915
1079 274.915 274.915
1080 274.915 274.915
1081 274.915 274.915
1082 274.915 274.915
1083 274.915 274.915
1084 274.915 274.915
1085 274.915 274.915
1086 274.915 274.915
1087 274.915 274.915
1088 274.915 274.915
1089 274.915 274.915
1090 274.915 274.915
1091 274.915 274.915
1092 274.915 274.915
1093 274.915 274.915
1094 274.915 274.915
1095 274.915 274.915
1096 274.915 274.915
1097 274.915 274.915
1098 274.915 274.915
1099 274.915 274.915
1100 274.915 274.915
1101 274.915 274.915
1102 274.915 274.915
1103 274.915 274.915
1104 274.915 274.915
1105 274.915 274.915
1106 274.915 274.915
1107 274.915 274.915
1108 274.915 274.915
1109 274.915 274.915
1110 274.915 274.915
1111 274.915 274.915
1112 274.915 274.915
1113 274.915 274.915
1114 274.915 274.915
1115 274.915 274.915
1116 274.915 274.915
1117 274.915 274.915
1118 274.915 274.915
1119 274.915 274.915
1120 274.915 274.915
1121 274.915 274.915
1122 274.915 274.915
1123 274.915 274.915
1124 274.915 274.915
1125 274.915 274.915
1126 274.915 274.915
1127 274.915 274.915
1128 274.915 274.915
1129 274.915 274.915
1130 274.915 274.915
1131 274.915 274.915
1132 274.915 274.915
1133 274.915 274.915
1134 274.915 274.915
1135 274.915 274.915
1136 274.915 274.915
1137 274.915 274.915
1138 274.915 274.915
1139 274.915 274.915
1140 274.915 274.915
1141 274.915 274.915
1142 274.915 274.915
1143 274.915 274.915
1144 274.915 274.915
1145 274.915 274.915
1146 274.915 274.915
1147 274.915 274.915
1148 274.915 274.915
1149 274.915 274.915
1150 274.915 274.915
1151 274.915 274.915
1152 274.915 274.915
1153 274.915 274.915
1154 274.915 274.915
1155 274.915 274.915
1156 274.915 274.915
1157 274.915 274.915
1158 274.915 274.915
1159 274.915 274.915
1160 274.915 274.915
1161 274.915 274.915
1162 274.915 274.915
1163 274.915 274.915
1164 274.915 274.915
1165 274.915 274.915
1166 274.915 274.915
1167 274.915 274.915
1168 274.915 274.915
1169 274.915 274.915
1170 274.915 274.915
1171 274.915 274.915
1172 274.915 274.915
1173 274.915 274.915
1174 274.915 274.915
1175 274.915 274.915
1176 274.915 274.915
1177 274.915 274.915
1178 274.915 274.915
1179 274.915 274.915
1180 274.915 274.915
1181 274.915 274.915
1182 274.915 274.915
1183 274.915 274.915
1184 274.915 274.915
1185 274.915 274.915
1186 274.915 274.915
1187 274.915 274.915
1188 274.915 274.915
1189 274.915 274.915
1190 274.915 274.915
1191 274.915 274.915
1192 274.915 274.915
1193 274.915 274.915
1194 274.915 274.915
1195 274.915 274.915
1196 274.915 274.915
1197 274.915 274.915
1198 274.915 274.915
1199 274.915 274.915
1200 274.915 274.915
1201 274.915 274.915
1202 274.915 274.915
1203 274.915 274.915
1204 274.915 274.915
1205 274.915 274.915
1206 274.915 274.915
1207 274.915 274.915
1208 274.915 274.915
1209 274.915 274.915
1210 274.915 274.915
1211 274.915 274.915
1212 274.915 274.915
1213 274.915 274.915
1214 274.915 274.915
1215 274.915 274.915
1216 274.915 274.915
1217 274.915 274.915
1218 274.915 274.915
1219 274.915 274.915
1220 274.915 274.915
1221 274.915 274.915
1222 274.915 274.915
1223 274.915 274.915
1224 274.915 274.915
1225 274.915 274.915
1226 274.915 274.915
1227 274.915 274.915
1228 274.915 274.915
1229 274.915 274.915
1230 274.915 274.915
1231 274.915 274.915
1232 274.915 274.915
1233 274.915 274.915
1234 274.915 274.915
1235 274.915 274.915
1236 274.915 274.915
1237 274.915 274.915
1238 274.915 274.915
1239 274.915 274.915
1240 274.915 274.915
1241 274.915 274.915
1242 274.915 274.915
1243 274.915 274.915
1244 274.915 274.915
1245 274.915 274.915
1246 274.915 274.915
1247 274.915 274.915
1248 274.915 274.915
1249 274.915 274.915
1250 274.068 274.881
1251 274.068 274.712
1252 274.068 274.5
1253 274.068 274.371
1254 274.068 274.148
1255 274.068 274.076
1256 274.068 274.068
1257 274.068 274.068
1258 274.068 274.068
1259 274.068 274.068
1260 274.068 274.068
1261 274.068 274.068
1262 274.068 274.068
1263 274.068 274.068
1264 274.068 274.068
1265 274.068 274.068
1266 274.068 274.068
1267 274.068 274.068
1268 274.068 274.068
1269 274.068 274.068
1270 274.068 274.068
1271 274.068 274.068
1272 274.068 274.068
1273 274.068 274.068
1274 274.068 274.068
1275 274.068 274.068
1276 274.068 274.068
1277 274.068 274.068
1278 274.068 274.068
1279 274.068 274.068
1280 274.068 274.068
1281 274.068 274.068
1282 274.068 274.068
1283 274.068 274.068
1284 274.068 274.068
1285 274.068 274.068
1286 274.068 274.068
1287 274.068 274.068
1288 274.068 274.068
1289 274.068 274.068
1290 274.068 274.068
1291 274.068 274.068
1292 274.068 274.068
1293 274.068 274.068
1294 274.068 274.068
1295 274.068 274.068
1296 274.068 274.068
1297 274.068 274.068
1298 274.068 274.068
1299 274.068 274.068
1300 274.068 274.068
1301 274.068 274.068
1302 274.068 274.068
1303 274.068 274.068
1304 274.068 274.068
1305 274.068 274.068
1306 274.068 274.068
1307 274.068 274.068
1308 274.068 274.068
1309 274.068 274.068
1310 274.068 274.068
1311 274.068 274.068
1312 274.068 274.068
1313 274.068 274.068
1314 274.068 274.068
1315 274.068 274.068
1316 274.068 274.068
1317 274.068 274.068
1318 274.068 274.068
1319 274.068 274.068
1320 274.068 274.068
1321 274.068 274.068
1322 274.068 274.068
1323 274.068 274.068
1324 274.068 274.068
1325 274.068 274.068
1326 274.068 274.068
1327 274.068 274.068
1328 274.068 274.068
1329 274.068 274.068
1330 270.724 274.035
1331 270.724 273.886
1332 270.724 273.347
1333 270.724 272.275
1334 270.724 271.168
1335 270.724 270.802
1336 270.724 270.724
1337 270.724 270.724
1338 270.724 270.724
1339 270.724 270.724
1340 270.724 270.724
1341 270.724 270.724
1342 270.724 270.724
1343 270.724 270.724
1344 270.724 270.724
1345 270.724 270.724
1346 270.724 270.724
1347 270.724 270.724
1348 270.724 270.724
1349 270.724 270.724
1350 270.724 270.724
1351 270.724 270.724
1352 270.724 270.724
1353 270.724 270.724
1354 270.724 270.724
1355 270.724 270.724
1356 270.724 270.724
1357 270.724 270.724
1358 270.724 270.724
1359 270.724 270.724
1360 270.724 270.724
1361 270.724 270.724
1362 270.724 270.724
1363 270.724 270.724
1364 270.724 270.724
1365 270.724 270.724
1366 270.724 270.724
1367 270.724 270.724
1368 270.724 270.724
1369 270.724 270.724
1370 270.724 270.724
1371 270.724 270.724
1372 270.724 270.724
1373 270.724 270.724
1374 270.724 270.724
1375 270.724 270.724
1376 270.724 270.724
1377 270.724 270.724
1378 270.724 270.724
1379 270.724 270.724
1380 270.724 270.724
1381 270.724 270.724
1382 270.724 270.724
1383 270.724 270.724
1384 270.724 270.724
1385 270.724 270.724
1386 270.724 270.724
1387 270.724 270.724
1388 270.724 270.724
1389 270.724 270.724
1390 270.724 270.724
1391 270.724 270.724
1392 270.724 270.724
1393 270.724 270.724
1394 270.724 270.724
1395 270.724 270.724
1396 270.724 270.724
1397 270.724 270.724
1398 270.724 270.724
1399 270.724 270.724
1400 270.724 270.724
1401 270.724 270.724
1402 270.724 270.724
1403 270.724 270.724
1404 270.724 270.724
1405 270.724 270.724
1406 270.724 270.724
1407 270.724 270.724
1408 270.724 270.724
1409 270.724 270.724
1410 270.724 270.724
1411 270.724 270.724
1412 270.724 270.724
1413 270.724 270.724
1414 270.724 270.724
1415 270.724 270.724
1416 270.724 270.724
1417 270.724 270.724
1418 270.724 270.724
1419 270.724 270.724
1420 270.724 270.724
1421 270.724 270.724
1422 270.724 270.724
1423 270.724 270.724
1424 270.724 270.724
1425 270.724 270.724
1426 270.724 270.724
1427 270.724 270.724
1428 270.724 270.724
1429 270.724 270.724
1430 270.724 270.724
1431 270.724 270.724
1432 270.724 270.724
1433 270.724 270.724
1434 270.724 270.724
1435 270.724 270.724
1436 270.724 270.724
1437 270.724 270.724
1438 270.724 270.724
1439 270.724 270.724
1440 270.724 270.724
1441 270.724 270.724
1442 270.724 270.724
1443 270.724 270.724
1444 270.724 270.724
1445 270.724 270.724
1446 270.724 270.724
1447 270.724 270.724
1448 270.724 270.724
1449 270.724 270.724
1450 270.724 270.724
1451 270.724 270.724
1452 270.724 270.724
1453 270.724 270.724
1454 270.724 270.724
1455 270.724 270.724
1456 270.724 270.724
1457 270.724 270.724
1458 270.724 270.724
1459 270.724 270.724
1460 270.724 270.724
1461 270.724 270.724
1462 270.724 270.724
1463 270.724 270.724
1464 270.724 270.724
1465 270.724 270.724
1466 270.724 270.724
1467 270.724 270.724
1468 270.724 270.724
1469 270.724 270.724
1470 270.724 270.724
1471 270.724 270.724
1472 270.724 270.724
1473 270.724 270.724
1474 270.724 270.724
1475 270.724 270.724
1476 270.724 270.724
1477 270.724 270.724
1478 270.724 270.724
1479 270.724 270.724
1480 270.724 270.724
1481 270.724 270.724
1482 270.724 270.724
1483 270.724 270.724
1484 270.724 270.724
1485 270.724 270.724
1486 270.724 270.724
1487 270.724 270.724
1488 270.724 270.724
1489 270.724 270.724
1490 270.724 270.724
1491 270.724 270.724
1492 270.724 270.724
1493 270.724 270.724
1494 270.724 270.724
1495 270.724 270.724
1496 270.724 270.724
1497 270.724 270.724
1498 270.724 270.724
1499 270.724 270.724
1500 270.724 270.724
1501 270.724 270.724
1502 270.724 270.724
1503 270.724 270.724
1504 270.724 270.724
1505 270.724 270.724
1506 270.724 270.724
1507 270.724 270.724
1508 270.724 270.724
1509 270.724 270.724
1510 270.724 270.724
1511 270.724 270.724
1512 270.724 270.724
1513 270.724 270.724
1514 270.724 270.724
1515 270.724 270.724
1516 270.724 270.724
1517 270.724 270.724
1518 270.724 270.724
1519 270.724 270.724
1520 270.724 270.724
1521 270.724 270.724
1522 270.724 270.724
1523 270.724 270.724
1524 270.724 270.724
1525 270.724 270.724
1526 270.724 270.724
1527 270.724 270.724
1528 270.724 270.724
1529 270.724 270.724
1530 270.724 270.724
1531 270.724 270.724
1532 270.724 270.724
1533 270.724 270.724
1534 270.724 270.724
1535 270.724 270.724
1536 270.724 270.724
1537 270.724 270.724
1538 270.724 270.724
1539 270.724 270.724
1540 270.724 270.724
1541 270.724 270.724
1542 270.724 270.724
1543 270.724 270.724
1544 270.724 270.724
1545 270.724 270.724
1546 270.724 270.724
1547 270.724 270.724
1548 270.724 270.724
1549 270.724 270.724
1550 270.724 270.724
1551 270.724 270.724
1552 270.724 270.724
1553 270.724 270.724
1554 270.724 270.724
1555 270.724 270.724
1556 270.724 270.724
1557 270.724 270.724
1558 270.724 270.724
1559 270.724 270.724
1560 270.724 270.724
1561 270.724 270.724
1562 270.724 270.724
1563 270.724 270.724
1564 270.724 270.724
1565 270.724 270.724
1566 270.724 270.724
1567 270.724 270.724
1568 270.724 270.724
1569 270.724 270.724
1570 270.724 270.724
1571 270.724 270.724
1572 270.724 270.724
1573 270.724 270.724
1574 270.724 270.724
1575 270.724 270.724
1576 270.724 270.724
1577 270.724 270.724
1578 270.724 270.724
1579 270.724 270.724
1580 270.724 270.724
1581 270.724 270.724
1582 270.724 270.724
1583 270.724 270.724
1584 270.724 270.724
1585 270.724 270.724
1586 270.724 270.724
1587 270.724 270.724
1588 270.724 270.724
1589 270.724 270.724
1590 270.724 270.724
1591 270.724 270.724
1592 270.724 270.724
1593 270.724 270.724
1594 270.724 270.724
1595 270.724 270.724
1596 270.724 270.724
1597 270.724 270.724
1598 270.724 270.724
1599 270.724 270.724
1600 270.724 270.724
1601 270.724 270.724
1602 270.724 270.724
1603 270.724 270.724
1604 270.724 270.724
1605 270.724 270.724
1606 270.724 270.724
1607 270.724 270.724
1608 270.724 270.724
1609 270.724 270.724
1610 270.724 270.724
1611 270.724 270.724
1612 270.724 270.724
1613 270.724 270.724
1614 270.724 270.724
1615 270.724 270.724
1616 270.724 270.724
1617 270.724 270.724
1618 270.724 270.724
1619 270.724 270.724
1620 270.724 270.724
1621 270.724 270.724
1622 270.724 270.724
1623 270.724 270.724
1624 270.724 270.724
1625 270.724 270.724
1626 270.724 270.724
1627 270.724 270.724
1628 270.724 270.724
1629 270.724 270.724
1630 270.724 270.724
1631 270.724 270.724
1632 270.724 270.724
1633 270.724 270.724
1634 270.724 270.724
1635 270.724 270.724
1636 270.724 270.724
1637 270.724 270.724
1638 270.724 270.724
1639 270.724 270.724
1640 270.724 270.724
1641 270.724 270.724
1642 270.724 270.724
1643 270.724 270.724
1644 270.724 270.724
1645 270.724 270.724
1646 270.724 270.724
1647 270.724 270.724
1648 270.724 270.724
1649 270.724 270.724
1650 270.724 270.724
1651 270.724 270.724
1652 270.724 270.724
1653 270.724 270.724
1654 270.724 270.724
1655 270.724 270.724
1656 270.724 270.724
1657 270.724 270.724
1658 270.724 270.724
1659 270.724 270.724
1660 270.724 270.724
1661 270.724 270.724
1662 270.724 270.724
1663 270.724 270.724
1664 270.724 270.724
1665 270.724 270.724
1666 270.724 270.724
1667 270.724 270.724
1668 270.724 270.724
1669 270.724 270.724
1670 270.724 270.724
1671 270.724 270.724
1672 270.724 270.724
1673 270.724 270.724
1674 270.724 270.724
1675 270.724 270.724
1676 270.724 270.724
1677 270.724 270.724
1678 270.724 270.724
1679 270.724 270.724
1680 270.724 270.724
1681 270.724 270.724
1682 270.724 270.724
1683 270.724 270.724
1684 270.724 270.724
1685 270.724 270.724
1686 270.724 270.724
1687 270.724 270.724
1688 270.724 270.724
1689 270.724 270.724
1690 270.724 270.724
1691 270.724 270.724
1692 270.724 270.724
1693 270.724 270.724
1694 270.724 270.724
1695 270.724 270.724
1696 270.724 270.724
1697 270.724 270.724
1698 270.724 270.724
1699 270.724 270.724
1700 270.724 270.724
1701 270.724 270.724
1702 270.724 270.724
1703 270.724 270.724
1704 270.724 270.724
1705 270.724 270.724
1706 270.724 270.724
1707 270.724 270.724
1708 270.724 270.724
1709 270.724 270.724
1710 270.724 270.724
1711 270.724 270.724
1712 270.724 270.724
1713 270.724 270.724
1714 270.724 270.724
1715 270.724 270.724
1716 270.724 270.724
1717 270.724 270.724
1718 270.724 270.724
1719 270.724 270.724
1720 270.724 270.724
1721 270.724 270.724
1722 270.724 270.724
1723 270.724 270.724
1724 270.724 270.724
1725 270.724 270.724
1726 270.724 270.724
1727 270.724 270.724
1728 270.724 270.724
1729 270.724 270.724
1730 270.724 270.724
1731 270.724 270.724
1732 270.724 270.724
1733 270.724 270.724
1734 270.724 270.724
1735 270.724 270.724
1736 270.724 270.724
1737 270.724 270.724
1738 270.724 270.724
1739 270.724 270.724
1740 270.724 270.724
1741 270.724 270.724
1742 270.724 270.724
1743 270.724 270.724
1744 270.724 270.724
1745 270.724 270.724
1746 270.724 270.724
1747 270.724 270.724
1748 270.724 270.724
1749 270.724 270.724
1750 270.724 270.724
1751 270.724 270.724
1752 270.724 270.724
1753 270.724 270.724
1754 270.724 270.724
1755 270.724 270.724
1756 270.724 270.724
1757 270.724 270.724
1758 270.724 270.724
1759 270.724 270.724
1760 270.724 270.724
1761 270.724 270.724
1762 270.724 270.724
1763 270.724 270.724
1764 270.724 270.724
1765 270.724 270.724
1766 270.724 270.724
1767 270.724 270.724
1768 270.724 270.724
1769 270.724 270.724
1770 270.724 270.724
1771 270.724 270.724
1772 270.724 270.724
1773 270.724 270.724
1774 270.724 270.724
1775 270.724 270.724
1776 270.724 270.724
1777 270.724 270.724
1778 270.724 270.724
1779 270.724 270.724
1780 270.724 270.724
1781 270.724 270.724
1782 270.724 270.724
1783 270.724 270.724
1784 270.724 270.724
1785 270.724 270.724
1786 270.724 270.724
1787 270.724 270.724
1788 270.724 270.724
1789 270.724 270.724
1790 270.724 270.724
1791 270.724 270.724
1792 270.724 270.724
1793 270.724 270.724
1794 270.724 270.724
1795 270.724 270.724
1796 270.724 270.724
1797 270.724 270.724
1798 270.724 270.724
1799 270.724 270.724
1800 270.724 270.724
1801 270.724 270.724
1802 270.724 270.724
1803 270.724 270.724
1804 270.724 270.724
1805 270.724 270.724
1806 270.724 270.724
1807 270.724 270.724
1808 270.724 270.724
1809 270.724 270.724
1810 270.724 270.724
1811 270.724 270.724
1812 270.724 270.724
1813 270.724 270.724
1814 270.724 270.724
1815 270.724 270.724
1816 270.724 270.724
1817 270.724 270.724
1818 270.724 270.724
1819 270.724 270.724
1820 270.724 270.724
1821 270.724 270.724
1822 270.724 270.724
1823 270.724 270.724
1824 270.724 270.724
1825 270.724 270.724
1826 270.724 270.724
1827 270.724 270.724
1828 270.724 270.724
1829 270.724 270.724
1830 270.724 270.724
1831 270.724 270.724
1832 270.724 270.724
1833 270.724 270.724
1834 270.724 270.724
1835 270.724 270.724
1836 270.724 270.724
1837 270.724 270.724
1838 270.724 270.724
1839 270.724 270.724
1840 270.724 270.724
1841 270.724 270.724
1842 270.724 270.724
1843 270.724 270.724
1844 270.724 270.724
1845 270.724 270.724
1846 270.724 270.724
1847 270.724 270.724
1848 270.724 270.724
1849 270.724 270.724
1850 270.724 270.724
1851 270.724 270.724
1852 270.724 270.724
1853 270.724 270.724
1854 270.724 270.724
1855 270.724 270.724
1856 270.724 270.724
1857 270.724 270.724
1858 270.724 270.724
1859 270.724 270.724
1860 270.724 270.724
1861 270.724 270.724
1862 270.724 270.724
1863 270.724 270.724
1864 270.724 270.724
1865 270.724 270.724
1866 270.724 270.724
1867 270.724 270.724
1868 270.724 270.724
1869 270.724 270.724
1870 270.724 270.724
1871 270.724 270.724
1872 270.724 270.724
1873 270.724 270.724
1874 270.724 270.724
1875 270.724 270.724
1876 270.724 270.724
1877 270.724 270.724
1878 270.724 270.724
1879 270.724 270.724
1880 270.724 270.724
1881 270.724 270.724
1882 270.724 270.724
1883 270.724 270.724
1884 270.724 270.724
1885 270.724 270.724
1886 270.724 270.724
1887 270.724 270.724
1888 270.724 270.724
1889 270.724 270.724
1890 270.724 270.724
1891 270.724 270.724
1892 270.724 270.724
1893 270.724 270.724
1894 270.724 270.724
1895 270.724 270.724
1896 270.724 270.724
1897 270.724 270.724
1898 270.724 270.724
1899 270.724 270.724
1900 270.724 270.724
1901 270.724 270.724
1902 270.724 270.724
1903 270.724 270.724
1904 270.724 270.724
1905 270.724 270.724
1906 270.724 270.724
1907 270.724 270.724
1908 270.724 270.724
1909 270.724 270.724
1910 270.724 270.724
1911 270.724 270.724
1912 270.724 270.724
1913 270.724 270.724
1914 270.724 270.724
1915 270.724 270.724
1916 270.724 270.724
1917 270.724 270.724
1918 270.724 270.724
1919 270.724 270.724
1920 270.724 270.724
1921 270.724 270.724
1922 270.724 270.724
1923 270.724 270.724
1924 270.724 270.724
1925 270.724 270.724
1926 270.724 270.724
1927 270.724 270.724
1928 270.724 270.724
1929 270.724 270.724
1930 270.724 270.724
1931 270.724 270.724
1932 270.724 270.724
1933 270.724 270.724
1934 270.724 270.724
1935 270.724 270.724
1936 270.724 270.724
1937 270.724 270.724
1938 270.724 270.724
1939 270.724 270.724
1940 270.724 270.724
1941 270.724 270.724
1942 270.724 270.724
1943 270.724 270.724
1944 270.724 270.724
1945 270.724 270.724
1946 270.724 270.724
1947 270.724 270.724
1948 270.724 270.724
1949 270.724 270.724
1950 270.724 270.724
1951 270.724 270.724
1952 270.724 270.724
1953 270.724 270.724
1954 270.724 270.724
1955 270.724 270.724
1956 270.724 270.724
1957 270.724 270.724
1958 270.724 270.724
1959 270.724 270.724
1960 270.724 270.724
1961 270.724 270.724
1962 270.724 270.724
1963 270.724 270.724
1964 270.724 270.724
1965 270.724 270.724
1966 270.724 270.724
1967 270.724 270.724
1968 270.724 270.724
1969 270.724 270.724
1970 270.724 270.724
1971 270.724 270.724
1972 270.724 270.724
1973 270.724 270.724
1974 270.724 270.724
1975 270.724 270.724
1976 270.724 270.724
1977 270.724 270.724
1978 270.724 270.724
1979 270.724 270.724
1980 270.724 270.724
1981 270.724 270.724
1982 270.724 270.724
1983 270.724 270.724
1984 270.724 270.724
1985 270.724 270.724
1986 270.724 270.724
1987 270.724 270.724
1988 270.724 270.724
1989 270.724 270.724
1990 270.724 270.724
1991 270.724 270.724
1992 270.724 270.724
1993 270.724 270.724
1994 270.724 270.724
1995 270.724 270.724
1996 270.724 270.724
1997 270.724 270.724
1998 270.724 270.724
1999 270.724 270.724
2000 270.724 270.724
2001 270.724 270.724
2002 270.724 270.724
2003 270.724 270.724
2004 270.724 270.724
2005 270.724 270.724
2006 270.724 270.724
2007 270.724 270.724
2008 270.724 270.724
2009 270.724 270.724
2010 270.724 270.724
2011 270.724 270.724
2012 270.724 270.724
2013 270.724 270.724
2014 270.724 270.724
2015 270.724 270.724
2016 270.724 270.724
2017 270.724 270.724
2018 270.724 270.724
2019 270.724 270.724
2020 270.724 270.724
2021 270.724 270.724
2022 270.724 270.724
2023 270.724 270.724
2024 270.724 270.724
2025 270.724 270.724
2026 270.724 270.724
2027 270.724 270.724
2028 270.724 270.724
2029 270.724 270.724
2030 270.724 270.724
2031 270.724 270.724
2032 270.724 270.724
2033 270.724 270.724
2034 270.724 270.724
2035 270.724 270.724
2036 270.724 270.724
2037 270.724 270.724
2038 270.724 270.724
2039 270.724 270.724
2040 270.724 270.724
2041 270.724 270.724
2042 270.724 270.724
2043 270.724 270.724
2044 270.724 270.724
2045 270.724 270.724
2046 270.724 270.724
2047 270.724 270.724
2048 270.724 270.724
2049 270.724 270.724
2050 270.724 270.724
2051 270.724 270.724
2052 270.724 270.724
2053 270.724 270.724
2054 270.724 270.724
2055 270.724 270.724
2056 270.724 270.724
2057 270.724 270.724
2058 270.724 270.724
2059 270.724 270.724
2060 270.724 270.724
2061 270.724 270.724
2062 270.724 270.724
2063 270.724 270.724
2064 270.724 270.724
2065 270.724 270.724
2066 270.724 270.724
2067 270.724 270.724
2068 270.724 270.724
2069 270.724 270.724
2070 270.724 270.724
2071 270.724 270.724
2072 270.724 270.724
2073 270.724 270.724
2074 270.724 270.724
2075 270.724 270.724
2076 270.724 270.724
2077 270.724 270.724
2078 270.724 270.724
2079 270.724 270.724
2080 270.724 270.724
2081 270.724 270.724
2082 270.724 270.724
2083 270.724 270.724
2084 270.724 270.724
2085 270.724 270.724
2086 270.724 270.724
2087 270.724 270.724
2088 270.724 270.724
2089 270.724 270.724
2090 270.724 270.724
2091 270.724 270.724
2092 270.724 270.724
2093 270.724 270.724
2094 270.724 270.724
2095 270.724 270.724
2096 270.724 270.724
2097 270.724 270.724
2098 270.724 270.724
2099 270.724 270.724
2100 270.724 270.724
2101 270.724 270.724
2102 270.724 270.724
2103 270.724 270.724
2104 270.724 270.724
2105 270.724 270.724
2106 270.724 270.724
2107 270.724 270.724
2108 270.724 270.724
2109 270.724 270.724
2110 270.724 270.724
2111 270.724 270.724
2112 270.724 270.724
2113 270.724 270.724
2114 270.724 270.724
2115 270.724 270.724
2116 270.724 270.724
2117 270.724 270.724
2118 270.724 270.724
2119 270.724 270.724
2120 270.724 270.724
2121 270.724 270.724
2122 270.724 270.724
2123 270.724 270.724
2124 270.724 270.724
2125 270.724 270.724
2126 270.724 270.724
2127 270.724 270.724
2128 270.724 270.724
2129 270.724 270.724
2130 270.724 270.724
2131 270.724 270.724
2132 270.724 270.724
2133 270.724 270.724
2134 270.724 270.724
2135 270.724 270.724
2136 270.724 270.724
2137 270.724 270.724
2138 270.724 270.724
2139 270.724 270.724
2140 270.724 270.724
2141 270.724 270.724
2142 270.724 270.724
2143 270.724 270.724
2144 270.724 270.724
2145 270.724 270.724
2146 270.724 270.724
2147 270.724 270.724
2148 270.724 270.724
2149 270.724 270.724
2150 270.724 270.724
2151 270.724 270.724
2152 270.724 270.724
2153 270.724 270.724
2154 270.724 270.724
2155 270.724 270.724
2156 270.724 270.724
2157 270.724 270.724
2158 270.724 270.724
2159 270.724 270.724
2160 270.724 270.724
2161 270.724 270.724
2162 270.724 270.724
2163 270.724 270.724
2164 270.724 270.724
2165 270.724 270.724
2166 270.724 270.724
2167 270.724 270.724
2168 270.724 270.724
2169 270.724 270.724
2170 270.724 270.724
2171 270.724 270.724
2172 270.724 270.724
2173 270.724 270.724
2174 270.724 270.724
2175 270.724 270.724
2176 270.724 270.724
2177 270.724 270.724
2178 270.724 270.724
2179 270.724 270.724
2180 270.724 270.724
2181 270.724 270.724
2182 270.724 270.724
2183 270.724 270.724
2184 270.724 270.724
2185 270.724 270.724
2186 270.724 270.724
2187 270.724 270.724
2188 270.724 270.724
2189 270.724 270.724
2190 270.724 270.724
2191 270.724 270.724
2192 270.724 270.724
2193 270.724 270.724
2194 270.724 270.724
2195 270.724 270.724
2196 270.724 270.724
2197 270.724 270.724
2198 270.724 270.724
2199 270.724 270.724
2200 270.724 270.724
2201 270.724 270.724
2202 270.724 270.724
2203 270.724 270.724
2204 270.724 270.724
2205 270.724 270.724
2206 270.724 270.724
2207 270.724 270.724
2208 270.724 270.724
2209 270.724 270.724
2210 270.724 270.724
2211 270.724 270.724
2212 270.724 270.724
2213 270.724 270.724
2214 270.724 270.724
2215 270.724 270.724
2216 270.724 270.724
2217 270.724 270.724
2218 270.724 270.724
2219 270.724 270.724
2220 270.724 270.724
2221 270.724 270.724
2222 270.724 270.724
2223 270.724 270.724
2224 270.724 270.724
2225 270.724 270.724
2226 270.724 270.724
2227 270.724 270.724
2228 270.724 270.724
2229 270.724 270.724
2230 270.724 270.724
2231 270.724 270.724
2232 270.724 270.724
2233 270.724 270.724
2234 270.724 270.724
2235 270.724 270.724
2236 270.724 270.724
2237 270.724 270.724
2238 270.724 270.724
2239 270.724 270.724
2240 270.724 270.724
2241 270.724 270.724
2242 270.724 270.724
2243 270.724 270.724
2244 270.724 270.724
2245 270.724 270.724
2246 270.724 270.724
2247 270.724 270.724
2248 270.724 270.724
2249 270.724 270.724
2250 270.724 270.724
2251 270.724 270.724
2252 270.724 270.724
2253 270.724 270.724
2254 270.724 270.724
2255 270.724 270.724
2256 270.724 270.724
2257 270.724 270.724
2258 270.724 270.724
2259 270.724 270.724
2260 270.724 270.724
2261 270.724 270.724
2262 270.724 270.724
2263 270.724 270.724
2264 270.724 270.724
2265 270.724 270.724
2266 270.724 270.724
2267 270.724 270.724
2268 270.724 270.724
2269 270.724 270.724
2270 270.724 270.724
2271 270.724 270.724
2272 270.724 270.724
2273 270.724 270.724
2274 270.724 270.724
2275 270.724 270.724
2276 270.724 270.724
2277 270.724 270.724
2278 270.724 270.724
2279 270.724 270.724
2280 270.724 270.724
2281 270.724 270.724
2282 270.724 270.724
2283 270.724 270.724
2284 270.724 270.724
2285 270.724 270.724
2286 270.724 270.724
2287 270.724 270.724
2288 270.724 270.724
2289 270.724 270.724
2290 270.724 270.724
2291 270.724 270.724
2292 270.724 270.724
2293 270.724 270.724
2294 270.724 270.724
2295 270.724 270.724
2296 270.724 270.724
2297 270.724 270.724
2298 270.724 270.724
2299 270.724 270.724
2300 270.724 270.724
2301 270.724 270.724
2302 270.724 270.724
2303 270.724 270.724
2304 270.724 270.724
2305 270.724 270.724
2306 270.724 270.724
2307 270.724 270.724
2308 270.724 270.724
2309 270.724 270.724
2310 270.724 270.724
2311 270.724 270.724
2312 270.724 270.724
2313 270.724 270.724
2314 270.724 270.724
2315 270.724 270.724
2316 270.724 270.724
2317 270.724 270.724
2318 270.724 270.724
2319 270.724 270.724
2320 270.724 270.724
2321 270.724 270.724
2322 270.724 270.724
2323 270.724 270.724
2324 270.724 270.724
2325 270.724 270.724
2326 270.724 270.724
2327 270.724 270.724
2328 270.724 270.724
2329 270.724 270.724
2330 270.724 270.724
2331 270.724 270.724
2332 270.724 270.724
2333 270.724 270.724
2334 270.724 270.724
2335 270.724 270.724
2336 270.724 270.724
2337 270.724 270.724
2338 270.724 270.724
2339 270.724 270.724
2340 270.724 270.724
2341 270.724 270.724
2342 270.724 270.724
2343 270.724 270.724
2344 270.724 270.724
2345 270.724 270.724
2346 270.724 270.724
2347 270.724 270.724
2348 270.724 270.724
2349 270.724 270.724
2350 270.724 270.724
2351 270.724 270.724
2352 270.724 270.724
2353 270.724 270.724
2354 270.724 270.724
2355 270.724 270.724
2356 270.724 270.724
2357 270.724 270.724
2358 270.724 270.724
2359 270.724 270.724
2360 270.724 270.724
2361 270.724 270.724
2362 270.724 270.724
2363 270.724 270.724
2364 270.724 270.724
2365 270.724 270.724
2366 270.724 270.724
2367 270.724 270.724
2368 270.724 270.724
2369 270.724 270.724
2370 270.724 270.724
2371 270.724 270.724
2372 270.724 270.724
2373 270.724 270.724
2374 270.724 270.724
2375 270.724 270.724
2376 270.724 270.724
2377 270.724 270.724
2378 270.724 270.724
2379 270.724 270.724
2380 270.724 270.724
2381 270.724 270.724
2382 270.724 270.724
2383 270.724 270.724
2384 270.724 270.724
2385 270.724 270.724
2386 270.724 270.724
2387 270.724 270.724
2388 270.724 270.724
2389 270.724 270.724
2390 270.724 270.724
2391 270.724 270.724
2392 270.724 270.724
2393 270.724 270.724
2394 270.724 270.724
2395 270.724 270.724
2396 270.724 270.724
2397 270.724 270.724
2398 270.724 270.724
2399 270.724 270.724
2400 270.724 270.724
2401 270.724 270.724
2402 270.724 270.724
2403 270.724 270.724
2404 270.724 270.724
2405 270.724 270.724
2406 270.724 270.724
2407 270.724 270.724
2408 270.724 270.724
2409 270.724 270.724
2410 270.724 270.724
2411 270.724 270.724
2412 270.724 270.724
2413 270.724 270.724
2414 270.724 270.724
2415 270.724 270.724
2416 270.724 270.724
2417 270.724 270.724
2418 270.724 270.724
2419 270.724 270.724
2420 270.724 270.724
2421 270.724 270.724
2422 270.724 270.724
2423 270.724 270.724
2424 270.724 270.724
2425 270.724 270.724
2426 270.724 270.724
2427 270.724 270.724
2428 270.724 270.724
2429 270.724 270.724
2430 270.724 270.724
2431 270.724 270.724
2432 270.724 270.724
2433 270.724 270.724
2434 270.724 270.724
2435 270.724 270.724
2436 270.724 270.724
2437 270.724 270.724
2438 270.724 270.724
2439 270.724 270.724
2440 270.724 270.724
2441 270.724 270.724
2442 270.724 270.724
2443 270.724 270.724
2444 270.724 270.724
2445 270.724 270.724
2446 270.724 270.724
2447 270.724 270.724
2448 270.724 270.724
2449 270.724 270.724
2450 270.724 270.724
2451 270.724 270.724
2452 270.724 270.724
2453 270.724 270.724
2454 270.724 270.724
2455 270.724 270.724
2456 270.724 270.724
2457 270.724 270.724
2458 270.724 270.724
2459 270.724 270.724
2460 270.724 270.724
2461 270.724 270.724
2462 270.724 270.724
2463 270.724 270.724
2464 270.724 270.724
2465 270.724 270.724
2466 270.724 270.724
2467 270.724 270.724
2468 270.724 270.724
2469 270.724 270.724
2470 270.724 270.724
2471 270.724 270.724
2472 270.724 270.724
2473 270.724 270.724
2474 270.724 270.724
2475 270.724 270.724
2476 270.724 270.724
2477 270.724 270.724
2478 270.724 270.724
2479 270.724 270.724
2480 270.724 270.724
2481 270.724 270.724
2482 270.724 270.724
2483 270.724 270.724
2484 270.724 270.724
2485 270.724 270.724
2486 270.724 270.724
2487 270.724 270.724
2488 270.724 270.724
2489 270.724 270.724
2490 270.724 270.724
2491 270.724 270.724
2492 270.724 270.724
2493 270.724 270.724
2494 270.724 270.724
2495 270.724 270.724
2496 270.724 270.724
2497 270.724 270.724
2498 270.724 270.724
2499 270.724 270.724
