0 802.394 1000.57
1 810.81 959.477
2 789.411 906.764
3 789.411 870.519
4 789.411 855.352
5 777.004 834.676
6 761.622 817.269
7 742.238 797.598
8 726.026 797.021
9 726.026 783.541
10 726.026 779.063
11 699.853 761.565
12 673.349 751.724
13 673.349 728.446
14 653.876 716.392
15 626.38 691.739
16 634.25 680.003
17 615.09 667.146
18 609.063 648.629
19 609.038 636.646
20 603.011 627.198
21 593.362 621.805
22 573.954 613.049
23 569.12 606.454
24 569.12 593.423
25 551.758 588.94
26 551.747 584.129
27 549.335 576.927
28 503.404 571.037
29 503.404 567.853
30 503.404 550.193
31 501.507 533.823
32 494.944 526.843
33 493.046 511.157
34 493.046 501.505
35 493.046 496.708
36 483.853 494.08
37 483.853 493.195
38 483.853 492.473
39 483.843 490.512
40 480.479 487.852
41 472.596 484.218
42 472.596 484.266
43 462.206 483.788
44 458.933 478.563
45 456.881 474.349
46 450.052 468.876
47 450.052 459.228
48 443.738 454.193
49 439.528 450.759
50 439.528 448.387
51 439.528 445.686
52 436.442 443.297
53 428.466 440.053
54 428.466 438.084
55 428.466 436.191
56 425.381 433.028
57 421.988 430.043
58 419.046 428.108
59 417.96 427.776
60 411.625 422.701
61 409.108 420.438
62 407.26 417.386
63 406.317 414.701
64 405.243 411.419
65 403.394 408.83
66 403.394 407.629
67 403.394 405.716
68 403.394 404.726
69 403.394 403.537
70 403.394 403.394
71 403.394 403.394
72 403.166 403.392
73 403.166 403.383
74 403.166 403.351
75 403.166 403.262
76 403.166 403.205
77 403.166 403.166
78 403.166 403.166
79 403.166 403.166
80 403.166 403.166
81 403.166 403.166
82 403.166 403.166
83 403.166 403.166
84 403.166 403.166
85 403.166 403.166
86 401.476 403.149
87 401.476 403.014
88 397.153 402.539
89 392.471 401.963
90 392.471 401.105
91 392.471 401.253
92 386.656 400.993
93 380.911 405.639
94 380.911 407.562
95 374.643 403.361
96 374.643 399.478
97 374.643 400.375
98 374.643 395.243
99 374.643 396.132
100 374.643 387.504
101 374.643 381.935
102 371.394 380.696
103 371.394 380.406
104 371.202 380.28
105 371.202 374.436
106 371.202 373.525
107 371.202 371.511
108 371.202 371.208
109 366.829 371.158
110 366.829 371.071
111 363.533 370.672
112 363.533 370.223
113 363.533 369.188
114 363.533 368.651
115 363.533 368.274
116 363.533 365.061
117 363.533 364.937
118 363.533 363.598
119 363.533 363.533
120 363.533 363.533
121 363.533 363.533
122 363.533 363.533
123 363.533 363.533
124 363.533 363.533
125 363.533 363.533
126 363.533 363.533
127 363.533 363.533
128 363.533 363.533
129 363.533 363.533
130 359.929 363.494
131 359.929 363.337
132 359.929 363.371
133 355.843 363.871
134 355.843 365.002
135 350.739 364.493
136 350.739 363.954
137 348.325 359.227
138 345.069 359.079
139 345.069 351.842
140 345.069 352.523
141 344.911 353.966
142 343.165 353.228
143 343.165 354.832
144 341.078 354.073
145 341.078 350.555
146 339.574 349.324
147 339.574 347.567
148 339.574 346.583
149 337.693 343.547
150 337.693 341.381
151 337.693 341.007
152 337.693 339.988
153 337.693 339.534
154 337.693 340.104
155 337.693 338.866
156 336.261 337.679
157 330.42 337.444
158 330.42 336.389
159 330.42 334.747
160 330.42 332.848
161 330.42 330.635
162 330.42 330.463
163 328.863 330.404
164 328.863 330.373
165 328.863 330.14
166 328.863 329.548
167 328.863 328.987
168 328.863 328.863
169 328.863 328.863
170 328.863 328.863
171 328.863 328.863
172 328.863 328.863
173 327.802 328.852
174 327.802 328.725
175 327.802 328.449
176 327.802 328.026
177 327.347 327.872
178 327.347 327.752
179 327.347 327.584
180 327.347 327.484
181 326.858 327.342
182 326.858 327.288
183 326.858 327.19
184 326.858 326.999
185 326.085 326.847
186 326.085 326.772
187 326.085 326.493
188 326.085 326.245
189 326.085 326.085
190 326.085 326.085
191 326.085 326.085
192 325.016 326.074
193 325.016 325.999
194 325.016 325.85
195 325.016 325.633
196 325.016 325.43
197 325.016 325.016
198 325.016 325.016
199 325.016 325.016
200 322.713 324.991
201 322.713 324.803
202 322.713 324.484
203 322.082 323.91
204 322.082 322.568
205 322.082 322.247
206 322.082 322.082
207 322.082 322.082
208 322.082 322.082
209 322.082 322.082
210 322.082 322.082
211 322.082 322.082
212 322.082 322.082
213 322.082 322.082
214 322.082 322.082
215 322.082 322.082
216 322.082 322.082
217 322.082 322.082
218 322.054 322.082
219 322.054 322.082
220 318.213 322.042
221 318.213 321.67
222 318.213 320.866
223 318.213 319.189
224 318.213 318.361
225 317.944 318.21
226 317.944 318.159
227 317.944 318.046
228 317.944 317.949
229 317.944 317.944
230 317.944 317.944
231 317.944 317.944
232 317.944 317.944
233 317.944 317.944
234 317.944 317.944
235 317.944 317.944
236 317.944 317.944
237 317.944 317.944
238 317.944 317.944
239 317.944 317.944
240 317.944 317.944
241 317.944 317.944
242 317.944 317.944
243 317.944 317.944
244 315.927 317.923
245 315.927 317.742
246 315.927 317.357
247 315.927 316.75
248 315.927 315.966
249 315.927 315.927
250 315.927 315.927
251 315.927 315.927
252 315.927 315.927
253 315.927 315.927
254 315.927 315.927
255 315.927 315.927
256 315.927 315.927
257 315.927 315.927
258 315.927 315.927
259 315.927 315.927
260 315.927 315.927
261 315.927 315.927
262 315.927 315.927
263 315.927 315.927
264 315.927 315.927
265 315.927 315.927
266 315.572 315.923
267 315.572 315.895
268 315.572 315.806
269 315.572 315.735
270 315.572 315.657
271 315.572 315.572
272 315.572 315.572
273 315.572 315.572
274 315.572 315.572
275 315.572 315.572
276 315.572 315.572
277 315.572 315.572
278 315.572 315.572
279 315.572 315.572
280 315.572 315.572
281 315.572 315.572
282 315.572 315.572
283 315.572 315.572
284 315.572 315.572
285 315.572 315.572
286 315.572 315.572
287 315.572 315.572
288 315.572 315.572
289 315.572 315.572
290 315.572 315.572
291 315.572 315.572
292 315.572 315.572
293 315.572 315.572
294 315.572 315.572
295 315.572 315.572
296 315.572 315.572
297 315.572 315.572
298 315.572 315.572
299 315.572 315.572
300 315.572 315.572
301 315.572 315.572
302 315.572 315.572
303 315.572 315.572
304 315.572 315.572
305 315.572 315.572
306 315.572 315.572
307 315.572 315.572
308 315.572 315.572
309 315.572 315.572
310 315.572 315.572
311 315.572 315.572
312 315.572 315.572
313 315.572 315.572
314 315.572 315.572
315 315.572 315.572
316 315.572 315.572
317 315.572 315.572
318 315.572 315.572
319 315.572 315.572
320 315.572 315.572
321 315.572 315.572
322 315.572 315.572
323 315.572 315.572
324 315.572 315.572
325 315.572 315.572
326 315.572 315.572
327 315.572 315.572
328 315.572 315.572
329 315.572 315.572
330 315.572 315.572
331 315.572 315.572
332 315.572 315.572
333 315.572 315.572
334 315.572 315.572
335 315.572 315.572
336 315.572 315.572
337 315.572 315.572
338 315.572 315.572
339 315.572 315.572
340 315.572 315.572
341 315.572 315.572
342 315.572 315.572
343 315.572 315.572
344 315.572 315.572
345 315.572 315.572
346 315.572 315.572
347 315.572 315.572
348 315.572 315.572
349 315.572 315.572
350 315.572 315.572
351 315.572 315.572
352 315.572 315.572
353 315.572 315.572
354 315.572 315.572
355 315.572 315.572
356 315.572 315.572
357 315.572 315.572
358 315.572 315.572
359 315.572 315.572
360 315.007 315.567
361 315.007 315.538
362 315.007 315.414
363 315.007 315.21
364 315.007 315.058
365 315.007 315.007
366 315.007 315.007
367 315.007 315.007
368 315.007 315.007
369 315.007 315.007
370 315.007 315.007
371 315.007 315.007
372 315.007 315.007
373 315.007 315.007
374 315.007 315.007
375 314.143 314.998
376 314.143 314.929
377 314.143 314.687
378 314.143 314.411
379 314.143 314.143
380 314.143 314.143
381 314.143 314.143
382 314.143 314.143
383 314.143 314.143
384 310.652 314.108
385 310.652 313.898
386 310.652 313.08
387 310.652 312.402
388 310.652 311.459
389 310.652 310.916
390 310.652 310.709
391 310.652 310.652
392 310.652 310.652
393 310.652 310.652
394 310.652 310.652
395 310.652 310.652
396 310.652 310.652
397 310.652 310.652
398 310.652 310.652
399 310.652 310.652
400 310.652 310.652
401 310.652 310.652
402 310.652 310.652
403 309.276 310.632
404 309.276 310.583
405 309.276 310.311
406 309.276 309.868
407 309.276 309.565
408 309.276 309.345
409 309.276 309.276
410 309.276 309.276
411 309.276 309.276
412 309.276 309.276
413 309.276 309.276
414 309.276 309.276
415 309.276 309.276
416 309.276 309.276
417 309.276 309.276
418 309.276 309.276
419 309.276 309.276
420 309.276 309.276
421 309.276 309.276
422 309.276 309.276
423 309.276 309.276
424 309.276 309.276
425 309.276 309.276
426 309.276 309.276
427 309.276 309.276
428 309.276 309.276
429 309.276 309.276
430 309.276 309.276
431 309.276 309.276
432 309.276 309.276
433 309.276 309.276
434 309.276 309.276
435 309.276 309.276
436 309.276 309.276
437 309.276 309.276
438 309.276 309.276
439 309.276 309.276
440 309.276 309.276
441 309.276 309.276
442 309.276 309.276
443 309.276 309.276
444 309.276 309.276
445 309.276 309.276
446 309.276 309.276
447 309.276 309.276
448 309.276 309.276
449 309.276 309.276
450 309.276 309.276
451 309.276 309.276
452 307.136 309.255
453 307.136 309.105
454 302.825 308.655
455 302.825 307.212
456 302.825 305.86
457 302.825 304.284
458 302.825 302.825
459 302.825 302.825
460 302.825 302.825
461 302.825 302.825
462 302.825 302.825
463 302.825 302.825
464 302.825 302.825
465 302.825 302.825
466 302.825 302.825
467 302.825 302.825
468 302.825 302.825
469 302.825 302.825
470 302.825 302.825
471 302.825 302.825
472 302.825 302.825
473 302.825 302.825
474 302.825 302.825
475 302.825 302.825
476 302.825 302.825
477 302.825 302.825
478 302.825 302.825
479 302.825 302.825
480 302.825 302.825
481 300.468 302.801
482 300.468 302.565
483 300.468 302.155
484 300.468 301.788
485 300.468 301.211
486 300.468 301.12
487 299.06 300.454
488 299.06 300.356
489 299.06 300.173
490 299.06 299.905
491 299.06 299.398
492 299.06 299.06
493 299.06 299.06
494 299.06 299.06
495 299.06 299.06
496 299.06 299.06
497 299.06 299.06
498 299.06 299.06
499 299.06 299.06
500 287.312 298.883
501 287.312 298.116
502 281.325 295.395
503 281.325 293.525
504 281.325 291.735
505 278.508 285.705
506 278.508 286.037
507 278.508 282.811
508 278.508 281.073
509 278.508 279.806
510 278.508 279.036
511 278.508 278.716
512 278.508 278.508
513 278.508 278.508
514 278.508 278.508
515 278.508 278.508
516 278.508 278.508
517 278.508 278.508
518 278.508 278.508
519 278.508 278.508
520 278.508 278.508
521 278.508 278.508
522 278.508 278.508
523 278.508 278.508
524 278.508 278.508
525 278.508 278.508
526 278.508 278.508
527 278.508 278.508
528 278.508 278.508
529 278.508 278.508
530 278.508 278.508
531 278.508 278.508
532 278.508 278.508
533 277.661 278.5
534 277.661 278.441
535 277.661 278.356
536 277.661 278.195
537 277.372 278.065
538 277.372 277.943
539 277.372 277.73
540 277.372 277.615
541 277.372 277.384
542 277.372 277.372
543 277.372 277.372
544 277.372 277.372
545 277.372 277.372
546 277.372 277.372
547 277.372 277.372
548 277.372 277.372
549 277.372 277.372
550 277.372 277.372
551 277.372 277.372
552 277.372 277.372
553 277.372 277.372
554 277.372 277.372
555 277.372 277.372
556 277.372 277.372
557 277.372 277.372
558 277.372 277.372
559 277.372 277.372
560 277.372 277.372
561 277.372 277.372
562 277.372 277.372
563 277.372 277.372
564 276.611 277.357
565 276.611 277.265
566 276.611 277.09
567 276.611 276.862
568 276.611 276.611
569 276.611 276.611
570 276.611 276.611
571 276.611 276.611
572 276.611 276.611
573 276.611 276.611
574 276.611 276.611
575 276.611 276.611
576 276.611 276.611
577 276.611 276.611
578 276.611 276.611
579 276.611 276.611
580 276.611 276.611
581 276.611 276.611
582 276.611 276.611
583 276.611 276.611
584 276.611 276.611
585 276.611 276.611
586 276.611 276.611
587 276.611 276.611
588 276.611 276.611
589 276.611 276.611
590 276.611 276.611
591 276.611 276.611
592 276.611 276.611
593 276.611 276.611
594 276.611 276.611
595 276.611 276.611
596 276.611 276.611
597 276.611 276.611
598 276.611 276.611
599 276.611 276.611
600 276.611 276.611
601 276.611 276.611
602 276.611 276.611
603 276.611 276.611
604 276.611 276.611
605 276.611 276.611
606 276.611 276.611
607 276.611 276.611
608 276.611 276.611
609 276.611 276.611
610 276.611 276.611
611 276.611 276.611
612 276.611 276.611
613 276.611 276.611
614 276.611 276.611
615 276.611 276.611
616 276.611 276.611
617 276.611 276.611
618 276.611 276.611
619 276.611 276.611
620 276.611 276.611
621 276.611 276.611
622 276.611 276.611
623 276.611 276.611
624 276.611 276.611
625 276.611 276.611
626 276.611 276.611
627 276.611 276.611
628 276.611 276.611
629 276.611 276.611
630 276.611 276.611
631 276.611 276.611
632 276.611 276.611
633 276.611 276.611
634 276.611 276.611
635 276.611 276.611
636 276.611 276.611
637 276.611 276.611
638 276.611 276.611
639 276.611 276.611
640 276.611 276.611
641 276.611 276.611
642 276.611 276.611
643 276.611 276.611
644 276.611 276.611
645 276.611 276.611
646 276.611 276.611
647 276.611 276.611
648 276.611 276.611
649 276.611 276.611
650 276.611 276.611
651 276.611 276.611
652 276.611 276.611
653 276.611 276.611
654 276.611 276.611
655 276.611 276.611
656 276.611 276.611
657 276.611 276.611
658 276.611 276.611
659 276.611 276.611
660 276.611 276.611
661 276.611 276.611
662 276.611 276.611
663 276.611 276.611
664 276.611 276.611
665 276.611 276.611
666 276.611 276.611
667 276.611 276.611
668 276.611 276.611
669 276.611 276.611
670 276.611 276.611
671 276.611 276.611
672 276.611 276.611
673 276.611 276.611
674 276.611 276.611
675 276.611 276.611
676 276.611 276.611
677 276.611 276.611
678 276.611 276.611
679 276.611 276.611
680 276.611 276.611
681 276.611 276.611
682 276.611 276.611
683 276.611 276.611
684 276.611 276.611
685 276.611 276.611
686 276.611 276.611
687 276.611 276.611
688 276.611 276.611
689 276.611 276.611
690 276.611 276.611
691 276.611 276.611
692 276.611 276.611
693 276.611 276.611
694 276.611 276.611
695 276.611 276.611
696 276.611 276.611
697 276.611 276.611
698 276.611 276.611
699 276.611 276.611
700 276.611 276.611
701 276.611 276.611
702 276.611 276.611
703 276.611 276.611
704 276.611 276.611
705 276.611 276.611
706 276.611 276.611
707 276.611 276.611
708 276.611 276.611
709 276.611 276.611
710 276.611 276.611
711 276.611 276.611
712 276.611 276.611
713 276.611 276.611
714 276.611 276.611
715 276.611 276.611
716 276.611 276.611
717 276.611 276.611
718 276.611 276.611
719 276.611 276.611
720 276.611 276.611
721 276.611 276.611
722 276.611 276.611
723 276.611 276.611
724 276.611 276.611
725 276.611 276.611
726 276.611 276.611
727 276.611 276.611
728 276.611 276.611
729 276.611 276.611
730 276.611 276.611
731 276.611 276.611
732 276.611 276.611
733 276.611 276.611
734 276.611 276.611
735 276.611 276.611
736 276.611 276.611
737 276.611 276.611
738 276.611 276.611
739 276.611 276.611
740 276.611 276.611
741 276.611 276.611
742 276.611 276.611
743 276.611 276.611
744 276.611 276.611
745 276.611 276.611
746 276.611 276.611
747 276.611 276.611
748 276.611 276.611
749 276.611 276.611
750 276.611 276.611
751 276.611 276.611
752 276.611 276.611
753 276.611 276.611
754 276.611 276.611
755 276.611 276.611
756 276.611 276.611
757 276.611 276.611
758 276.611 276.611
759 276.611 276.611
760 276.611 276.611
761 276.611 276.611
762 276.611 276.611
763 276.611 276.611
764 276.611 276.611
765 276.611 276.611
766 276.611 276.611
767 276.611 276.611
768 276.611 276.611
769 276.611 276.611
770 276.611 276.611
771 276.611 276.611
772 276.611 276.611
773 276.611 276.611
774 276.611 276.611
775 276.611 276.611
776 276.611 276.611
777 276.611 276.611
778 276.611 276.611
779 276.611 276.611
780 276.611 276.611
781 276.611 276.611
782 276.611 276.611
783 276.611 276.611
784 276.611 276.611
785 276.611 276.611
786 276.611 276.611
787 276.611 276.611
788 276.611 276.611
789 276.611 276.611
790 276.611 276.611
791 276.611 276.611
792 276.611 276.611
793 276.611 276.611
794 276.611 276.611
795 276.611 276.611
796 276.611 276.611
797 276.611 276.611
798 276.611 276.611
799 276.611 276.611
800 276.611 276.611
801 276.611 276.611
802 276.611 276.611
803 276.611 276.611
804 276.611 276.611
805 276.611 276.611
806 276.611 276.611
807 276.611 276.611
808 276.611 276.611
809 276.611 276.611
810 276.611 276.611
811 276.611 276.611
812 276.611 276.611
813 276.611 276.611
814 276.362 276.606
815 276.362 276.587
816 276.362 276.525
817 276.362 276.418
818 276.362 276.362
819 276.362 276.362
820 276.362 276.362
821 276.362 276.362
822 276.362 276.362
823 276.362 276.362
824 276.362 276.362
825 276.362 276.362
826 276.362 276.362
827 276.362 276.362
828 276.362 276.362
829 276.362 276.362
830 276.362 276.362
831 276.362 276.362
832 276.362 276.362
833 276.362 276.362
834 276.362 276.362
835 276.362 276.362
836 276.362 276.362
837 276.362 276.362
838 276.362 276.362
839 276.362 276.362
840 276.362 276.362
841 276.362 276.362
842 276.362 276.362
843 276.362 276.362
844 276.362 276.362
845 276.362 276.362
846 276.362 276.362
847 276.362 276.362
848 276.362 276.362
849 276.362 276.362
850 276.362 276.362
851 276.362 276.362
852 276.362 276.362
853 276.362 276.362
854 276.362 276.362
855 276.362 276.362
856 276.362 276.362
857 276.362 276.362
858 276.362 276.362
859 276.362 276.362
860 276.362 276.362
861 276.362 276.362
862 276.362 276.362
863 276.362 276.362
864 276.362 276.362
865 276.362 276.362
866 276.362 276.362
867 276.362 276.362
868 276.362 276.362
869 276.362 276.362
870 276.362 276.362
871 276.362 276.362
872 276.362 276.362
873 276.362 276.362
874 276.362 276.362
875 276.362 276.362
876 276.362 276.362
877 276.362 276.362
878 276.362 276.362
879 276.362 276.362
880 276.362 276.362
881 276.362 276.362
882 276.362 276.362
883 276.362 276.362
884 276.362 276.362
885 276.362 276.362
886 276.362 276.362
887 276.362 276.362
888 276.362 276.362
889 276.362 276.362
890 276.362 276.362
891 276.362 276.362
892 276.362 276.362
893 276.362 276.362
894 276.362 276.362
895 276.362 276.362
896 276.362 276.362
897 276.362 276.362
898 276.362 276.362
899 276.362 276.362
900 276.362 276.362
901 276.362 276.362
902 276.362 276.362
903 276.362 276.362
904 276.362 276.362
905 276.362 276.362
906 276.362 276.362
907 276.362 276.362
908 276.362 276.362
909 276.362 276.362
910 276.362 276.362
911 276.362 276.362
912 276.362 276.362
913 276.362 276.362
914 276.362 276.362
915 276.362 276.362
916 276.362 276.362
917 276.362 276.362
918 276.362 276.362
919 276.362 276.362
920 276.362 276.362
921 276.362 276.362
922 276.362 276.362
923 276.362 276.362
924 276.362 276.362
925 276.362 276.362
926 276.362 276.362
927 276.362 276.362
928 276.362 276.362
929 276.362 276.362
930 276.362 276.362
931 276.362 276.362
932 276.362 276.362
933 276.362 276.362
934 276.362 276.362
935 276.362 276.362
936 276.362 276.362
937 276.362 276.362
938 276.362 276.362
939 276.362 276.362
940 276.362 276.362
941 276.362 276.362
942 276.362 276.362
943 276.362 276.362
944 276.362 276.362
945 276.362 276.362
946 276.362 276.362
947 276.362 276.362
948 276.362 276.362
949 276.362 276.362
950 276.362 276.362
951 276.362 276.362
952 276.362 276.362
953 276.362 276.362
954 276.362 276.362
955 276.362 276.362
956 276.362 276.362
957 276.362 276.362
958 276.362 276.362
959 276.362 276.362
960 276.362 276.362
961 276.362 276.362
962 276.362 276.362
963 276.362 276.362
964 276.362 276.362
965 276.362 276.362
966 276.362 276.362
967 276.362 276.362
968 276.362 276.362
969 276.362 276.362
970 276.362 276.362
971 276.362 276.362
972 276.362 276.362
973 276.362 276.362
974 276.362 276.362
975 276.362 276.362
976 276.362 276.362
977 276.362 276.362
978 276.362 276.362
979 276.362 276.362
980 276.362 276.362
981 276.362 276.362
982 276.362 276.362
983 276.362 276.362
984 276.362 276.362
985 276.362 276.362
986 276.362 276.362
987 276.362 276.362
988 276.362 276.362
989 276.362 276.362
990 276.362 276.362
991 276.362 276.362
992 276.362 276.362
993 276.362 276.362
994 276.362 276.362
995 276.362 276.362
996 276.362 276.362
997 276.362 276.362
998 276.362 276.362
999 276.362 276.362
1000 274.068 276.247
1001 274.068 275.751
1002 274.068 275.04
1003 274.068 274.353
1004 274.068 274.068
1005 274.068 274.068
1006 274.068 274.068
1007 274.068 274.068
1008 274.068 274.068
1009 274.068 274.068
1010 274.068 274.068
1011 274.068 274.068
1012 274.068 274.068
1013 274.068 274.068
1014 274.068 274.068
1015 274.068 274.068
1016 274.068 274.068
1017 274.068 274.068
1018 274.068 274.068
1019 274.068 274.068
1020 274.068 274.068
1021 274.068 274.068
1022 274.068 274.068
1023 274.068 274.068
1024 274.068 274.068
1025 274.068 274.068
1026 274.068 274.068
1027 274.068 274.068
1028 274.068 274.068
1029 274.068 274.068
1030 274.068 274.068
1031 274.068 274.068
1032 274.068 274.068
1033 274.068 274.068
1034 274.068 274.068
1035 274.068 274.068
1036 274.068 274.068
1037 274.068 274.068
1038 274.068 274.068
1039 274.068 274.068
1040 274.068 274.068
1041 274.068 274.068
1042 274.068 274.068
1043 274.068 274.068
1044 274.068 274.068
1045 274.068 274.068
1046 274.068 274.068
1047 274.068 274.068
1048 274.068 274.068
1049 274.068 274.068
1050 274.068 274.068
1051 274.068 274.068
1052 274.068 274.068
1053 274.068 274.068
1054 274.068 274.068
1055 274.068 274.068
1056 274.068 274.068
1057 274.068 274.068
1058 274.068 274.068
1059 274.068 274.068
1060 274.068 274.068
1061 274.068 274.068
1062 274.068 274.068
1063 274.068 274.068
1064 274.068 274.068
1065 274.068 274.068
1066 274.068 274.068
1067 274.068 274.068
1068 274.068 274.068
1069 274.068 274.068
1070 274.068 274.068
1071 274.068 274.068
1072 274.068 274.068
1073 274.068 274.068
1074 274.068 274.068
1075 274.068 274.068
1076 274.068 274.068
1077 274.068 274.068
1078 274.068 274.068
1079 274.068 274.068
1080 274.068 274.068
1081 274.068 274.068
1082 274.068 274.068
1083 274.068 274.068
1084 274.068 274.068
1085 274.068 274.068
1086 274.068 274.068
1087 274.068 274.068
1088 274.068 274.068
1089 274.068 274.068
1090 274.068 274.068
1091 274.068 274.068
1092 274.068 274.068
1093 274.068 274.068
1094 274.068 274.068
1095 274.068 274.068
1096 274.068 274.068
1097 274.068 274.068
1098 274.068 274.068
1099 274.068 274.068
1100 274.068 274.068
1101 274.068 274.068
1102 274.068 274.068
1103 274.068 274.068
1104 274.068 274.068
1105 274.068 274.068
1106 274.068 274.068
1107 274.068 274.068
1108 274.068 274.068
1109 274.068 274.068
1110 274.068 274.068
1111 274.068 274.068
1112 274.068 274.068
1113 274.068 274.068
1114 274.068 274.068
1115 274.068 274.068
1116 274.068 274.068
1117 274.068 274.068
1118 274.068 274.068
1119 274.068 274.068
1120 274.068 274.068
1121 274.068 274.068
1122 274.068 274.068
1123 274.068 274.068
1124 274.068 274.068
1125 274.068 274.068
1126 274.068 274.068
1127 274.068 274.068
1128 274.068 274.068
1129 274.068 274.068
1130 274.068 274.068
1131 274.068 274.068
1132 274.068 274.068
1133 274.068 274.068
1134 274.068 274.068
1135 274.068 274.068
1136 274.068 274.068
1137 274.068 274.068
1138 274.068 274.068
1139 274.068 274.068
1140 274.068 274.068
1141 274.068 274.068
1142 274.068 274.068
1143 274.068 274.068
1144 274.068 274.068
1145 274.068 274.068
1146 274.068 274.068
1147 274.068 274.068
1148 274.068 274.068
1149 274.068 274.068
1150 274.068 274.068
1151 274.068 274.068
1152 274.068 274.068
1153 274.068 274.068
1154 274.068 274.068
1155 274.068 274.068
1156 274.068 274.068
1157 274.068 274.068
1158 274.068 274.068
1159 274.068 274.068
1160 274.068 274.068
1161 274.068 274.068
1162 274.068 274.068
1163 274.068 274.068
1164 274.068 274.068
1165 274.068 274.068
1166 274.068 274.068
1167 274.068 274.068
1168 274.068 274.068
1169 274.068 274.068
1170 274.068 274.068
1171 274.068 274.068
1172 274.068 274.068
1173 274.068 274.068
1174 274.068 274.068
1175 274.068 274.068
1176 274.068 274.068
1177 274.068 274.068
1178 274.068 274.068
1179 274.068 274.068
1180 274.068 274.068
1181 274.068 274.068
1182 274.068 274.068
1183 274.068 274.068
1184 274.068 274.068
1185 274.068 274.068
1186 274.068 274.068
1187 274.068 274.068
1188 274.068 274.068
1189 274.068 274.068
1190 274.068 274.068
1191 274.068 274.068
1192 274.068 274.068
1193 274.068 274.068
1194 274.068 274.068
1195 274.068 274.068
1196 274.068 274.068
1197 274.068 274.068
1198 274.068 274.068
1199 274.068 274.068
1200 274.068 274.068
1201 274.068 274.068
1202 274.068 274.068
1203 274.068 274.068
1204 274.068 274.068
1205 274.068 274.068
1206 274.068 274.068
1207 274.068 274.068
1208 274.068 274.068
1209 274.068 274.068
1210 274.068 274.068
1211 274.068 274.068
1212 274.068 274.068
1213 274.068 274.068
1214 274.068 274.068
1215 274.068 274.068
1216 274.068 274.068
1217 274.068 274.068
1218 274.068 274.068
1219 274.068 274.068
1220 274.068 274.068
1221 274.068 274.068
1222 274.068 274.068
1223 274.068 274.068
1224 274.068 274.068
1225 274.068 274.068
1226 274.068 274.068
1227 274.068 274.068
1228 274.068 274.068
1229 274.068 274.068
1230 274.068 274.068
1231 274.068 274.068
1232 274.068 274.068
1233 274.068 274.068
1234 274.068 274.068
1235 274.068 274.068
1236 274.068 274.068
1237 274.068 274.068
1238 274.068 274.068
1239 274.068 274.068
1240 274.068 274.068
1241 274.068 274.068
1242 274.068 274.068
1243 274.068 274.068
1244 274.068 274.068
1245 274.068 274.068
1246 274.068 274.068
1247 274.068 274.068
1248 274.068 274.068
1249 274.068 274.068
1250 274.068 274.068
1251 274.068 274.068
1252 274.068 274.068
1253 274.068 274.068
1254 274.068 274.068
1255 274.068 274.068
1256 274.068 274.068
1257 274.068 274.068
1258 274.068 274.068
1259 274.068 274.068
1260 274.068 274.068
1261 274.068 274.068
1262 274.068 274.068
1263 274.068 274.068
1264 274.068 274.068
1265 274.068 274.068
1266 274.068 274.068
1267 274.068 274.068
1268 274.068 274.068
1269 274.068 274.068
1270 274.068 274.068
1271 274.068 274.068
1272 274.068 274.068
1273 274.068 274.068
1274 274.068 274.068
1275 274.068 274.068
1276 274.068 274.068
1277 274.068 274.068
1278 274.068 274.068
1279 274.068 274.068
1280 274.068 274.068
1281 274.068 274.068
1282 274.068 274.068
1283 274.068 274.068
1284 274.068 274.068
1285 274.068 274.068
1286 274.068 274.068
1287 274.068 274.068
1288 274.068 274.068
1289 274.068 274.068
1290 274.068 274.068
1291 274.068 274.068
1292 274.068 274.068
1293 274.068 274.068
1294 274.068 274.068
1295 274.068 274.068
1296 274.068 274.068
1297 274.068 274.068
1298 274.068 274.068
1299 270.724 274.035
1300 270.724 273.825
1301 270.724 273.453
1302 270.724 273.064
1303 270.724 271.863
1304 270.724 270.93
1305 270.724 270.724
1306 270.724 270.724
1307 270.724 270.724
1308 270.724 270.724
1309 270.724 270.724
1310 270.724 270.724
1311 270.724 270.724
1312 270.724 270.724
1313 270.724 270.724
1314 270.724 270.724
1315 270.724 270.724
1316 270.724 270.724
1317 270.724 270.724
1318 270.724 270.724
1319 270.724 270.724
1320 270.724 270.724
1321 270.724 270.724
1322 270.724 270.724
1323 270.724 270.724
1324 270.724 270.724
1325 270.724 270.724
1326 270.724 270.724
1327 270.724 270.724
1328 270.724 270.724
1329 270.724 270.724
1330 270.724 270.724
1331 270.724 270.724
1332 270.724 270.724
1333 270.724 270.724
1334 270.724 270.724
1335 270.724 270.724
1336 270.724 270.724
1337 270.724 270.724
1338 270.724 270.724
1339 270.724 270.724
1340 270.724 270.724
1341 270.724 270.724
1342 270.724 270.724
1343 270.724 270.724
1344 270.724 270.724
1345 270.724 270.724
1346 270.724 270.724
1347 270.724 270.724
1348 270.724 270.724
1349 270.724 270.724
1350 270.724 270.724
1351 270.724 270.724
1352 270.724 270.724
1353 270.724 270.724
1354 270.724 270.724
1355 270.724 270.724
1356 270.724 270.724
1357 270.724 270.724
1358 270.724 270.724
1359 270.724 270.724
1360 270.724 270.724
1361 270.724 270.724
1362 270.724 270.724
1363 270.724 270.724
1364 270.724 270.724
1365 270.724 270.724
1366 270.724 270.724
1367 270.724 270.724
1368 270.724 270.724
1369 270.724 270.724
1370 270.724 270.724
1371 270.724 270.724
1372 270.724 270.724
1373 270.724 270.724
1374 270.724 270.724
1375 270.724 270.724
1376 270.724 270.724
1377 270.724 270.724
1378 270.724 270.724
1379 270.724 270.724
1380 270.724 270.724
1381 270.724 270.724
1382 270.724 270.724
1383 270.724 270.724
1384 270.724 270.724
1385 270.724 270.724
1386 270.724 270.724
1387 270.724 270.724
1388 270.724 270.724
1389 270.724 270.724
1390 270.724 270.724
1391 270.724 270.724
1392 270.724 270.724
1393 270.724 270.724
1394 270.724 270.724
1395 270.724 270.724
1396 270.724 270.724
1397 270.724 270.724
1398 270.724 270.724
1399 270.724 270.724
1400 270.724 270.724
1401 270.724 270.724
1402 270.724 270.724
1403 270.724 270.724
1404 270.724 270.724
1405 270.724 270.724
1406 270.724 270.724
1407 270.724 270.724
1408 270.724 270.724
1409 270.724 270.724
1410 270.724 270.724
1411 270.724 270.724
1412 270.724 270.724
1413 270.724 270.724
1414 270.724 270.724
1415 270.724 270.724
1416 270.724 270.724
1417 270.724 270.724
1418 270.724 270.724
1419 270.724 270.724
1420 270.724 270.724
1421 270.724 270.724
1422 270.724 270.724
1423 270.724 270.724
1424 270.724 270.724
1425 270.724 270.724
1426 270.724 270.724
1427 270.724 270.724
1428 270.724 270.724
1429 270.724 270.724
1430 270.724 270.724
1431 270.724 270.724
1432 270.724 270.724
1433 270.724 270.724
1434 270.724 270.724
1435 270.724 270.724
1436 270.724 270.724
1437 270.724 270.724
1438 270.724 270.724
1439 270.724 270.724
1440 270.724 270.724
1441 270.724 270.724
1442 270.724 270.724
1443 270.724 270.724
1444 270.724 270.724
1445 270.724 270.724
1446 270.724 270.724
1447 270.724 270.724
1448 270.724 270.724
1449 270.724 270.724
1450 270.724 270.724
1451 270.724 270.724
1452 270.724 270.724
1453 270.724 270.724
1454 270.724 270.724
1455 270.724 270.724
1456 270.724 270.724
1457 270.724 270.724
1458 270.724 270.724
1459 270.724 270.724
1460 270.724 270.724
1461 270.724 270.724
1462 270.724 270.724
1463 270.724 270.724
1464 270.724 270.724
1465 270.724 270.724
1466 270.724 270.724
1467 270.724 270.724
1468 270.724 270.724
1469 270.724 270.724
1470 270.724 270.724
1471 270.724 270.724
1472 270.724 270.724
1473 270.724 270.724
1474 270.724 270.724
1475 270.724 270.724
1476 270.724 270.724
1477 270.724 270.724
1478 270.724 270.724
1479 270.724 270.724
1480 270.724 270.724
1481 270.724 270.724
1482 270.724 270.724
1483 270.724 270.724
1484 270.724 270.724
1485 270.724 270.724
1486 270.724 270.724
1487 270.724 270.724
1488 270.724 270.724
1489 270.724 270.724
1490 270.724 270.724
1491 270.724 270.724
1492 270.724 270.724
1493 270.724 270.724
1494 270.724 270.724
1495 270.724 270.724
1496 270.724 270.724
1497 270.724 270.724
1498 270.724 270.724
1499 270.724 270.724
1500 270.724 270.724
1501 270.724 270.724
1502 270.724 270.724
1503 270.724 270.724
1504 270.724 270.724
1505 270.724 270.724
1506 270.724 270.724
1507 270.724 270.724
1508 270.724 270.724
1509 270.724 270.724
1510 270.724 270.724
1511 270.724 270.724
1512 270.724 270.724
1513 270.724 270.724
1514 270.724 270.724
1515 270.724 270.724
1516 270.724 270.724
1517 270.724 270.724
1518 270.724 270.724
1519 270.724 270.724
1520 270.724 270.724
1521 270.724 270.724
1522 270.724 270.724
1523 270.724 270.724
1524 270.724 270.724
1525 270.724 270.724
1526 270.724 270.724
1527 270.724 270.724
1528 270.724 270.724
1529 270.724 270.724
1530 270.724 270.724
1531 270.724 270.724
1532 270.724 270.724
1533 270.724 270.724
1534 270.724 270.724
1535 270.724 270.724
1536 270.724 270.724
1537 270.724 270.724
1538 270.724 270.724
1539 270.724 270.724
1540 270.724 270.724
1541 270.724 270.724
1542 270.724 270.724
1543 270.724 270.724
1544 270.724 270.724
1545 270.724 270.724
1546 270.724 270.724
1547 270.724 270.724
1548 270.724 270.724
1549 270.724 270.724
1550 270.724 270.724
1551 270.724 270.724
1552 270.724 270.724
1553 270.724 270.724
1554 270.724 270.724
1555 270.724 270.724
1556 270.724 270.724
1557 270.724 270.724
1558 270.724 270.724
1559 270.724 270.724
1560 270.724 270.724
1561 270.724 270.724
1562 270.724 270.724
1563 270.724 270.724
1564 270.724 270.724
1565 270.724 270.724
1566 270.724 270.724
1567 270.724 270.724
1568 270.724 270.724
1569 270.724 270.724
1570 270.724 270.724
1571 270.724 270.724
1572 270.724 270.724
1573 270.724 270.724
1574 270.724 270.724
1575 270.724 270.724
1576 270.724 270.724
1577 270.724 270.724
1578 270.724 270.724
1579 270.724 270.724
1580 270.724 270.724
1581 270.724 270.724
1582 270.724 270.724
1583 270.724 270.724
1584 270.724 270.724
1585 270.724 270.724
1586 270.724 270.724
1587 270.724 270.724
1588 270.724 270.724
1589 270.724 270.724
1590 270.724 270.724
1591 270.724 270.724
1592 270.724 270.724
1593 270.724 270.724
1594 270.724 270.724
1595 270.724 270.724
1596 270.724 270.724
1597 270.724 270.724
1598 270.724 270.724
1599 270.724 270.724
1600 270.724 270.724
1601 270.724 270.724
1602 270.724 270.724
1603 270.724 270.724
1604 270.724 270.724
1605 270.724 270.724
1606 270.724 270.724
1607 270.724 270.724
1608 270.724 270.724
1609 270.724 270.724
1610 270.724 270.724
1611 270.724 270.724
1612 270.724 270.724
1613 270.724 270.724
1614 270.724 270.724
1615 270.724 270.724
1616 270.724 270.724
1617 270.724 270.724
1618 270.724 270.724
1619 270.724 270.724
1620 270.724 270.724
1621 270.724 270.724
1622 270.724 270.724
1623 270.724 270.724
1624 270.724 270.724
1625 270.724 270.724
1626 270.724 270.724
1627 270.724 270.724
1628 270.724 270.724
1629 270.724 270.724
1630 270.724 270.724
1631 270.724 270.724
1632 270.724 270.724
1633 270.724 270.724
1634 270.724 270.724
1635 270.724 270.724
1636 270.724 270.724
1637 270.724 270.724
1638 270.724 270.724
1639 270.724 270.724
1640 270.724 270.724
1641 270.724 270.724
1642 270.724 270.724
1643 270.724 270.724
1644 270.724 270.724
1645 270.724 270.724
1646 270.724 270.724
1647 270.724 270.724
1648 270.724 270.724
1649 270.724 270.724
1650 270.724 270.724
1651 270.724 270.724
1652 270.724 270.724
1653 270.724 270.724
1654 270.724 270.724
1655 270.724 270.724
1656 270.724 270.724
1657 270.724 270.724
1658 270.724 270.724
1659 270.724 270.724
1660 270.724 270.724
1661 270.724 270.724
1662 270.724 270.724
1663 270.724 270.724
1664 270.724 270.724
1665 270.724 270.724
1666 270.724 270.724
1667 270.724 270.724
1668 270.724 270.724
1669 270.724 270.724
1670 270.724 270.724
1671 270.724 270.724
1672 270.724 270.724
1673 270.724 270.724
1674 270.724 270.724
1675 270.724 270.724
1676 270.724 270.724
1677 270.724 270.724
1678 270.724 270.724
1679 270.724 270.724
1680 270.724 270.724
1681 270.724 270.724
1682 270.724 270.724
1683 270.724 270.724
1684 270.724 270.724
1685 270.724 270.724
1686 270.724 270.724
1687 270.724 270.724
1688 270.724 270.724
1689 270.724 270.724
1690 270.724 270.724
1691 270.724 270.724
1692 270.724 270.724
1693 270.724 270.724
1694 270.724 270.724
1695 270.724 270.724
1696 270.724 270.724
1697 270.724 270.724
1698 270.724 270.724
1699 270.724 270.724
1700 270.724 270.724
1701 270.724 270.724
1702 270.724 270.724
1703 270.724 270.724
1704 270.724 270.724
1705 270.724 270.724
1706 270.724 270.724
1707 270.724 270.724
1708 270.724 270.724
1709 270.724 270.724
1710 270.724 270.724
1711 270.724 270.724
1712 270.724 270.724
1713 270.724 270.724
1714 270.724 270.724
1715 270.724 270.724
1716 270.724 270.724
1717 270.724 270.724
1718 270.724 270.724
1719 270.724 270.724
1720 270.724 270.724
1721 270.724 270.724
1722 270.724 270.724
1723 270.724 270.724
1724 270.724 270.724
1725 270.724 270.724
1726 270.724 270.724
1727 270.724 270.724
1728 270.724 270.724
1729 270.724 270.724
1730 270.724 270.724
1731 270.724 270.724
1732 270.724 270.724
1733 270.724 270.724
1734 270.724 270.724
1735 270.724 270.724
1736 270.724 270.724
1737 270.724 270.724
1738 270.724 270.724
1739 270.724 270.724
1740 270.724 270.724
1741 270.724 270.724
1742 270.724 270.724
1743 270.724 270.724
1744 270.724 270.724
1745 270.724 270.724
1746 270.724 270.724
1747 270.724 270.724
1748 270.724 270.724
1749 270.724 270.724
1750 270.724 270.724
1751 270.724 270.724
1752 270.724 270.724
1753 270.724 270.724
1754 270.724 270.724
1755 270.724 270.724
1756 270.724 270.724
1757 270.724 270.724
1758 270.724 270.724
1759 270.724 270.724
1760 270.724 270.724
1761 270.724 270.724
1762 270.724 270.724
1763 270.724 270.724
1764 270.724 270.724
1765 270.724 270.724
1766 270.724 270.724
1767 270.724 270.724
1768 270.724 270.724
1769 270.724 270.724
1770 270.724 270.724
1771 270.724 270.724
1772 270.724 270.724
1773 270.724 270.724
1774 270.724 270.724
1775 270.724 270.724
1776 270.724 270.724
1777 270.724 270.724
1778 270.724 270.724
1779 270.724 270.724
1780 270.724 270.724
1781 270.724 270.724
1782 270.724 270.724
1783 270.724 270.724
1784 270.724 270.724
1785 270.724 270.724
1786 270.724 270.724
1787 270.724 270.724
1788 270.724 270.724
1789 270.724 270.724
1790 270.724 270.724
1791 270.724 270.724
1792 270.724 270.724
1793 270.724 270.724
1794 270.724 270.724
1795 270.724 270.724
1796 270.724 270.724
1797 270.724 270.724
1798 270.724 270.724
1799 270.724 270.724
1800 270.724 270.724
1801 270.724 270.724
1802 270.724 270.724
1803 270.724 270.724
1804 270.724 270.724
1805 270.724 270.724
1806 270.724 270.724
1807 270.724 270.724
1808 270.724 270.724
1809 270.724 270.724
1810 270.724 270.724
1811 270.724 270.724
1812 270.724 270.724
1813 270.724 270.724
1814 270.724 270.724
1815 270.724 270.724
1816 270.724 270.724
1817 270.724 270.724
1818 270.724 270.724
1819 270.724 270.724
1820 270.724 270.724
1821 270.724 270.724
1822 270.724 270.724
1823 270.724 270.724
1824 270.724 270.724
1825 270.724 270.724
1826 270.724 270.724
1827 270.724 270.724
1828 270.724 270.724
1829 270.724 270.724
1830 270.724 270.724
1831 270.724 270.724
1832 270.724 270.724
1833 270.724 270.724
1834 270.724 270.724
1835 270.724 270.724
1836 270.724 270.724
1837 270.724 270.724
1838 270.724 270.724
1839 270.724 270.724
1840 270.724 270.724
1841 270.724 270.724
1842 270.724 270.724
1843 270.724 270.724
1844 270.724 270.724
1845 270.724 270.724
1846 270.724 270.724
1847 270.724 270.724
1848 270.724 270.724
1849 270.724 270.724
1850 270.724 270.724
1851 270.724 270.724
1852 270.724 270.724
1853 270.724 270.724
1854 270.724 270.724
1855 270.724 270.724
1856 270.724 270.724
1857 270.724 270.724
1858 270.724 270.724
1859 270.724 270.724
1860 270.724 270.724
1861 270.724 270.724
1862 270.724 270.724
1863 270.724 270.724
1864 270.724 270.724
1865 270.724 270.724
1866 270.724 270.724
1867 270.724 270.724
1868 270.724 270.724
1869 270.724 270.724
1870 270.724 270.724
1871 270.724 270.724
1872 270.724 270.724
1873 270.724 270.724
1874 270.724 270.724
1875 270.724 270.724
1876 270.724 270.724
1877 270.724 270.724
1878 270.724 270.724
1879 270.724 270.724
1880 270.724 270.724
1881 270.724 270.724
1882 270.724 270.724
1883 270.724 270.724
1884 270.724 270.724
1885 270.724 270.724
1886 270.724 270.724
1887 270.724 270.724
1888 270.724 270.724
1889 270.724 270.724
1890 270.724 270.724
1891 270.724 270.724
1892 270.724 270.724
1893 270.724 270.724
1894 270.724 270.724
1895 270.724 270.724
1896 270.724 270.724
1897 270.724 270.724
1898 270.724 270.724
1899 270.724 270.724
1900 270.724 270.724
1901 270.724 270.724
1902 270.724 270.724
1903 270.724 270.724
1904 270.724 270.724
1905 270.724 270.724
1906 270.724 270.724
1907 270.724 270.724
1908 270.724 270.724
1909 270.724 270.724
1910 270.724 270.724
1911 270.724 270.724
1912 270.724 270.724
1913 270.724 270.724
1914 270.724 270.724
1915 270.724 270.724
1916 270.724 270.724
1917 270.724 270.724
1918 270.724 270.724
1919 270.724 270.724
1920 270.724 270.724
1921 270.724 270.724
1922 270.724 270.724
1923 270.724 270.724
1924 270.724 270.724
1925 270.724 270.724
1926 270.724 270.724
1927 270.724 270.724
1928 270.724 270.724
1929 270.724 270.724
1930 270.724 270.724
1931 270.724 270.724
1932 270.724 270.724
1933 270.724 270.724
1934 270.724 270.724
1935 270.724 270.724
1936 270.724 270.724
1937 270.724 270.724
1938 270.724 270.724
1939 270.724 270.724
1940 270.724 270.724
1941 270.724 270.724
1942 270.724 270.724
1943 270.724 270.724
1944 270.724 270.724
1945 270.724 270.724
1946 270.724 270.724
1947 270.724 270.724
1948 270.724 270.724
1949 270.724 270.724
1950 270.724 270.724
1951 270.724 270.724
1952 270.724 270.724
1953 270.724 270.724
1954 270.724 270.724
1955 270.724 270.724
1956 270.724 270.724
1957 270.724 270.724
1958 270.724 270.724
1959 270.724 270.724
1960 270.724 270.724
1961 270.724 270.724
1962 270.724 270.724
1963 270.724 270.724
1964 270.724 270.724
1965 270.724 270.724
1966 270.724 270.724
1967 270.724 270.724
1968 270.724 270.724
1969 270.724 270.724
1970 270.724 270.724
1971 270.724 270.724
1972 270.724 270.724
1973 270.724 270.724
1974 270.724 270.724
1975 270.724 270.724
1976 270.724 270.724
1977 270.724 270.724
1978 270.724 270.724
1979 270.724 270.724
1980 270.724 270.724
1981 270.724 270.724
1982 270.724 270.724
1983 270.724 270.724
1984 270.724 270.724
1985 270.724 270.724
1986 270.724 270.724
1987 270.724 270.724
1988 270.724 270.724
1989 270.724 270.724
1990 270.724 270.724
1991 270.724 270.724
1992 270.724 270.724
1993 270.724 270.724
1994 270.724 270.724
1995 270.724 270.724
1996 270.724 270.724
1997 270.724 270.724
1998 270.724 270.724
1999 270.724 270.724
2000 270.724 270.724
2001 270.724 270.724
2002 270.724 270.724
2003 270.724 270.724
2004 270.724 270.724
2005 270.724 270.724
2006 270.724 270.724
2007 270.724 270.724
2008 270.724 270.724
2009 270.724 270.724
2010 270.724 270.724
2011 270.724 270.724
2012 270.724 270.724
2013 270.724 270.724
2014 270.724 270.724
2015 270.724 270.724
2016 270.724 270.724
2017 270.724 270.724
2018 270.724 270.724
2019 270.724 270.724
2020 270.724 270.724
2021 270.724 270.724
2022 270.724 270.724
2023 270.724 270.724
2024 270.724 270.724
2025 270.724 270.724
2026 270.724 270.724
2027 270.724 270.724
2028 270.724 270.724
2029 270.724 270.724
2030 270.724 270.724
2031 270.724 270.724
2032 270.724 270.724
2033 270.724 270.724
2034 270.724 270.724
2035 270.724 270.724
2036 270.724 270.724
2037 270.724 270.724
2038 270.724 270.724
2039 270.724 270.724
2040 270.724 270.724
2041 270.724 270.724
2042 270.724 270.724
2043 270.724 270.724
2044 270.724 270.724
2045 270.724 270.724
2046 270.724 270.724
2047 270.724 270.724
2048 270.724 270.724
2049 270.724 270.724
2050 270.724 270.724
2051 270.724 270.724
2052 270.724 270.724
2053 270.724 270.724
2054 270.724 270.724
2055 270.724 270.724
2056 270.724 270.724
2057 270.724 270.724
2058 270.724 270.724
2059 270.724 270.724
2060 270.724 270.724
2061 270.724 270.724
2062 270.724 270.724
2063 270.724 270.724
2064 270.724 270.724
2065 270.724 270.724
2066 270.724 270.724
2067 270.724 270.724
2068 270.724 270.724
2069 270.724 270.724
2070 270.724 270.724
2071 270.724 270.724
2072 270.724 270.724
2073 270.724 270.724
2074 270.724 270.724
2075 270.724 270.724
2076 270.724 270.724
2077 270.724 270.724
2078 270.724 270.724
2079 270.724 270.724
2080 270.724 270.724
2081 270.724 270.724
2082 270.724 270.724
2083 270.724 270.724
2084 270.724 270.724
2085 270.724 270.724
2086 270.724 270.724
2087 270.724 270.724
2088 270.724 270.724
2089 270.724 270.724
2090 270.724 270.724
2091 270.724 270.724
2092 270.724 270.724
2093 270.724 270.724
2094 270.724 270.724
2095 270.724 270.724
2096 270.724 270.724
2097 270.724 270.724
2098 270.724 270.724
2099 270.724 270.724
2100 270.724 270.724
2101 270.724 270.724
2102 270.724 270.724
2103 270.724 270.724
2104 270.724 270.724
2105 270.724 270.724
2106 270.724 270.724
2107 270.724 270.724
2108 270.724 270.724
2109 270.724 270.724
2110 270.724 270.724
2111 270.724 270.724
2112 270.724 270.724
2113 270.724 270.724
2114 270.724 270.724
2115 270.724 270.724
2116 270.724 270.724
2117 270.724 270.724
2118 270.724 270.724
2119 270.724 270.724
2120 270.724 270.724
2121 270.724 270.724
2122 270.724 270.724
2123 270.724 270.724
2124 270.724 270.724
2125 270.724 270.724
2126 270.724 270.724
2127 270.724 270.724
2128 270.724 270.724
2129 270.724 270.724
2130 270.724 270.724
2131 270.724 270.724
2132 270.724 270.724
2133 270.724 270.724
2134 270.724 270.724
2135 270.724 270.724
2136 270.724 270.724
2137 270.724 270.724
2138 270.724 270.724
2139 270.724 270.724
2140 270.724 270.724
2141 270.724 270.724
2142 270.724 270.724
2143 270.724 270.724
2144 270.724 270.724
2145 270.724 270.724
2146 270.724 270.724
2147 270.724 270.724
2148 270.724 270.724
2149 270.724 270.724
2150 270.724 270.724
2151 270.724 270.724
2152 270.724 270.724
2153 270.724 270.724
2154 270.724 270.724
2155 270.724 270.724
2156 270.724 270.724
2157 270.724 270.724
2158 270.724 270.724
2159 270.724 270.724
2160 270.724 270.724
2161 270.724 270.724
2162 270.724 270.724
2163 270.724 270.724
2164 270.724 270.724
2165 270.724 270.724
2166 270.724 270.724
2167 270.724 270.724
2168 270.724 270.724
2169 270.724 270.724
2170 270.724 270.724
2171 270.724 270.724
2172 270.724 270.724
2173 270.724 270.724
2174 270.724 270.724
2175 270.724 270.724
2176 270.724 270.724
2177 270.724 270.724
2178 270.724 270.724
2179 270.724 270.724
2180 270.724 270.724
2181 270.724 270.724
2182 270.724 270.724
2183 270.724 270.724
2184 270.724 270.724
2185 270.724 270.724
2186 270.724 270.724
2187 270.724 270.724
2188 270.724 270.724
2189 270.724 270.724
2190 270.724 270.724
2191 270.724 270.724
2192 270.724 270.724
2193 270.724 270.724
2194 270.724 270.724
2195 270.724 270.724
2196 270.724 270.724
2197 270.724 270.724
2198 270.724 270.724
2199 270.724 270.724
2200 270.724 270.724
2201 270.724 270.724
2202 270.724 270.724
2203 270.724 270.724
2204 270.724 270.724
2205 270.724 270.724
2206 270.724 270.724
2207 270.724 270.724
2208 270.724 270.724
2209 270.724 270.724
2210 270.724 270.724
2211 270.724 270.724
2212 270.724 270.724
2213 270.724 270.724
2214 270.724 270.724
2215 270.724 270.724
2216 270.724 270.724
2217 270.724 270.724
2218 270.724 270.724
2219 270.724 270.724
2220 270.724 270.724
2221 270.724 270.724
2222 270.724 270.724
2223 270.724 270.724
2224 270.724 270.724
2225 270.724 270.724
2226 270.724 270.724
2227 270.724 270.724
2228 270.724 270.724
2229 270.724 270.724
2230 270.724 270.724
2231 270.724 270.724
2232 270.724 270.724
2233 270.724 270.724
2234 270.724 270.724
2235 270.724 270.724
2236 270.724 270.724
2237 270.724 270.724
2238 270.724 270.724
2239 270.724 270.724
2240 270.724 270.724
2241 270.724 270.724
2242 270.724 270.724
2243 270.724 270.724
2244 270.724 270.724
2245 270.724 270.724
2246 270.724 270.724
2247 270.724 270.724
2248 270.724 270.724
2249 270.724 270.724
2250 270.724 270.724
2251 270.724 270.724
2252 270.724 270.724
2253 270.724 270.724
2254 270.724 270.724
2255 270.724 270.724
2256 270.724 270.724
2257 270.724 270.724
2258 270.724 270.724
2259 270.724 270.724
2260 270.724 270.724
2261 270.724 270.724
2262 270.724 270.724
2263 270.724 270.724
2264 270.724 270.724
2265 270.724 270.724
2266 270.724 270.724
2267 270.724 270.724
2268 270.724 270.724
2269 270.724 270.724
2270 270.724 270.724
2271 270.724 270.724
2272 270.724 270.724
2273 270.724 270.724
2274 270.724 270.724
2275 270.724 270.724
2276 270.724 270.724
2277 270.724 270.724
2278 270.724 270.724
2279 270.724 270.724
2280 270.724 270.724
2281 270.724 270.724
2282 270.724 270.724
2283 270.724 270.724
2284 270.724 270.724
2285 270.724 270.724
2286 270.724 270.724
2287 270.724 270.724
2288 270.724 270.724
2289 270.724 270.724
2290 270.724 270.724
2291 270.724 270.724
2292 270.724 270.724
2293 270.724 270.724
2294 270.724 270.724
2295 270.724 270.724
2296 270.724 270.724
2297 270.724 270.724
2298 270.724 270.724
2299 270.724 270.724
2300 270.724 270.724
2301 270.724 270.724
2302 270.724 270.724
2303 270.724 270.724
2304 270.724 270.724
2305 270.724 270.724
2306 270.724 270.724
2307 270.724 270.724
2308 270.724 270.724
2309 270.724 270.724
2310 270.724 270.724
2311 270.724 270.724
2312 270.724 270.724
2313 270.724 270.724
2314 270.724 270.724
2315 270.724 270.724
2316 270.724 270.724
2317 270.724 270.724
2318 270.724 270.724
2319 270.724 270.724
2320 270.724 270.724
2321 270.724 270.724
2322 270.724 270.724
2323 270.724 270.724
2324 270.724 270.724
2325 270.724 270.724
2326 270.724 270.724
2327 270.724 270.724
2328 270.724 270.724
2329 270.724 270.724
2330 270.724 270.724
2331 270.724 270.724
2332 270.724 270.724
2333 270.724 270.724
2334 270.724 270.724
2335 270.724 270.724
2336 270.724 270.724
2337 270.724 270.724
2338 270.724 270.724
2339 270.724 270.724
2340 270.724 270.724
2341 270.724 270.724
2342 270.724 270.724
2343 270.724 270.724
2344 270.724 270.724
2345 270.724 270.724
2346 270.724 270.724
2347 270.724 270.724
2348 270.724 270.724
2349 270.724 270.724
2350 270.724 270.724
2351 270.724 270.724
2352 270.724 270.724
2353 270.724 270.724
2354 270.724 270.724
2355 270.724 270.724
2356 270.724 270.724
2357 270.724 270.724
2358 270.724 270.724
2359 270.724 270.724
2360 270.724 270.724
2361 270.724 270.724
2362 270.724 270.724
2363 270.724 270.724
2364 270.724 270.724
2365 270.724 270.724
2366 270.724 270.724
2367 270.724 270.724
2368 270.724 270.724
2369 270.724 270.724
2370 270.724 270.724
2371 270.724 270.724
2372 270.724 270.724
2373 270.724 270.724
2374 270.724 270.724
2375 270.724 270.724
2376 270.724 270.724
2377 270.724 270.724
2378 270.724 270.724
2379 270.724 270.724
2380 270.724 270.724
2381 270.724 270.724
2382 270.724 270.724
2383 270.724 270.724
2384 270.724 270.724
2385 270.724 270.724
2386 270.724 270.724
2387 270.724 270.724
2388 270.724 270.724
2389 270.724 270.724
2390 270.724 270.724
2391 270.724 270.724
2392 270.724 270.724
2393 270.724 270.724
2394 270.724 270.724
2395 270.724 270.724
2396 270.724 270.724
2397 270.724 270.724
2398 270.724 270.724
2399 270.724 270.724
2400 270.724 270.724
2401 270.724 270.724
2402 270.724 270.724
2403 270.724 270.724
2404 270.724 270.724
2405 270.724 270.724
2406 270.724 270.724
2407 270.724 270.724
2408 270.724 270.724
2409 270.724 270.724
2410 270.724 270.724
2411 270.724 270.724
2412 270.724 270.724
2413 270.724 270.724
2414 270.724 270.724
2415 270.724 270.724
2416 270.724 270.724
2417 270.724 270.724
2418 270.724 270.724
2419 270.724 270.724
2420 270.724 270.724
2421 270.724 270.724
2422 270.724 270.724
2423 270.724 270.724
2424 270.724 270.724
2425 270.724 270.724
2426 270.724 270.724
2427 270.724 270.724
2428 270.724 270.724
2429 270.724 270.724
2430 270.724 270.724
2431 270.724 270.724
2432 270.724 270.724
2433 270.724 270.724
2434 270.724 270.724
2435 270.724 270.724
2436 270.724 270.724
2437 270.724 270.724
2438 270.724 270.724
2439 270.724 270.724
2440 270.724 270.724
2441 270.724 270.724
2442 270.724 270.724
2443 270.724 270.724
2444 270.724 270.724
2445 270.724 270.724
2446 270.724 270.724
2447 270.724 270.724
2448 270.724 270.724
2449 270.724 270.724
2450 270.724 270.724
2451 270.724 270.724
2452 270.724 270.724
2453 270.724 270.724
2454 270.724 270.724
2455 270.724 270.724
2456 270.724 270.724
2457 270.724 270.724
2458 270.724 270.724
2459 270.724 270.724
2460 270.724 270.724
2461 270.724 270.724
2462 270.724 270.724
2463 270.724 270.724
2464 270.724 270.724
2465 270.724 270.724
2466 270.724 270.724
2467 270.724 270.724
2468 270.724 270.724
2469 270.724 270.724
2470 270.724 270.724
2471 270.724 270.724
2472 270.724 270.724
2473 270.724 270.724
2474 270.724 270.724
2475 270.724 270.724
2476 270.724 270.724
2477 270.724 270.724
2478 270.724 270.724
2479 270.724 270.724
2480 270.724 270.724
2481 270.724 270.724
2482 270.724 270.724
2483 270.724 270.724
2484 270.724 270.724
2485 270.724 270.724
2486 270.724 270.724
2487 270.724 270.724
2488 270.724 270.724
2489 270.724 270.724
2490 270.724 270.724
2491 270.724 270.724
2492 270.724 270.724
2493 270.724 270.724
2494 270.724 270.724
2495 270.724 270.724
2496 270.724 270.724
2497 270.724 270.724
2498 270.724 270.724
2499 270.724 270.724
