0 854.808 993.833
1 792.599 930.682
2 776.057 895.421
3 764.169 857.436
4 745.049 828.153
5 741.77 810.448
6 720.753 797.019
7 717.672 784.339
8 708.471 770.273
9 683.688 751.728
10 667.203 732.024
11 661.093 710.199
12 629.924 699.401
13 625.408 685.393
14 614.483 670.477
15 614.483 649.755
16 608.631 640.692
17 600.139 626.233
18 595.261 613.898
19 593.474 606.862
20 580.093 603.25
21 576.405 602.236
22 577.982 599.208
23 567.225 592.811
24 567.225 591.809
25 556.199 583.781
26 552.233 575.894
27 547.34 570.304
28 547.34 566.155
29 546.914 558.84
30 544.821 551.961
31 544.821 548.106
32 544.821 546.641
33 529.549 546.283
34 522.32 543.965
35 522.32 541.18
36 522.32 535.42
37 507.057 528.407
38 506.631 521.257
39 506.631 516.323
40 497.037 509.385
41 497.037 505.047
42 497.037 502.005
43 497.037 497.584
44 493.191 496.944
45 493.191 496.702
46 481.009 495.891
47 481.009 497.042
48 470.044 492.614
49 464.737 484.575
50 464.737 478.175
51 464.737 470.703
52 464.737 468.37
53 464.212 466.207
54 464.152 464.82
55 464.152 464.524
56 460.51 464.164
57 455.627 463.535
58 455.042 461.59
59 455.042 459.415
60 455.042 457.051
61 455.042 455.475
62 455.042 455.171
63 450.176 454.994
64 441.479 454.384
65 441.479 453.354
66 441.479 451.978
67 441.479 450.432
68 441.479 448.22
69 441.479 446.175
70 441.479 442.534
71 441.479 442.213
72 426.093 441.743
73 425.177 439.765
74 425.177 436.908
75 425.177 432.468
76 425.177 427.01
77 425.177 425.452
78 425.177 425.177
79 420.986 425.115
80 420.986 424.769
81 420.986 424.746
82 420.986 424.858
83 414.271 423.252
84 414.271 427.018
85 418.525 428.925
86 418.525 425.453
87 418.525 423.136
88 417.067 420.908
89 417.067 419.152
90 417.067 418.193
91 416.947 417.972
92 414.744 417.225
93 413.286 416.938
94 413.286 416.607
95 413.2 416.401
96 413.2 414.845
97 411.036 413.341
98 405.666 412.998
99 405.666 412.71
100 405.666 412.231
101 403.501 410.705
102 402.125 410.239
103 402.125 407.869
104 401.67 407.85
105 401.67 405.63
106 401.67 403.357
107 401.67 402.325
108 401.67 402.021
109 401.67 401.702
110 401.67 401.67
111 401.67 401.67
112 398.038 401.634
113 397.959 401.232
114 397.872 400.344
115 397.794 399.422
116 397.794 398.088
117 397.794 397.885
118 397.794 397.84
119 391.604 397.733
120 391.604 396.874
121 391.604 395.591
122 391.604 393.04
123 391.604 391.895
124 391.604 391.604
125 387.591 391.527
126 387.591 391.218
127 387.591 390.481
128 387.591 389.175
129 385.902 388.519
130 385.902 387.4
131 384.145 387.027
132 377.632 386.044
133 377.632 384.345
134 375.875 382.231
135 375.875 379.159
136 375.875 376.55
137 375.875 376.107
138 375.875 375.875
139 375.875 375.875
140 375.875 375.875
141 375.875 375.875
142 373.367 375.85
143 373.367 375.775
144 373.367 375.262
145 373.367 374.571
146 373.367 373.743
147 373.367 373.367
148 372.985 373.363
149 372.985 373.34
150 371.692 373.22
151 370.405 372.917
152 370.024 372.318
153 370.024 371.761
154 370.024 371.152
155 370.024 370.317
156 370.024 370.081
157 370.024 370.028
158 370.024 370.024
159 370.024 370.024
160 370.024 370.024
161 369.096 370.015
162 369.096 369.978
163 369.096 369.801
164 369.096 369.523
165 369.096 369.291
166 369.096 369.096
167 369.096 369.096
168 369.096 369.096
169 368.375 369.089
170 368.375 369.022
171 368.375 368.838
172 368.375 368.578
173 368.375 368.385
174 367.888 368.37
175 367.888 368.316
176 367.888 368.151
177 367.888 367.961
178 367.888 367.888
179 367.888 367.888
180 367.888 367.888
181 367.888 367.888
182 367.888 367.888
183 367.888 367.888
184 367.888 367.888
185 367.888 367.888
186 367.888 367.888
187 367.888 367.888
188 367.888 367.888
189 367.888 367.888
190 367.888 367.888
191 367.888 367.888
192 367.888 367.888
193 367.888 367.888
194 367.888 367.888
195 367.888 367.888
196 367.888 367.888
197 367.888 367.888
198 367.888 367.888
199 367.888 367.888
200 367.888 367.888
201 367.888 367.888
202 367.888 367.888
203 367.888 367.888
204 367.888 367.888
205 367.888 367.888
206 367.888 367.888
207 367.888 367.888
208 366.639 367.852
209 359.899 367.641
210 359.899 367.232
211 359.899 366.789
212 358.427 365.928
213 357.067 366.608
214 351.791 362.816
215 351.791 360.444
216 351.791 360.108
217 351.119 357.451
218 351.119 354.3
219 351.119 351.859
220 351.119 351.321
221 346.836 351.076
222 346.836 350.717
223 346.836 350.021
224 346.836 348.458
225 346.836 347.743
226 346.836 347.203
227 346.836 346.836
228 346.836 346.836
229 346.836 346.836
230 346.836 346.836
231 346.836 346.836
232 346.836 346.836
233 346.836 346.836
234 346.836 346.836
235 346.836 346.836
236 345.123 346.819
237 345.123 346.819
238 345.123 346.819
239 346.836 346.836
240 346.836 346.836
241 346.836 346.836
242 346.836 346.836
243 346.836 346.836
244 346.836 346.836
245 346.836 346.836
246 346.836 346.836
247 346.836 346.836
248 346.836 346.836
249 340.341 346.753
250 304.914 344.347
251 304.914 341.853
252 304.914 338.927
253 304.914 334.456
254 304.914 330.887
255 304.914 321.778
256 304.914 316.867
257 304.914 308.683
258 304.914 305.808
259 304.914 304.917
260 304.914 304.914
261 301.153 304.876
262 301.153 304.533
263 301.141 303.699
264 301.141 302.794
265 300.692 302.461
266 300.692 301.441
267 300.692 300.958
268 300.692 300.845
269 300.692 300.692
270 300.692 300.692
271 300.692 300.692
272 300.692 300.692
273 300.692 300.692
274 300.692 300.692
275 300.692 300.692
276 300.692 300.692
277 300.692 300.692
278 300.692 300.692
279 300.692 300.692
280 300.692 300.692
281 300.692 300.692
282 300.692 300.692
283 300.692 300.692
284 300.692 300.692
285 300.692 300.692
286 300.692 300.692
287 300.692 300.692
288 300.692 300.692
289 300.692 300.692
290 300.692 300.692
291 300.692 300.692
292 300.692 300.692
293 300.692 300.692
294 300.692 300.692
295 300.692 300.692
296 300.692 300.692
297 300.692 300.692
298 300.692 300.692
299 300.692 300.692
300 300.692 300.692
301 300.692 300.692
302 293.756 300.553
303 293.756 299.032
304 293.756 295.478
305 293.756 294.581
306 293.756 293.756
307 293.756 293.756
308 293.756 293.756
309 293.756 293.756
310 293.756 293.756
311 293.756 293.756
312 293.756 293.756
313 293.756 293.756
314 293.756 293.756
315 293.756 293.756
316 293.469 293.753
317 293.469 293.73
318 293.469 293.661
319 293.469 293.524
320 293.469 293.469
321 293.469 293.469
322 293.469 293.469
323 293.469 293.469
324 293.469 293.469
325 293.469 293.469
326 292.621 293.461
327 292.621 293.359
328 292.621 293.028
329 292.621 292.646
330 292.621 292.621
331 292.621 292.621
332 292.621 292.621
333 292.621 292.621
334 292.621 292.621
335 292.621 292.621
336 292.621 292.621
337 292.621 292.621
338 292.621 292.621
339 292.621 292.621
340 292.621 292.621
341 292.621 292.621
342 292.621 292.621
343 292.621 292.621
344 292.621 292.621
345 292.621 292.621
346 292.621 292.621
347 292.621 292.621
348 292.621 292.621
349 292.621 292.621
350 292.621 292.621
351 292.621 292.621
352 292.621 292.621
353 292.621 292.621
354 292.621 292.621
355 292.621 292.621
356 292.621 292.621
357 292.621 292.621
358 292.621 292.621
359 292.621 292.621
360 292.621 292.621
361 292.621 292.621
362 292.621 292.621
363 292.621 292.621
364 292.621 292.621
365 292.621 292.621
366 292.621 292.621
367 292.621 292.621
368 292.621 292.621
369 292.621 292.621
370 292.621 292.621
371 292.621 292.621
372 292.621 292.621
373 292.621 292.621
374 292.621 292.621
375 292.621 292.621
376 292.621 292.621
377 292.621 292.621
378 292.621 292.621
379 292.621 292.621
380 292.621 292.621
381 282.866 292.523
382 282.866 291.999
383 282.866 291.186
384 282.866 288.586
385 282.866 285.887
386 282.866 284.873
387 282.866 283.735
388 282.866 282.866
389 282.866 282.866
390 282.866 282.866
391 282.866 282.866
392 282.866 282.866
393 282.866 282.866
394 282.866 282.866
395 282.866 282.866
396 282.866 282.866
397 282.866 282.866
398 282.866 282.866
399 282.866 282.866
400 282.866 282.866
401 282.866 282.866
402 282.866 282.866
403 282.866 282.866
404 282.866 282.866
405 282.866 282.866
406 282.866 282.866
407 282.866 282.866
408 282.866 282.866
409 282.866 282.866
410 282.866 282.866
411 282.866 282.866
412 282.866 282.866
413 282.866 282.866
414 282.866 282.866
415 282.866 282.866
416 282.866 282.866
417 282.866 282.866
418 282.866 282.866
419 282.866 282.866
420 282.866 282.866
421 282.866 282.866
422 282.866 282.866
423 282.866 282.866
424 282.866 282.866
425 282.866 282.866
426 282.866 282.866
427 282.866 282.866
428 282.866 282.866
429 282.866 282.866
430 282.866 282.866
431 282.866 282.866
432 282.866 282.866
433 282.866 282.866
434 282.866 282.866
435 282.866 282.866
436 282.866 282.866
437 282.866 282.866
438 282.866 282.866
439 282.866 282.866
440 282.866 282.866
441 282.866 282.866
442 282.866 282.866
443 282.866 282.866
444 282.866 282.866
445 282.866 282.866
446 282.866 282.866
447 282.866 282.866
448 282.866 282.866
449 282.866 282.866
450 282.866 282.866
451 282.866 282.866
452 282.866 282.866
453 282.866 282.866
454 282.866 282.866
455 281.325 282.851
456 281.325 282.728
457 281.325 282.233
458 281.325 281.801
459 281.325 281.354
460 281.325 281.325
461 281.325 281.325
462 281.325 281.325
463 281.325 281.325
464 281.325 281.325
465 281.325 281.325
466 281.325 281.325
467 281.325 281.325
468 281.325 281.325
469 281.325 281.325
470 281.325 281.325
471 281.325 281.325
472 281.325 281.325
473 281.325 281.325
474 281.325 281.325
475 281.325 281.325
476 281.325 281.325
477 281.325 281.325
478 281.325 281.325
479 281.325 281.325
480 281.325 281.325
481 281.325 281.325
482 281.325 281.325
483 281.325 281.325
484 281.325 281.325
485 281.325 281.325
486 281.325 281.325
487 281.325 281.325
488 281.325 281.325
489 281.325 281.325
490 281.325 281.325
491 281.325 281.325
492 281.325 281.325
493 281.325 281.325
494 281.325 281.325
495 281.325 281.325
496 281.325 281.325
497 281.325 281.325
498 281.325 281.325
499 281.325 281.325
500 281.325 281.325
501 281.325 281.325
502 281.325 281.325
503 281.325 281.325
504 281.325 281.325
505 281.325 281.325
506 281.325 281.325
507 281.325 281.325
508 281.325 281.325
509 281.325 281.325
510 281.325 281.325
511 281.325 281.325
512 281.325 281.325
513 281.325 281.325
514 281.325 281.325
515 281.325 281.325
516 281.325 281.325
517 281.325 281.325
518 281.325 281.325
519 281.325 281.325
520 281.325 281.325
521 281.325 281.325
522 281.325 281.325
523 281.325 281.325
524 281.325 281.325
525 281.325 281.325
526 281.325 281.325
527 281.325 281.325
528 281.325 281.325
529 281.325 281.325
530 281.325 281.325
531 281.325 281.325
532 281.325 281.325
533 281.325 281.325
534 281.325 281.325
535 281.325 281.325
536 281.325 281.325
537 281.325 281.325
538 281.325 281.325
539 281.325 281.325
540 281.325 281.325
541 281.325 281.325
542 281.325 281.325
543 281.325 281.325
544 281.325 281.325
545 281.325 281.325
546 281.325 281.325
547 281.325 281.325
548 281.325 281.325
549 281.325 281.325
550 281.325 281.325
551 281.325 281.325
552 281.325 281.325
553 281.325 281.325
554 281.325 281.325
555 281.325 281.325
556 281.325 281.325
557 281.325 281.325
558 281.325 281.325
559 281.325 281.325
560 281.325 281.325
561 281.325 281.325
562 281.325 281.325
563 281.325 281.325
564 281.325 281.325
565 281.325 281.325
566 281.325 281.325
567 281.325 281.325
568 281.325 281.325
569 281.325 281.325
570 281.325 281.325
571 281.325 281.325
572 281.325 281.325
573 281.325 281.325
574 281.325 281.325
575 281.325 281.325
576 281.325 281.325
577 281.325 281.325
578 281.325 281.325
579 281.325 281.325
580 281.325 281.325
581 281.325 281.325
582 281.325 281.325
583 281.325 281.325
584 281.325 281.325
585 281.325 281.325
586 281.325 281.325
587 281.325 281.325
588 281.325 281.325
589 281.325 281.325
590 281.325 281.325
591 281.325 281.325
592 281.325 281.325
593 281.325 281.325
594 281.325 281.325
595 281.325 281.325
596 281.325 281.325
597 281.325 281.325
598 281.325 281.325
599 281.325 281.325
600 281.325 281.325
601 281.325 281.325
602 281.325 281.325
603 281.325 281.325
604 281.325 281.325
605 281.325 281.325
606 281.325 281.325
607 281.325 281.325
608 280.554 281.317
609 280.554 281.201
610 280.554 280.901
611 280.554 280.639
612 280.554 280.554
613 280.554 280.554
614 277.731 280.526
615 277.731 280.215
616 277.731 279.425
617 277.731 278.381
618 277.731 277.731
619 277.731 277.731
620 277.731 277.731
621 277.731 277.731
622 277.731 277.731
623 277.731 277.731
624 277.731 277.731
625 277.731 277.731
626 277.731 277.731
627 277.731 277.731
628 277.731 277.731
629 277.731 277.731
630 277.731 277.731
631 277.731 277.731
632 277.731 277.731
633 277.731 277.731
634 277.731 277.731
635 277.731 277.731
636 277.731 277.731
637 277.731 277.731
638 277.731 277.731
639 277.731 277.731
640 277.731 277.731
641 277.731 277.731
642 277.731 277.731
643 277.731 277.731
644 277.731 277.731
645 277.731 277.731
646 277.731 277.731
647 277.731 277.731
648 277.731 277.731
649 277.731 277.731
650 277.731 277.731
651 277.731 277.731
652 277.731 277.731
653 277.731 277.731
654 277.731 277.731
655 277.731 277.731
656 277.731 277.731
657 277.731 277.731
658 277.731 277.731
659 277.731 277.731
660 277.731 277.731
661 277.731 277.731
662 277.731 277.731
663 277.731 277.731
664 277.731 277.731
665 277.731 277.731
666 277.731 277.731
667 277.731 277.731
668 277.731 277.731
669 277.731 277.731
670 277.731 277.731
671 277.731 277.731
672 277.731 277.731
673 277.731 277.731
674 277.731 277.731
675 277.731 277.731
676 277.731 277.731
677 277.731 277.731
678 277.731 277.731
679 277.731 277.731
680 277.731 277.731
681 277.731 277.731
682 277.731 277.731
683 277.731 277.731
684 277.731 277.731
685 277.731 277.731
686 277.731 277.731
687 277.731 277.731
688 277.731 277.731
689 277.731 277.731
690 277.731 277.731
691 277.731 277.731
692 277.731 277.731
693 277.731 277.731
694 277.731 277.731
695 277.731 277.731
696 277.731 277.731
697 277.731 277.731
698 277.731 277.731
699 277.731 277.731
700 277.731 277.731
701 277.731 277.731
702 277.731 277.731
703 277.731 277.731
704 277.731 277.731
705 277.731 277.731
706 277.731 277.731
707 277.731 277.731
708 277.731 277.731
709 277.731 277.731
710 277.731 277.731
711 277.731 277.731
712 277.731 277.731
713 277.731 277.731
714 277.731 277.731
715 277.731 277.731
716 277.731 277.731
717 277.731 277.731
718 277.731 277.731
719 277.731 277.731
720 277.731 277.731
721 277.731 277.731
722 277.731 277.731
723 277.731 277.731
724 277.731 277.731
725 277.731 277.731
726 277.731 277.731
727 277.731 277.731
728 277.731 277.731
729 277.731 277.731
730 277.731 277.731
731 277.731 277.731
732 277.731 277.731
733 277.731 277.731
734 277.731 277.731
735 277.731 277.731
736 277.731 277.731
737 277.731 277.731
738 277.731 277.731
739 277.731 277.731
740 277.731 277.731
741 277.731 277.731
742 277.731 277.731
743 277.731 277.731
744 277.731 277.731
745 277.731 277.731
746 277.731 277.731
747 277.731 277.731
748 277.731 277.731
749 277.731 277.731
750 274.915 277.692
751 274.915 277.45
752 274.915 277.056
753 274.915 276.323
754 274.915 275.311
755 274.915 274.915
756 274.915 274.915
757 274.915 274.915
758 274.915 274.915
759 274.915 274.915
760 274.915 274.915
761 274.915 274.915
762 274.915 274.915
763 274.915 274.915
764 274.915 274.915
765 274.915 274.915
766 274.915 274.915
767 274.915 274.915
768 274.915 274.915
769 274.915 274.915
770 274.915 274.915
771 274.915 274.915
772 274.915 274.915
773 274.915 274.915
774 274.915 274.915
775 274.915 274.915
776 274.915 274.915
777 274.915 274.915
778 274.915 274.915
779 274.915 274.915
780 274.915 274.915
781 274.915 274.915
782 274.915 274.915
783 274.915 274.915
784 274.915 274.915
785 274.915 274.915
786 274.915 274.915
787 274.915 274.915
788 274.915 274.915
789 274.915 274.915
790 274.915 274.915
791 274.915 274.915
792 274.915 274.915
793 274.915 274.915
794 274.915 274.915
795 274.915 274.915
796 274.915 274.915
797 274.915 274.915
798 274.915 274.915
799 274.915 274.915
800 274.915 274.915
801 274.915 274.915
802 274.915 274.915
803 274.915 274.915
804 274.915 274.915
805 274.915 274.915
806 274.915 274.915
807 274.915 274.915
808 274.915 274.915
809 274.915 274.915
810 274.915 274.915
811 274.915 274.915
812 274.915 274.915
813 274.915 274.915
814 274.915 274.915
815 274.915 274.915
816 274.915 274.915
817 274.915 274.915
818 274.915 274.915
819 274.915 274.915
820 274.915 274.915
821 274.915 274.915
822 274.915 274.915
823 274.915 274.915
824 274.915 274.915
825 274.915 274.915
826 274.915 274.915
827 274.915 274.915
828 274.915 274.915
829 274.915 274.915
830 274.915 274.915
831 274.915 274.915
832 274.915 274.915
833 274.915 274.915
834 274.915 274.915
835 274.915 274.915
836 274.915 274.915
837 274.915 274.915
838 274.915 274.915
839 274.915 274.915
840 274.915 274.915
841 274.915 274.915
842 274.915 274.915
843 274.915 274.915
844 274.915 274.915
845 274.915 274.915
846 274.915 274.915
847 274.915 274.915
848 274.915 274.915
849 274.915 274.915
850 274.915 274.915
851 274.915 274.915
852 274.915 274.915
853 274.915 274.915
854 274.915 274.915
855 274.915 274.915
856 274.915 274.915
857 274.915 274.915
858 274.915 274.915
859 274.915 274.915
860 274.915 274.915
861 274.915 274.915
862 274.915 274.915
863 274.915 274.915
864 274.915 274.915
865 274.915 274.915
866 274.915 274.915
867 274.915 274.915
868 274.915 274.915
869 274.915 274.915
870 274.915 274.915
871 274.915 274.915
872 274.915 274.915
873 274.915 274.915
874 274.915 274.915
875 274.915 274.915
876 274.915 274.915
877 274.915 274.915
878 274.915 274.915
879 274.915 274.915
880 274.915 274.915
881 274.915 274.915
882 274.915 274.915
883 274.915 274.915
884 274.915 274.915
885 274.915 274.915
886 274.915 274.915
887 274.915 274.915
888 274.915 274.915
889 274.915 274.915
890 274.915 274.915
891 274.915 274.915
892 274.915 274.915
893 274.915 274.915
894 274.915 274.915
895 274.915 274.915
896 274.915 274.915
897 274.915 274.915
898 274.915 274.915
899 274.915 274.915
900 274.915 274.915
901 274.915 274.915
902 274.915 274.915
903 274.915 274.915
904 274.915 274.915
905 274.915 274.915
906 274.915 274.915
907 274.915 274.915
908 274.915 274.915
909 274.915 274.915
910 274.915 274.915
911 274.915 274.915
912 274.915 274.915
913 274.915 274.915
914 274.915 274.915
915 274.915 274.915
916 274.915 274.915
917 274.915 274.915
918 274.915 274.915
919 274.915 274.915
920 274.915 274.915
921 274.915 274.915
922 274.915 274.915
923 274.915 274.915
924 274.068 274.907
925 274.068 274.881
926 274.068 274.848
927 274.068 274.763
928 274.068 274.61
929 274.068 274.255
930 274.068 274.068
931 274.068 274.068
932 274.068 274.068
933 274.068 274.068
934 274.068 274.068
935 274.068 274.068
936 274.068 274.068
937 274.068 274.068
938 274.068 274.068
939 274.068 274.068
940 274.068 274.068
941 274.068 274.068
942 274.068 274.068
943 274.068 274.068
944 274.068 274.068
945 274.068 274.068
946 274.068 274.068
947 274.068 274.068
948 274.068 274.068
949 274.068 274.068
950 274.068 274.068
951 274.068 274.068
952 274.068 274.068
953 274.068 274.068
954 274.068 274.068
955 274.068 274.068
956 274.068 274.068
957 274.068 274.068
958 274.068 274.068
959 274.068 274.068
960 274.068 274.068
961 274.068 274.068
962 274.068 274.068
963 274.068 274.068
964 274.068 274.068
965 274.068 274.068
966 274.068 274.068
967 274.068 274.068
968 274.068 274.068
969 274.068 274.068
970 274.068 274.068
971 274.068 274.068
972 274.068 274.068
973 274.068 274.068
974 274.068 274.068
975 274.068 274.068
976 274.068 274.068
977 274.068 274.068
978 274.068 274.068
979 274.068 274.068
980 274.068 274.068
981 274.068 274.068
982 274.068 274.068
983 274.068 274.068
984 274.068 274.068
985 274.068 274.068
986 274.068 274.068
987 274.068 274.068
988 274.068 274.068
989 274.068 274.068
990 274.068 274.068
991 274.068 274.068
992 274.068 274.068
993 274.068 274.068
994 274.068 274.068
995 274.068 274.068
996 274.068 274.068
997 274.068 274.068
998 274.068 274.068
999 274.068 274.068
1000 274.068 274.068
1001 274.068 274.068
1002 274.068 274.068
1003 274.068 274.068
1004 274.068 274.068
1005 274.068 274.068
1006 274.068 274.068
1007 274.068 274.068
1008 274.068 274.068
1009 274.068 274.068
1010 274.068 274.068
1011 274.068 274.068
1012 274.068 274.068
1013 274.068 274.068
1014 274.068 274.068
1015 274.068 274.068
1016 274.068 274.068
1017 274.068 274.068
1018 274.068 274.068
1019 274.068 274.068
1020 274.068 274.068
1021 274.068 274.068
1022 274.068 274.068
1023 274.068 274.068
1024 274.068 274.068
1025 274.068 274.068
1026 274.068 274.068
1027 274.068 274.068
1028 274.068 274.068
1029 274.068 274.068
1030 274.068 274.068
1031 274.068 274.068
1032 274.068 274.068
1033 274.068 274.068
1034 274.068 274.068
1035 274.068 274.068
1036 274.068 274.068
1037 274.068 274.068
1038 274.068 274.068
1039 274.068 274.068
1040 274.068 274.068
1041 274.068 274.068
1042 274.068 274.068
1043 274.068 274.068
1044 274.068 274.068
1045 274.068 274.068
1046 274.068 274.068
1047 274.068 274.068
1048 274.068 274.068
1049 274.068 274.068
1050 274.068 274.068
1051 274.068 274.068
1052 274.068 274.068
1053 274.068 274.068
1054 274.068 274.068
1055 274.068 274.068
1056 274.068 274.068
1057 274.068 274.068
1058 274.068 274.068
1059 274.068 274.068
1060 274.068 274.068
1061 274.068 274.068
1062 274.068 274.068
1063 274.068 274.068
1064 274.068 274.068
1065 274.068 274.068
1066 274.068 274.068
1067 274.068 274.068
1068 274.068 274.068
1069 274.068 274.068
1070 274.068 274.068
1071 274.068 274.068
1072 274.068 274.068
1073 274.068 274.068
1074 274.068 274.068
1075 274.068 274.068
1076 274.068 274.068
1077 274.068 274.068
1078 274.068 274.068
1079 274.068 274.068
1080 274.068 274.068
1081 274.068 274.068
1082 274.068 274.068
1083 274.068 274.068
1084 274.068 274.068
1085 274.068 274.068
1086 274.068 274.068
1087 274.068 274.068
1088 274.068 274.068
1089 274.068 274.068
1090 274.068 274.068
1091 274.068 274.068
1092 274.068 274.068
1093 274.068 274.068
1094 274.068 274.068
1095 274.068 274.068
1096 274.068 274.068
1097 274.068 274.068
1098 274.068 274.068
1099 274.068 274.068
1100 274.068 274.068
1101 274.068 274.068
1102 274.068 274.068
1103 274.068 274.068
1104 274.068 274.068
1105 274.068 274.068
1106 274.068 274.068
1107 274.068 274.068
1108 274.068 274.068
1109 274.068 274.068
1110 274.068 274.068
1111 274.068 274.068
1112 274.068 274.068
1113 274.068 274.068
1114 274.068 274.068
1115 274.068 274.068
1116 274.068 274.068
1117 274.068 274.068
1118 274.068 274.068
1119 274.068 274.068
1120 270.724 274.035
1121 270.724 273.837
1122 270.724 273.402
1123 270.724 272.003
1124 270.724 270.914
1125 270.724 270.724
1126 270.724 270.724
1127 270.724 270.724
1128 270.724 270.724
1129 270.724 270.724
1130 270.724 270.724
1131 270.724 270.724
1132 270.724 270.724
1133 270.724 270.724
1134 270.724 270.724
1135 270.724 270.724
1136 270.724 270.724
1137 270.724 270.724
1138 270.724 270.724
1139 270.724 270.724
1140 270.724 270.724
1141 270.724 270.724
1142 270.724 270.724
1143 270.724 270.724
1144 270.724 270.724
1145 270.724 270.724
1146 270.724 270.724
1147 270.724 270.724
1148 270.724 270.724
1149 270.724 270.724
1150 270.724 270.724
1151 270.724 270.724
1152 270.724 270.724
1153 270.724 270.724
1154 270.724 270.724
1155 270.724 270.724
1156 270.724 270.724
1157 270.724 270.724
1158 270.724 270.724
1159 270.724 270.724
1160 270.724 270.724
1161 270.724 270.724
1162 270.724 270.724
1163 270.724 270.724
1164 270.724 270.724
1165 270.724 270.724
1166 270.724 270.724
1167 270.724 270.724
1168 270.724 270.724
1169 270.724 270.724
1170 270.724 270.724
1171 270.724 270.724
1172 270.724 270.724
1173 270.724 270.724
1174 270.724 270.724
1175 270.724 270.724
1176 270.724 270.724
1177 270.724 270.724
1178 270.724 270.724
1179 270.724 270.724
1180 270.724 270.724
1181 270.724 270.724
1182 270.724 270.724
1183 270.724 270.724
1184 270.724 270.724
1185 270.724 270.724
1186 270.724 270.724
1187 270.724 270.724
1188 270.724 270.724
1189 270.724 270.724
1190 270.724 270.724
1191 270.724 270.724
1192 270.724 270.724
1193 270.724 270.724
1194 270.724 270.724
1195 270.724 270.724
1196 270.724 270.724
1197 270.724 270.724
1198 270.724 270.724
1199 270.724 270.724
1200 270.724 270.724
1201 270.724 270.724
1202 270.724 270.724
1203 270.724 270.724
1204 270.724 270.724
1205 270.724 270.724
1206 270.724 270.724
1207 270.724 270.724
1208 270.724 270.724
1209 270.724 270.724
1210 270.724 270.724
1211 270.724 270.724
1212 270.724 270.724
1213 270.724 270.724
1214 270.724 270.724
1215 270.724 270.724
1216 270.724 270.724
1217 270.724 270.724
1218 270.724 270.724
1219 270.724 270.724
1220 270.724 270.724
1221 270.724 270.724
1222 270.724 270.724
1223 270.724 270.724
1224 270.724 270.724
1225 270.724 270.724
1226 270.724 270.724
1227 270.724 270.724
1228 270.724 270.724
1229 270.724 270.724
1230 270.724 270.724
1231 270.724 270.724
1232 270.724 270.724
1233 270.724 270.724
1234 270.724 270.724
1235 270.724 270.724
1236 270.724 270.724
1237 270.724 270.724
1238 270.724 270.724
1239 270.724 270.724
1240 270.724 270.724
1241 270.724 270.724
1242 270.724 270.724
1243 270.724 270.724
1244 270.724 270.724
1245 270.724 270.724
1246 270.724 270.724
1247 270.724 270.724
1248 270.724 270.724
1249 270.724 270.724
1250 270.724 270.724
1251 270.724 270.724
1252 270.724 270.724
1253 270.724 270.724
1254 270.724 270.724
1255 270.724 270.724
1256 270.724 270.724
1257 270.724 270.724
1258 270.724 270.724
1259 270.724 270.724
1260 270.724 270.724
1261 270.724 270.724
1262 270.724 270.724
1263 270.724 270.724
1264 270.724 270.724
1265 270.724 270.724
1266 270.724 270.724
1267 270.724 270.724
1268 270.724 270.724
1269 270.724 270.724
1270 270.724 270.724
1271 270.724 270.724
1272 270.724 270.724
1273 270.724 270.724
1274 270.724 270.724
1275 270.724 270.724
1276 270.724 270.724
1277 270.724 270.724
1278 270.724 270.724
1279 270.724 270.724
1280 270.724 270.724
1281 270.724 270.724
1282 270.724 270.724
1283 270.724 270.724
1284 270.724 270.724
1285 270.724 270.724
1286 270.724 270.724
1287 270.724 270.724
1288 270.724 270.724
1289 270.724 270.724
1290 270.724 270.724
1291 270.724 270.724
1292 270.724 270.724
1293 270.724 270.724
1294 270.724 270.724
1295 270.724 270.724
1296 270.724 270.724
1297 270.724 270.724
1298 270.724 270.724
1299 270.724 270.724
1300 270.724 270.724
1301 270.724 270.724
1302 270.724 270.724
1303 270.724 270.724
1304 270.724 270.724
1305 270.724 270.724
1306 270.724 270.724
1307 270.724 270.724
1308 270.724 270.724
1309 270.724 270.724
1310 270.724 270.724
1311 270.724 270.724
1312 270.724 270.724
1313 270.724 270.724
1314 270.724 270.724
1315 270.724 270.724
1316 270.724 270.724
1317 270.724 270.724
1318 270.724 270.724
1319 270.724 270.724
1320 270.724 270.724
1321 270.724 270.724
1322 270.724 270.724
1323 270.724 270.724
1324 270.724 270.724
1325 270.724 270.724
1326 270.724 270.724
1327 270.724 270.724
1328 270.724 270.724
1329 270.724 270.724
1330 270.724 270.724
1331 270.724 270.724
1332 270.724 270.724
1333 270.724 270.724
1334 270.724 270.724
1335 270.724 270.724
1336 270.724 270.724
1337 270.724 270.724
1338 270.724 270.724
1339 270.724 270.724
1340 270.724 270.724
1341 270.724 270.724
1342 270.724 270.724
1343 270.724 270.724
1344 270.724 270.724
1345 270.724 270.724
1346 270.724 270.724
1347 270.724 270.724
1348 270.724 270.724
1349 270.724 270.724
1350 270.724 270.724
1351 270.724 270.724
1352 270.724 270.724
1353 270.724 270.724
1354 270.724 270.724
1355 270.724 270.724
1356 270.724 270.724
1357 270.724 270.724
1358 270.724 270.724
1359 270.724 270.724
1360 270.724 270.724
1361 270.724 270.724
1362 270.724 270.724
1363 270.724 270.724
1364 270.724 270.724
1365 270.724 270.724
1366 270.724 270.724
1367 270.724 270.724
1368 270.724 270.724
1369 270.724 270.724
1370 270.724 270.724
1371 270.724 270.724
1372 270.724 270.724
1373 270.724 270.724
1374 270.724 270.724
1375 270.724 270.724
1376 270.724 270.724
1377 270.724 270.724
1378 270.724 270.724
1379 270.724 270.724
1380 270.724 270.724
1381 270.724 270.724
1382 270.724 270.724
1383 270.724 270.724
1384 270.724 270.724
1385 270.724 270.724
1386 270.724 270.724
1387 270.724 270.724
1388 270.724 270.724
1389 270.724 270.724
1390 270.724 270.724
1391 270.724 270.724
1392 270.724 270.724
1393 270.724 270.724
1394 270.724 270.724
1395 270.724 270.724
1396 270.724 270.724
1397 270.724 270.724
1398 270.724 270.724
1399 270.724 270.724
1400 270.724 270.724
1401 270.724 270.724
1402 270.724 270.724
1403 270.724 270.724
1404 270.724 270.724
1405 270.724 270.724
1406 270.724 270.724
1407 270.724 270.724
1408 270.724 270.724
1409 270.724 270.724
1410 270.724 270.724
1411 270.724 270.724
1412 270.724 270.724
1413 270.724 270.724
1414 270.724 270.724
1415 270.724 270.724
1416 270.724 270.724
1417 270.724 270.724
1418 270.724 270.724
1419 270.724 270.724
1420 270.724 270.724
1421 270.724 270.724
1422 270.724 270.724
1423 270.724 270.724
1424 270.724 270.724
1425 270.724 270.724
1426 270.724 270.724
1427 270.724 270.724
1428 270.724 270.724
1429 270.724 270.724
1430 270.724 270.724
1431 270.724 270.724
1432 270.724 270.724
1433 270.724 270.724
1434 270.724 270.724
1435 270.724 270.724
1436 270.724 270.724
1437 270.724 270.724
1438 270.724 270.724
1439 270.724 270.724
1440 270.724 270.724
1441 270.724 270.724
1442 270.724 270.724
1443 270.724 270.724
1444 270.724 270.724
1445 270.724 270.724
1446 270.724 270.724
1447 270.724 270.724
1448 270.724 270.724
1449 270.724 270.724
1450 270.724 270.724
1451 270.724 270.724
1452 270.724 270.724
1453 270.724 270.724
1454 270.724 270.724
1455 270.724 270.724
1456 270.724 270.724
1457 270.724 270.724
1458 270.724 270.724
1459 270.724 270.724
1460 270.724 270.724
1461 270.724 270.724
1462 270.724 270.724
1463 270.724 270.724
1464 270.724 270.724
1465 270.724 270.724
1466 270.724 270.724
1467 270.724 270.724
1468 270.724 270.724
1469 270.724 270.724
1470 270.724 270.724
1471 270.724 270.724
1472 270.724 270.724
1473 270.724 270.724
1474 270.724 270.724
1475 270.724 270.724
1476 270.724 270.724
1477 270.724 270.724
1478 270.724 270.724
1479 270.724 270.724
1480 270.724 270.724
1481 270.724 270.724
1482 270.724 270.724
1483 270.724 270.724
1484 270.724 270.724
1485 270.724 270.724
1486 270.724 270.724
1487 270.724 270.724
1488 270.724 270.724
1489 270.724 270.724
1490 270.724 270.724
1491 270.724 270.724
1492 270.724 270.724
1493 270.724 270.724
1494 270.724 270.724
1495 270.724 270.724
1496 270.724 270.724
1497 270.724 270.724
1498 270.724 270.724
1499 270.724 270.724
1500 270.724 270.724
1501 270.724 270.724
1502 270.724 270.724
1503 270.724 270.724
1504 270.724 270.724
1505 270.724 270.724
1506 270.724 270.724
1507 270.724 270.724
1508 270.724 270.724
1509 270.724 270.724
1510 270.724 270.724
1511 270.724 270.724
1512 270.724 270.724
1513 270.724 270.724
1514 270.724 270.724
1515 270.724 270.724
1516 270.724 270.724
1517 270.724 270.724
1518 270.724 270.724
1519 270.724 270.724
1520 270.724 270.724
1521 270.724 270.724
1522 270.724 270.724
1523 270.724 270.724
1524 270.724 270.724
1525 270.724 270.724
1526 270.724 270.724
1527 270.724 270.724
1528 270.724 270.724
1529 270.724 270.724
1530 270.724 270.724
1531 270.724 270.724
1532 270.724 270.724
1533 270.724 270.724
1534 270.724 270.724
1535 270.724 270.724
1536 270.724 270.724
1537 270.724 270.724
1538 270.724 270.724
1539 270.724 270.724
1540 270.724 270.724
1541 270.724 270.724
1542 270.724 270.724
1543 270.724 270.724
1544 270.724 270.724
1545 270.724 270.724
1546 270.724 270.724
1547 270.724 270.724
1548 270.724 270.724
1549 270.724 270.724
1550 270.724 270.724
1551 270.724 270.724
1552 270.724 270.724
1553 270.724 270.724
1554 270.724 270.724
1555 270.724 270.724
1556 270.724 270.724
1557 270.724 270.724
1558 270.724 270.724
1559 270.724 270.724
1560 270.724 270.724
1561 270.724 270.724
1562 270.724 270.724
1563 270.724 270.724
1564 270.724 270.724
1565 270.724 270.724
1566 270.724 270.724
1567 270.724 270.724
1568 270.724 270.724
1569 270.724 270.724
1570 270.724 270.724
1571 270.724 270.724
1572 270.724 270.724
1573 270.724 270.724
1574 270.724 270.724
1575 270.724 270.724
1576 270.724 270.724
1577 270.724 270.724
1578 270.724 270.724
1579 270.724 270.724
1580 270.724 270.724
1581 270.724 270.724
1582 270.724 270.724
1583 270.724 270.724
1584 270.724 270.724
1585 270.724 270.724
1586 270.724 270.724
1587 270.724 270.724
1588 270.724 270.724
1589 270.724 270.724
1590 270.724 270.724
1591 270.724 270.724
1592 270.724 270.724
1593 270.724 270.724
1594 270.724 270.724
1595 270.724 270.724
1596 270.724 270.724
1597 270.724 270.724
1598 270.724 270.724
1599 270.724 270.724
1600 270.724 270.724
1601 270.724 270.724
1602 270.724 270.724
1603 270.724 270.724
1604 270.724 270.724
1605 270.724 270.724
1606 270.724 270.724
1607 270.724 270.724
1608 270.724 270.724
1609 270.724 270.724
1610 270.724 270.724
1611 270.724 270.724
1612 270.724 270.724
1613 270.724 270.724
1614 270.724 270.724
1615 270.724 270.724
1616 270.724 270.724
1617 270.724 270.724
1618 270.724 270.724
1619 270.724 270.724
1620 270.724 270.724
1621 270.724 270.724
1622 270.724 270.724
1623 270.724 270.724
1624 270.724 270.724
1625 270.724 270.724
1626 270.724 270.724
1627 270.724 270.724
1628 270.724 270.724
1629 270.724 270.724
1630 270.724 270.724
1631 270.724 270.724
1632 270.724 270.724
1633 270.724 270.724
1634 270.724 270.724
1635 270.724 270.724
1636 270.724 270.724
1637 270.724 270.724
1638 270.724 270.724
1639 270.724 270.724
1640 270.724 270.724
1641 270.724 270.724
1642 270.724 270.724
1643 270.724 270.724
1644 270.724 270.724
1645 270.724 270.724
1646 270.724 270.724
1647 270.724 270.724
1648 270.724 270.724
1649 270.724 270.724
1650 270.724 270.724
1651 270.724 270.724
1652 270.724 270.724
1653 270.724 270.724
1654 270.724 270.724
1655 270.724 270.724
1656 270.724 270.724
1657 270.724 270.724
1658 270.724 270.724
1659 270.724 270.724
1660 270.724 270.724
1661 270.724 270.724
1662 270.724 270.724
1663 270.724 270.724
1664 270.724 270.724
1665 270.724 270.724
1666 270.724 270.724
1667 270.724 270.724
1668 270.724 270.724
1669 270.724 270.724
1670 270.724 270.724
1671 270.724 270.724
1672 270.724 270.724
1673 270.724 270.724
1674 270.724 270.724
1675 270.724 270.724
1676 270.724 270.724
1677 270.724 270.724
1678 270.724 270.724
1679 270.724 270.724
1680 270.724 270.724
1681 270.724 270.724
1682 270.724 270.724
1683 270.724 270.724
1684 270.724 270.724
1685 270.724 270.724
1686 270.724 270.724
1687 270.724 270.724
1688 270.724 270.724
1689 270.724 270.724
1690 270.724 270.724
1691 270.724 270.724
1692 270.724 270.724
1693 270.724 270.724
1694 270.724 270.724
1695 270.724 270.724
1696 270.724 270.724
1697 270.724 270.724
1698 270.724 270.724
1699 270.724 270.724
1700 270.724 270.724
1701 270.724 270.724
1702 270.724 270.724
1703 270.724 270.724
1704 270.724 270.724
1705 270.724 270.724
1706 270.724 270.724
1707 270.724 270.724
1708 270.724 270.724
1709 270.724 270.724
1710 270.724 270.724
1711 270.724 270.724
1712 270.724 270.724
1713 270.724 270.724
1714 270.724 270.724
1715 270.724 270.724
1716 270.724 270.724
1717 270.724 270.724
1718 270.724 270.724
1719 270.724 270.724
1720 270.724 270.724
1721 270.724 270.724
1722 270.724 270.724
1723 270.724 270.724
1724 270.724 270.724
1725 270.724 270.724
1726 270.724 270.724
1727 270.724 270.724
1728 270.724 270.724
1729 270.724 270.724
1730 270.724 270.724
1731 270.724 270.724
1732 270.724 270.724
1733 270.724 270.724
1734 270.724 270.724
1735 270.724 270.724
1736 270.724 270.724
1737 270.724 270.724
1738 270.724 270.724
1739 270.724 270.724
1740 270.724 270.724
1741 270.724 270.724
1742 270.724 270.724
1743 270.724 270.724
1744 270.724 270.724
1745 270.724 270.724
1746 270.724 270.724
1747 270.724 270.724
1748 270.724 270.724
1749 270.724 270.724
1750 270.724 270.724
1751 270.724 270.724
1752 270.724 270.724
1753 270.724 270.724
1754 270.724 270.724
1755 270.724 270.724
1756 270.724 270.724
1757 270.724 270.724
1758 270.724 270.724
1759 270.724 270.724
1760 270.724 270.724
1761 270.724 270.724
1762 270.724 270.724
1763 270.724 270.724
1764 270.724 270.724
1765 270.724 270.724
1766 270.724 270.724
1767 270.724 270.724
1768 270.724 270.724
1769 270.724 270.724
1770 270.724 270.724
1771 270.724 270.724
1772 270.724 270.724
1773 270.724 270.724
1774 270.724 270.724
1775 270.724 270.724
1776 270.724 270.724
1777 270.724 270.724
1778 270.724 270.724
1779 270.724 270.724
1780 270.724 270.724
1781 270.724 270.724
1782 270.724 270.724
1783 270.724 270.724
1784 270.724 270.724
1785 270.724 270.724
1786 270.724 270.724
1787 270.724 270.724
1788 270.724 270.724
1789 270.724 270.724
1790 270.724 270.724
1791 270.724 270.724
1792 270.724 270.724
1793 270.724 270.724
1794 270.724 270.724
1795 270.724 270.724
1796 270.724 270.724
1797 270.724 270.724
1798 270.724 270.724
1799 270.724 270.724
1800 270.724 270.724
1801 270.724 270.724
1802 270.724 270.724
1803 270.724 270.724
1804 270.724 270.724
1805 270.724 270.724
1806 270.724 270.724
1807 270.724 270.724
1808 270.724 270.724
1809 270.724 270.724
1810 270.724 270.724
1811 270.724 270.724
1812 270.724 270.724
1813 270.724 270.724
1814 270.724 270.724
1815 270.724 270.724
1816 270.724 270.724
1817 270.724 270.724
1818 270.724 270.724
1819 270.724 270.724
1820 270.724 270.724
1821 270.724 270.724
1822 270.724 270.724
1823 270.724 270.724
1824 270.724 270.724
1825 270.724 270.724
1826 270.724 270.724
1827 270.724 270.724
1828 270.724 270.724
1829 270.724 270.724
1830 270.724 270.724
1831 270.724 270.724
1832 270.724 270.724
1833 270.724 270.724
1834 270.724 270.724
1835 270.724 270.724
1836 270.724 270.724
1837 270.724 270.724
1838 270.724 270.724
1839 270.724 270.724
1840 270.724 270.724
1841 270.724 270.724
1842 270.724 270.724
1843 270.724 270.724
1844 270.724 270.724
1845 270.724 270.724
1846 270.724 270.724
1847 270.724 270.724
1848 270.724 270.724
1849 270.724 270.724
1850 270.724 270.724
1851 270.724 270.724
1852 270.724 270.724
1853 270.724 270.724
1854 270.724 270.724
1855 270.724 270.724
1856 270.724 270.724
1857 270.724 270.724
1858 270.724 270.724
1859 270.724 270.724
1860 270.724 270.724
1861 270.724 270.724
1862 270.724 270.724
1863 270.724 270.724
1864 270.724 270.724
1865 270.724 270.724
1866 270.724 270.724
1867 270.724 270.724
1868 270.724 270.724
1869 270.724 270.724
1870 270.724 270.724
1871 270.724 270.724
1872 270.724 270.724
1873 270.724 270.724
1874 270.724 270.724
1875 270.724 270.724
1876 270.724 270.724
1877 270.724 270.724
1878 270.724 270.724
1879 270.724 270.724
1880 270.724 270.724
1881 270.724 270.724
1882 270.724 270.724
1883 270.724 270.724
1884 270.724 270.724
1885 270.724 270.724
1886 270.724 270.724
1887 270.724 270.724
1888 270.724 270.724
1889 270.724 270.724
1890 270.724 270.724
1891 270.724 270.724
1892 270.724 270.724
1893 270.724 270.724
1894 270.724 270.724
1895 270.724 270.724
1896 270.724 270.724
1897 270.724 270.724
1898 270.724 270.724
1899 270.724 270.724
1900 270.724 270.724
1901 270.724 270.724
1902 270.724 270.724
1903 270.724 270.724
1904 270.724 270.724
1905 270.724 270.724
1906 270.724 270.724
1907 270.724 270.724
1908 270.724 270.724
1909 270.724 270.724
1910 270.724 270.724
1911 270.724 270.724
1912 270.724 270.724
1913 270.724 270.724
1914 270.724 270.724
1915 270.724 270.724
1916 270.724 270.724
1917 270.724 270.724
1918 270.724 270.724
1919 270.724 270.724
1920 270.724 270.724
1921 270.724 270.724
1922 270.724 270.724
1923 270.724 270.724
1924 270.724 270.724
1925 270.724 270.724
1926 270.724 270.724
1927 270.724 270.724
1928 270.724 270.724
1929 270.724 270.724
1930 270.724 270.724
1931 270.724 270.724
1932 270.724 270.724
1933 270.724 270.724
1934 270.724 270.724
1935 270.724 270.724
1936 270.724 270.724
1937 270.724 270.724
1938 270.724 270.724
1939 270.724 270.724
1940 270.724 270.724
1941 270.724 270.724
1942 270.724 270.724
1943 270.724 270.724
1944 270.724 270.724
1945 270.724 270.724
1946 270.724 270.724
1947 270.724 270.724
1948 270.724 270.724
1949 270.724 270.724
1950 270.724 270.724
1951 270.724 270.724
1952 270.724 270.724
1953 270.724 270.724
1954 270.724 270.724
1955 270.724 270.724
1956 270.724 270.724
1957 270.724 270.724
1958 270.724 270.724
1959 270.724 270.724
1960 270.724 270.724
1961 270.724 270.724
1962 270.724 270.724
1963 270.724 270.724
1964 270.724 270.724
1965 270.724 270.724
1966 270.724 270.724
1967 270.724 270.724
1968 270.724 270.724
1969 270.724 270.724
1970 270.724 270.724
1971 270.724 270.724
1972 270.724 270.724
1973 270.724 270.724
1974 270.724 270.724
1975 270.724 270.724
1976 270.724 270.724
1977 270.724 270.724
1978 270.724 270.724
1979 270.724 270.724
1980 270.724 270.724
1981 270.724 270.724
1982 270.724 270.724
1983 270.724 270.724
1984 270.724 270.724
1985 270.724 270.724
1986 270.724 270.724
1987 270.724 270.724
1988 270.724 270.724
1989 270.724 270.724
1990 270.724 270.724
1991 270.724 270.724
1992 270.724 270.724
1993 270.724 270.724
1994 270.724 270.724
1995 270.724 270.724
1996 270.724 270.724
1997 270.724 270.724
1998 270.724 270.724
1999 270.724 270.724
2000 270.724 270.724
2001 270.724 270.724
2002 270.724 270.724
2003 270.724 270.724
2004 270.724 270.724
2005 270.724 270.724
2006 270.724 270.724
2007 270.724 270.724
2008 270.724 270.724
2009 270.724 270.724
2010 270.724 270.724
2011 270.724 270.724
2012 270.724 270.724
2013 270.724 270.724
2014 270.724 270.724
2015 270.724 270.724
2016 270.724 270.724
2017 270.724 270.724
2018 270.724 270.724
2019 270.724 270.724
2020 270.724 270.724
2021 270.724 270.724
2022 270.724 270.724
2023 270.724 270.724
2024 270.724 270.724
2025 270.724 270.724
2026 270.724 270.724
2027 270.724 270.724
2028 270.724 270.724
2029 270.724 270.724
2030 270.724 270.724
2031 270.724 270.724
2032 270.724 270.724
2033 270.724 270.724
2034 270.724 270.724
2035 270.724 270.724
2036 270.724 270.724
2037 270.724 270.724
2038 270.724 270.724
2039 270.724 270.724
2040 270.724 270.724
2041 270.724 270.724
2042 270.724 270.724
2043 270.724 270.724
2044 270.724 270.724
2045 270.724 270.724
2046 270.724 270.724
2047 270.724 270.724
2048 270.724 270.724
2049 270.724 270.724
2050 270.724 270.724
2051 270.724 270.724
2052 270.724 270.724
2053 270.724 270.724
2054 270.724 270.724
2055 270.724 270.724
2056 270.724 270.724
2057 270.724 270.724
2058 270.724 270.724
2059 270.724 270.724
2060 270.724 270.724
2061 270.724 270.724
2062 270.724 270.724
2063 270.724 270.724
2064 270.724 270.724
2065 270.724 270.724
2066 270.724 270.724
2067 270.724 270.724
2068 270.724 270.724
2069 270.724 270.724
2070 270.724 270.724
2071 270.724 270.724
2072 270.724 270.724
2073 270.724 270.724
2074 270.724 270.724
2075 270.724 270.724
2076 270.724 270.724
2077 270.724 270.724
2078 270.724 270.724
2079 270.724 270.724
2080 270.724 270.724
2081 270.724 270.724
2082 270.724 270.724
2083 270.724 270.724
2084 270.724 270.724
2085 270.724 270.724
2086 270.724 270.724
2087 270.724 270.724
2088 270.724 270.724
2089 270.724 270.724
2090 270.724 270.724
2091 270.724 270.724
2092 270.724 270.724
2093 270.724 270.724
2094 270.724 270.724
2095 270.724 270.724
2096 270.724 270.724
2097 270.724 270.724
2098 270.724 270.724
2099 270.724 270.724
2100 270.724 270.724
2101 270.724 270.724
2102 270.724 270.724
2103 270.724 270.724
2104 270.724 270.724
2105 270.724 270.724
2106 270.724 270.724
2107 270.724 270.724
2108 270.724 270.724
2109 270.724 270.724
2110 270.724 270.724
2111 270.724 270.724
2112 270.724 270.724
2113 270.724 270.724
2114 270.724 270.724
2115 270.724 270.724
2116 270.724 270.724
2117 270.724 270.724
2118 270.724 270.724
2119 270.724 270.724
2120 270.724 270.724
2121 270.724 270.724
2122 270.724 270.724
2123 270.724 270.724
2124 270.724 270.724
2125 270.724 270.724
2126 270.724 270.724
2127 270.724 270.724
2128 270.724 270.724
2129 270.724 270.724
2130 270.724 270.724
2131 270.724 270.724
2132 270.724 270.724
2133 270.724 270.724
2134 270.724 270.724
2135 270.724 270.724
2136 270.724 270.724
2137 270.724 270.724
2138 270.724 270.724
2139 270.724 270.724
2140 270.724 270.724
2141 270.724 270.724
2142 270.724 270.724
2143 270.724 270.724
2144 270.724 270.724
2145 270.724 270.724
2146 270.724 270.724
2147 270.724 270.724
2148 270.724 270.724
2149 270.724 270.724
2150 270.724 270.724
2151 270.724 270.724
2152 270.724 270.724
2153 270.724 270.724
2154 270.724 270.724
2155 270.724 270.724
2156 270.724 270.724
2157 270.724 270.724
2158 270.724 270.724
2159 270.724 270.724
2160 270.724 270.724
2161 270.724 270.724
2162 270.724 270.724
2163 270.724 270.724
2164 270.724 270.724
2165 270.724 270.724
2166 270.724 270.724
2167 270.724 270.724
2168 270.724 270.724
2169 270.724 270.724
2170 270.724 270.724
2171 270.724 270.724
2172 270.724 270.724
2173 270.724 270.724
2174 270.724 270.724
2175 270.724 270.724
2176 270.724 270.724
2177 270.724 270.724
2178 270.724 270.724
2179 270.724 270.724
2180 270.724 270.724
2181 270.724 270.724
2182 270.724 270.724
2183 270.724 270.724
2184 270.724 270.724
2185 270.724 270.724
2186 270.724 270.724
2187 270.724 270.724
2188 270.724 270.724
2189 270.724 270.724
2190 270.724 270.724
2191 270.724 270.724
2192 270.724 270.724
2193 270.724 270.724
2194 270.724 270.724
2195 270.724 270.724
2196 270.724 270.724
2197 270.724 270.724
2198 270.724 270.724
2199 270.724 270.724
2200 270.724 270.724
2201 270.724 270.724
2202 270.724 270.724
2203 270.724 270.724
2204 270.724 270.724
2205 270.724 270.724
2206 270.724 270.724
2207 270.724 270.724
2208 270.724 270.724
2209 270.724 270.724
2210 270.724 270.724
2211 270.724 270.724
2212 270.724 270.724
2213 270.724 270.724
2214 270.724 270.724
2215 270.724 270.724
2216 270.724 270.724
2217 270.724 270.724
2218 270.724 270.724
2219 270.724 270.724
2220 270.724 270.724
2221 270.724 270.724
2222 270.724 270.724
2223 270.724 270.724
2224 270.724 270.724
2225 270.724 270.724
2226 270.724 270.724
2227 270.724 270.724
2228 270.724 270.724
2229 270.724 270.724
2230 270.724 270.724
2231 270.724 270.724
2232 270.724 270.724
2233 270.724 270.724
2234 270.724 270.724
2235 270.724 270.724
2236 270.724 270.724
2237 270.724 270.724
2238 270.724 270.724
2239 270.724 270.724
2240 270.724 270.724
2241 270.724 270.724
2242 270.724 270.724
2243 270.724 270.724
2244 270.724 270.724
2245 270.724 270.724
2246 270.724 270.724
2247 270.724 270.724
2248 270.724 270.724
2249 270.724 270.724
2250 270.724 270.724
2251 270.724 270.724
2252 270.724 270.724
2253 270.724 270.724
2254 270.724 270.724
2255 270.724 270.724
2256 270.724 270.724
2257 270.724 270.724
2258 270.724 270.724
2259 270.724 270.724
2260 270.724 270.724
2261 270.724 270.724
2262 270.724 270.724
2263 270.724 270.724
2264 270.724 270.724
2265 270.724 270.724
2266 270.724 270.724
2267 270.724 270.724
2268 270.724 270.724
2269 270.724 270.724
2270 270.724 270.724
2271 270.724 270.724
2272 270.724 270.724
2273 270.724 270.724
2274 270.724 270.724
2275 270.724 270.724
2276 270.724 270.724
2277 270.724 270.724
2278 270.724 270.724
2279 270.724 270.724
2280 270.724 270.724
2281 270.724 270.724
2282 270.724 270.724
2283 270.724 270.724
2284 270.724 270.724
2285 270.724 270.724
2286 270.724 270.724
2287 270.724 270.724
2288 270.724 270.724
2289 270.724 270.724
2290 270.724 270.724
2291 270.724 270.724
2292 270.724 270.724
2293 270.724 270.724
2294 270.724 270.724
2295 270.724 270.724
2296 270.724 270.724
2297 270.724 270.724
2298 270.724 270.724
2299 270.724 270.724
2300 270.724 270.724
2301 270.724 270.724
2302 270.724 270.724
2303 270.724 270.724
2304 270.724 270.724
2305 270.724 270.724
2306 270.724 270.724
2307 270.724 270.724
2308 270.724 270.724
2309 270.724 270.724
2310 270.724 270.724
2311 270.724 270.724
2312 270.724 270.724
2313 270.724 270.724
2314 270.724 270.724
2315 270.724 270.724
2316 270.724 270.724
2317 270.724 270.724
2318 270.724 270.724
2319 270.724 270.724
2320 270.724 270.724
2321 270.724 270.724
2322 270.724 270.724
2323 270.724 270.724
2324 270.724 270.724
2325 270.724 270.724
2326 270.724 270.724
2327 270.724 270.724
2328 270.724 270.724
2329 270.724 270.724
2330 270.724 270.724
2331 270.724 270.724
2332 270.724 270.724
2333 270.724 270.724
2334 270.724 270.724
2335 270.724 270.724
2336 270.724 270.724
2337 270.724 270.724
2338 270.724 270.724
2339 270.724 270.724
2340 270.724 270.724
2341 270.724 270.724
2342 270.724 270.724
2343 270.724 270.724
2344 270.724 270.724
2345 270.724 270.724
2346 270.724 270.724
2347 270.724 270.724
2348 270.724 270.724
2349 270.724 270.724
2350 270.724 270.724
2351 270.724 270.724
2352 270.724 270.724
2353 270.724 270.724
2354 270.724 270.724
2355 270.724 270.724
2356 270.724 270.724
2357 270.724 270.724
2358 270.724 270.724
2359 270.724 270.724
2360 270.724 270.724
2361 270.724 270.724
2362 270.724 270.724
2363 270.724 270.724
2364 270.724 270.724
2365 270.724 270.724
2366 270.724 270.724
2367 270.724 270.724
2368 270.724 270.724
2369 270.724 270.724
2370 270.724 270.724
2371 270.724 270.724
2372 270.724 270.724
2373 270.724 270.724
2374 270.724 270.724
2375 270.724 270.724
2376 270.724 270.724
2377 270.724 270.724
2378 270.724 270.724
2379 270.724 270.724
2380 270.724 270.724
2381 270.724 270.724
2382 270.724 270.724
2383 270.724 270.724
2384 270.724 270.724
2385 270.724 270.724
2386 270.724 270.724
2387 270.724 270.724
2388 270.724 270.724
2389 270.724 270.724
2390 270.724 270.724
2391 270.724 270.724
2392 270.724 270.724
2393 270.724 270.724
2394 270.724 270.724
2395 270.724 270.724
2396 270.724 270.724
2397 270.724 270.724
2398 270.724 270.724
2399 270.724 270.724
2400 270.724 270.724
2401 270.724 270.724
2402 270.724 270.724
2403 270.724 270.724
2404 270.724 270.724
2405 270.724 270.724
2406 270.724 270.724
2407 270.724 270.724
2408 270.724 270.724
2409 270.724 270.724
2410 270.724 270.724
2411 270.724 270.724
2412 270.724 270.724
2413 270.724 270.724
2414 270.724 270.724
2415 270.724 270.724
2416 270.724 270.724
2417 270.724 270.724
2418 270.724 270.724
2419 270.724 270.724
2420 270.724 270.724
2421 270.724 270.724
2422 270.724 270.724
2423 270.724 270.724
2424 270.724 270.724
2425 270.724 270.724
2426 270.724 270.724
2427 270.724 270.724
2428 270.724 270.724
2429 270.724 270.724
2430 270.724 270.724
2431 270.724 270.724
2432 270.724 270.724
2433 270.724 270.724
2434 270.724 270.724
2435 270.724 270.724
2436 270.724 270.724
2437 270.724 270.724
2438 270.724 270.724
2439 270.724 270.724
2440 270.724 270.724
2441 270.724 270.724
2442 270.724 270.724
2443 270.724 270.724
2444 270.724 270.724
2445 270.724 270.724
2446 270.724 270.724
2447 270.724 270.724
2448 270.724 270.724
2449 270.724 270.724
2450 270.724 270.724
2451 270.724 270.724
2452 270.724 270.724
2453 270.724 270.724
2454 270.724 270.724
2455 270.724 270.724
2456 270.724 270.724
2457 270.724 270.724
2458 270.724 270.724
2459 270.724 270.724
2460 270.724 270.724
2461 270.724 270.724
2462 270.724 270.724
2463 270.724 270.724
2464 270.724 270.724
2465 270.724 270.724
2466 270.724 270.724
2467 270.724 270.724
2468 270.724 270.724
2469 270.724 270.724
2470 270.724 270.724
2471 270.724 270.724
2472 270.724 270.724
2473 270.724 270.724
2474 270.724 270.724
2475 270.724 270.724
2476 270.724 270.724
2477 270.724 270.724
2478 270.724 270.724
2479 270.724 270.724
2480 270.724 270.724
2481 270.724 270.724
2482 270.724 270.724
2483 270.724 270.724
2484 270.724 270.724
2485 270.724 270.724
2486 270.724 270.724
2487 270.724 270.724
2488 270.724 270.724
2489 270.724 270.724
2490 270.724 270.724
2491 270.724 270.724
2492 270.724 270.724
2493 270.724 270.724
2494 270.724 270.724
2495 270.724 270.724
2496 270.724 270.724
2497 270.724 270.724
2498 270.724 270.724
2499 270.724 270.724
