0 877.26 1005.27
1 833.289 934.749
2 785.628 898.438
3 785.628 862.168
4 710.984 836.312
5 701.117 815.388
6 696.197 799.077
7 696.197 779.817
8 694.618 751.402
9 694.618 736.499
10 669.613 724.291
11 669.613 721.091
12 662.919 712.685
13 662.919 710.049
14 662.919 708.396
15 661.442 687.679
16 658.704 681.269
17 647.786 675.97
18 647.637 670.851
19 640.127 665.429
20 637.087 656.317
21 613.062 649.663
22 584.111 638.914
23 571.205 626.148
24 571.205 610.154
25 542.124 605.152
26 541.764 590.506
27 521.353 568.962
28 495.186 551.358
29 495.186 536.975
30 493.963 526.902
31 486.771 511.246
32 485.615 508.045
33 485.593 497.382
34 485.593 489.89
35 485.593 488.599
36 473.253 487.473
37 472.781 486.451
38 456.326 483.731
39 456.326 480.835
40 456.326 480.203
41 454.217 468.161
42 433.285 465.707
43 432.853 455.511
44 432.853 451.034
45 432.853 443.12
46 422.598 434.279
47 422.598 431.93
48 422.598 430.481
49 421.451 427.714
50 421.451 423.756
51 417.201 423.8
52 417.201 423.065
53 409.687 424.445
54 409.687 421.71
55 409.687 418.084
56 409.687 415.29
57 409.687 414.213
58 409.687 410.938
59 409.687 409.981
60 409.687 409.687
61 407.847 409.669
62 402.647 409.484
63 400.807 408.215
64 393.805 405.7
65 393.805 401.846
66 389.107 398.428
67 389.107 395.415
68 389.107 392.364
69 389.107 390.37
70 389.107 389.16
71 388.133 389.097
72 383.435 388.557
73 382.419 386.284
74 382.419 384.219
75 382.419 383.09
76 382.419 382.643
77 382.419 382.45
78 382.419 382.419
79 382.419 382.419
80 382.419 382.419
81 382.419 382.419
82 377.975 382.375
83 377.975 382.15
84 376.838 381.027
85 373.19 380.573
86 373.448 380.897
87 371.163 379.567
88 367.68 379.909
89 367.68 379.006
90 367.68 376.671
91 367.68 376.617
92 367.68 374.638
93 364.985 371.806
94 364.469 368.542
95 364.469 367.498
96 364.469 367.22
97 364.469 366.811
98 363.628 365.62
99 360.682 365.327
100 360.682 364.059
101 360.682 363.37
102 360.682 362.159
103 360.682 361.44
104 360.682 360.682
105 360.682 360.682
106 360.682 360.682
107 360.682 360.682
108 360.682 360.682
109 359.908 360.667
110 359.908 360.582
111 359.908 360.38
112 359.908 360.047
113 359.908 359.908
114 359.908 359.908
115 359.908 359.908
116 359.908 359.908
117 359.908 359.908
118 357.145 359.88
119 357.145 359.659
120 357.145 358.803
121 357.145 357.825
122 354.056 357.1
123 355.741 357.131
124 355.741 357.385
125 355.741 356.921
126 355.741 356.485
127 355.741 356.12
128 355.741 355.783
129 355.741 355.741
130 352.432 355.708
131 350.068 355.501
132 350.068 354.88
133 343.397 353.371
134 343.397 352.38
135 343.397 351.587
136 343.397 349.72
137 343.397 349.13
138 343.397 351.492
139 343.397 347.493
140 343.397 345.016
141 343.397 343.397
142 343.397 343.397
143 343.397 343.397
144 343.24 343.396
145 343.24 343.392
146 343.24 343.364
147 343.24 343.293
148 343.24 343.24
149 342.84 343.236
150 342.84 343.204
151 342.84 343.116
152 342.84 342.973
153 341.996 342.831
154 341.996 342.732
155 341.996 342.491
156 341.996 342.166
157 341.996 341.996
158 341.996 341.996
159 341.996 341.996
160 341.996 341.996
161 340.552 341.981
162 340.552 341.909
163 340.552 341.794
164 340.552 341.707
165 340.552 341.351
166 340.552 340.68
167 340.552 340.552
168 340.552 340.552
169 340.552 340.552
170 340.552 340.552
171 340.552 340.552
172 340.119 340.547
173 340.119 340.517
174 338.779 340.413
175 338.347 340.162
176 338.347 339.64
177 337.702 338.753
178 337.269 338.343
179 337.269 337.963
180 336.654 337.574
181 333.403 337.149
182 333.403 336.755
183 333.403 335.755
184 333.403 334.334
185 333.403 333.552
186 333.403 333.403
187 333.403 333.403
188 332.899 333.398
189 332.899 333.383
190 332.899 333.282
191 332.899 333.131
192 332.899 332.981
193 332.899 332.9
194 332.899 332.9
195 332.899 332.899
196 329.564 332.865
197 329.564 332.561
198 329.564 331.491
199 329.564 330.024
200 328.428 329.552
201 328.428 329.473
202 328.428 329.2
203 324.202 328.772
204 324.202 328.264
205 324.202 327.146
206 324.202 325.596
207 324.202 324.202
208 324.202 324.202
209 324.202 324.202
210 324.202 324.202
211 322.976 324.179
212 322.976 324.057
213 321.862 323.849
214 321.862 323.32
215 321.862 322.663
216 321.396 322.262
217 321.396 321.82
218 321.396 321.722
219 321.396 321.535
220 321.396 321.396
221 321.396 321.396
222 321.396 321.396
223 321.396 321.396
224 321.396 321.396
225 320.474 321.386
226 319.643 321.315
227 319.643 321.029
228 319.643 320.447
229 316.294 319.791
230 316.294 319.103
231 316.294 317.809
232 316.294 316.331
233 316.294 316.294
234 312.518 316.256
235 311.508 316.246
236 311.508 317.331
237 311.508 319.64
238 314.882 321.887
239 314.882 320.638
240 314.882 322.863
241 314.882 324.499
242 314.882 323.751
243 314.882 321.413
244 313.339 318.976
245 314.882 318.142
246 313.953 316.405
247 313.953 315.193
248 313.953 315.804
249 313.953 314.627
250 313.953 314.272
251 313.953 313.99
252 313.953 313.953
253 313.953 313.953
254 313.953 313.953
255 313.953 313.953
256 313.953 313.953
257 313.953 313.953
258 313.953 313.953
259 313.953 313.953
260 313.953 313.953
261 313.953 313.953
262 313.953 313.953
263 313.953 313.953
264 313.953 313.953
265 313.953 313.953
266 313.953 313.953
267 313.953 313.953
268 313.953 313.953
269 313.953 313.953
270 313.953 313.953
271 313.953 313.953
272 313.953 313.953
273 313.953 313.953
274 313.953 313.953
275 313.953 313.953
276 313.953 313.953
277 313.953 313.953
278 313.953 313.953
279 313.953 313.953
280 313.953 313.953
281 313.953 313.953
282 313.953 313.953
283 313.176 313.945
284 313.176 313.892
285 313.176 313.774
286 313.176 313.448
287 313.176 313.238
288 313.176 313.176
289 313.176 313.176
290 313.176 313.176
291 313.176 313.176
292 313.176 313.176
293 313.176 313.176
294 313.176 313.176
295 313.176 313.176
296 313.176 313.176
297 313.176 313.176
298 313.176 313.176
299 313.176 313.176
300 313.176 313.176
301 313.176 313.176
302 313.176 313.176
303 313.176 313.176
304 313.176 313.176
305 313.176 313.176
306 313.176 313.176
307 313.176 313.176
308 313.176 313.176
309 313.176 313.176
310 313.176 313.176
311 313.176 313.176
312 313.176 313.176
313 313.176 313.176
314 313.176 313.176
315 313.176 313.176
316 313.176 313.176
317 313.176 313.176
318 313.176 313.176
319 313.176 313.176
320 313.176 313.176
321 313.176 313.176
322 313.176 313.176
323 313.176 313.176
324 313.176 313.176
325 313.176 313.176
326 313.176 313.176
327 313.176 313.176
328 313.176 313.176
329 313.153 313.176
330 313.153 313.174
331 313.153 313.17
332 313.153 313.162
333 313.153 313.156
334 313.153 313.154
335 313.153 313.153
336 313.153 313.153
337 313.153 313.153
338 313.153 313.153
339 313.153 313.153
340 313.153 313.153
341 313.153 313.153
342 313.153 313.153
343 313.153 313.153
344 313.153 313.153
345 313.153 313.153
346 313.153 313.153
347 313.153 313.153
348 313.153 313.153
349 313.153 313.153
350 313.153 313.153
351 313.153 313.153
352 313.153 313.153
353 313.153 313.153
354 313.153 313.153
355 313.153 313.153
356 313.153 313.153
357 313.153 313.153
358 313.153 313.153
359 313.153 313.153
360 313.153 313.153
361 313.153 313.153
362 313.153 313.153
363 313.153 313.153
364 313.153 313.153
365 313.153 313.153
366 313.153 313.153
367 313.153 313.153
368 313.153 313.153
369 313.153 313.153
370 313.153 313.153
371 313.153 313.153
372 313.153 313.153
373 313.153 313.153
374 313.153 313.153
375 313.153 313.153
376 313.153 313.153
377 313.153 313.153
378 313.153 313.153
379 313.153 313.153
380 313.153 313.153
381 313.153 313.153
382 313.153 313.153
383 313.153 313.153
384 313.153 313.153
385 313.153 313.153
386 312.883 313.15
387 312.883 313.131
388 312.883 313.069
389 312.883 312.964
390 312.883 312.916
391 312.883 312.883
392 312.883 312.883
393 312.883 312.883
394 312.883 312.883
395 312.883 312.883
396 312.883 312.883
397 312.883 312.883
398 312.883 312.883
399 312.883 312.883
400 312.883 312.883
401 312.883 312.883
402 312.883 312.883
403 312.883 312.883
404 312.883 312.883
405 311.991 312.874
406 309.415 312.777
407 309.415 312.144
408 308.523 310.817
409 308.523 309.355
410 308.523 308.96
411 308.523 308.656
412 308.523 308.576
413 308.523 308.523
414 308.523 308.523
415 308.523 308.523
416 308.523 308.523
417 308.523 308.523
418 308.523 308.523
419 308.523 308.523
420 308.523 308.523
421 308.523 308.523
422 308.523 308.523
423 308.523 308.523
424 308.523 308.523
425 308.523 308.523
426 305.63 308.494
427 305.63 308.407
428 305.63 307.994
429 305.63 307.949
430 305.63 307.892
431 305.63 308.022
432 305.63 309.561
433 305.63 308.102
434 305.63 306.665
435 305.63 305.681
436 305.63 305.63
437 305.63 305.63
438 305.63 305.63
439 305.63 305.63
440 305.63 305.63
441 305.63 305.63
442 305.63 305.63
443 305.63 305.63
444 305.63 305.63
445 305.63 305.63
446 305.63 305.63
447 305.63 305.63
448 305.63 305.63
449 305.63 305.63
450 305.63 305.63
451 305.63 305.63
452 305.63 305.63
453 305.63 305.63
454 305.63 305.63
455 305.63 305.63
456 305.63 305.63
457 305.63 305.63
458 305.63 305.63
459 305.63 305.63
460 305.63 305.63
461 305.63 305.63
462 305.63 305.63
463 305.63 305.63
464 305.63 305.63
465 305.63 305.63
466 305.63 305.63
467 305.63 305.63
468 305.63 305.63
469 305.63 305.63
470 305.63 305.63
471 305.63 305.63
472 305.63 305.63
473 305.63 305.63
474 305.63 305.63
475 305.63 305.63
476 305.63 305.63
477 305.63 305.63
478 305.63 305.63
479 305.63 305.63
480 305.63 305.63
481 305.63 305.63
482 305.63 305.63
483 305.63 305.63
484 305.63 305.63
485 305.63 305.63
486 305.63 305.63
487 305.63 305.63
488 305.63 305.63
489 305.63 305.63
490 305.63 305.63
491 305.63 305.63
492 305.63 305.63
493 305.63 305.63
494 305.63 305.63
495 305.63 305.63
496 305.63 305.63
497 305.63 305.63
498 305.63 305.63
499 305.63 305.63
500 300.439 305.529
501 300.439 305.429
502 300.439 305.471
503 300.439 311.427
504 300.439 311.073
505 300.439 313.954
506 300.439 310.811
507 300.439 312.841
508 300.439 310.924
509 300.439 309.425
510 300.439 304.071
511 300.439 302.579
512 300.439 301.105
513 300.439 300.88
514 300.439 300.439
515 300.439 300.439
516 300.439 300.439
517 300.151 300.436
518 300.151 300.413
519 300.151 300.353
520 300.151 300.263
521 300.151 300.157
522 300.151 300.151
523 300.151 300.151
524 300.151 300.151
525 300.151 300.151
526 300.151 300.151
527 300.151 300.151
528 300.151 300.151
529 300.151 300.151
530 300.151 300.151
531 300.151 300.151
532 300.151 300.151
533 300.151 300.151
534 300.151 300.151
535 300.151 300.151
536 300.151 300.151
537 300.064 300.15
538 300.064 300.142
539 300.064 300.119
540 300.064 300.085
541 300.064 300.067
542 300.064 300.064
543 300.064 300.064
544 300.064 300.064
545 300.064 300.064
546 300.064 300.064
547 300.064 300.064
548 300.064 300.064
549 300.064 300.064
550 300.064 300.064
551 300.064 300.064
552 300.064 300.064
553 300.064 300.064
554 300.064 300.064
555 299.037 300.053
556 299.037 299.91
557 299.037 299.581
558 299.037 299.271
559 299.037 299.037
560 299.037 299.037
561 299.037 299.037
562 299.037 299.037
563 299.037 299.037
564 299.037 299.037
565 299.037 299.037
566 299.037 299.037
567 299.037 299.037
568 299.037 299.037
569 299.037 299.037
570 299.037 299.037
571 299.037 299.037
572 299.037 299.037
573 299.037 299.037
574 299.037 299.037
575 299.037 299.037
576 299.037 299.037
577 299.037 299.037
578 299.037 299.037
579 297.855 299.013
580 297.855 298.895
581 297.855 298.604
582 297.855 298.245
583 297.855 297.855
584 297.855 297.855
585 297.855 297.855
586 297.855 297.855
587 297.855 297.855
588 297.855 297.855
589 297.855 297.855
590 297.855 297.855
591 297.445 297.851
592 297.445 297.798
593 297.445 297.638
594 297.445 297.498
595 297.445 297.445
596 297.445 297.445
597 297.445 297.445
598 297.445 297.445
599 297.445 297.445
600 297.445 297.445
601 297.445 297.445
602 297.445 297.445
603 297.445 297.445
604 297.445 297.445
605 297.445 297.445
606 297.445 297.445
607 297.445 297.445
608 297.445 297.445
609 297.445 297.445
610 297.445 297.445
611 297.445 297.445
612 297.445 297.445
613 297.445 297.445
614 297.445 297.445
615 297.445 297.445
616 297.445 297.445
617 297.445 297.445
618 297.445 297.445
619 297.445 297.445
620 297.445 297.445
621 297.445 297.445
622 297.445 297.445
623 297.445 297.445
624 297.445 297.445
625 297.445 297.445
626 297.445 297.445
627 297.445 297.445
628 297.445 297.445
629 297.445 297.445
630 297.445 297.445
631 297.445 297.445
632 297.445 297.445
633 297.445 297.445
634 297.445 297.445
635 297.445 297.445
636 297.445 297.445
637 297.445 297.445
638 297.445 297.445
639 295.17 297.422
640 295.17 297.354
641 295.17 296.967
642 295.17 296.262
643 293.687 295.542
644 293.687 295.218
645 293.687 294.77
646 293.687 294.503
647 293.687 293.895
648 293.687 293.687
649 291.591 293.666
650 291.591 293.457
651 291.591 292.663
652 291.591 291.594
653 291.591 291.591
654 291.591 291.591
655 291.591 291.591
656 291.591 291.591
657 291.591 291.591
658 291.591 291.591
659 291.591 291.591
660 291.591 291.591
661 291.591 291.591
662 291.591 291.591
663 291.591 291.591
664 291.591 291.591
665 291.591 291.591
666 291.591 291.591
667 291.591 291.591
668 291.591 291.591
669 291.591 291.591
670 291.591 291.591
671 291.591 291.591
672 291.591 291.591
673 291.591 291.591
674 291.591 291.591
675 291.591 291.591
676 291.591 291.591
677 291.591 291.591
678 291.591 291.591
679 291.591 291.591
680 291.591 291.591
681 291.591 291.591
682 291.591 291.591
683 291.591 291.591
684 291.591 291.591
685 291.213 291.587
686 291.213 291.534
687 291.213 291.421
688 291.213 291.33
689 291.213 291.213
690 291.213 291.213
691 291.213 291.213
692 291.213 291.213
693 291.213 291.213
694 291.213 291.213
695 291.213 291.213
696 291.213 291.213
697 291.213 291.213
698 291.213 291.213
699 291.213 291.213
700 291.213 291.213
701 291.213 291.213
702 291.213 291.213
703 291.213 291.213
704 291.213 291.213
705 291.213 291.213
706 291.213 291.213
707 291.213 291.213
708 291.213 291.213
709 291.213 291.213
710 291.213 291.213
711 291.213 291.213
712 291.213 291.213
713 291.213 291.213
714 291.213 291.213
715 291.213 291.213
716 291.213 291.213
717 291.213 291.213
718 291.213 291.213
719 291.213 291.213
720 291.213 291.213
721 291.213 291.213
722 290.349 291.205
723 290.349 291.092
724 290.349 290.869
725 290.349 290.496
726 290.349 290.349
727 290.349 290.349
728 290.349 290.349
729 287.094 290.316
730 287.094 290.219
731 287.094 289.827
732 287.094 288.815
733 287.094 287.95
734 287.094 287.309
735 287.094 287.094
736 287.094 287.094
737 287.094 287.094
738 287.094 287.094
739 287.094 287.094
740 287.094 287.094
741 287.094 287.094
742 287.094 287.094
743 286.37 287.087
744 286.37 286.96
745 284.493 286.736
746 284.493 286.365
747 284.493 285.602
748 284.493 284.928
749 284.493 284.493
750 284.493 284.493
751 284.493 284.493
752 284.493 284.493
753 284.493 284.493
754 284.493 284.493
755 284.493 284.493
756 284.493 284.493
757 284.493 284.493
758 284.493 284.493
759 284.493 284.493
760 284.493 284.493
761 284.493 284.493
762 284.493 284.493
763 284.493 284.493
764 284.493 284.493
765 284.493 284.493
766 284.493 284.493
767 284.493 284.493
768 284.493 284.493
769 284.493 284.493
770 284.493 284.493
771 284.493 284.493
772 284.493 284.493
773 284.493 284.493
774 284.493 284.493
775 284.493 284.493
776 284.493 284.493
777 284.493 284.493
778 284.493 284.493
779 284.493 284.493
780 284.493 284.493
781 284.493 284.493
782 284.493 284.493
783 284.493 284.493
784 284.493 284.493
785 284.493 284.493
786 284.493 284.493
787 284.493 284.493
788 284.493 284.493
789 284.493 284.493
790 284.493 284.493
791 284.493 284.493
792 284.493 284.493
793 284.493 284.493
794 284.493 284.493
795 284.493 284.493
796 284.493 284.493
797 284.493 284.493
798 284.493 284.493
799 284.493 284.493
800 284.493 284.493
801 284.493 284.493
802 284.493 284.493
803 284.493 284.493
804 284.493 284.493
805 284.493 284.493
806 284.493 284.493
807 284.493 284.493
808 284.493 284.493
809 284.493 284.493
810 284.493 284.493
811 284.493 284.493
812 284.493 284.493
813 284.493 284.493
814 284.493 284.493
815 284.493 284.493
816 284.493 284.493
817 284.493 284.493
818 284.493 284.493
819 284.493 284.493
820 284.493 284.493
821 284.493 284.493
822 284.493 284.493
823 284.493 284.493
824 284.493 284.493
825 284.493 284.493
826 284.493 284.493
827 284.493 284.493
828 284.493 284.493
829 284.493 284.493
830 284.493 284.493
831 284.493 284.493
832 284.493 284.493
833 284.493 284.493
834 284.493 284.493
835 284.493 284.493
836 284.493 284.493
837 284.493 284.493
838 284.493 284.493
839 284.493 284.493
840 284.493 284.493
841 284.493 284.493
842 284.493 284.493
843 284.493 284.493
844 284.493 284.493
845 284.493 284.493
846 284.493 284.493
847 284.493 284.493
848 284.493 284.493
849 284.493 284.493
850 284.493 284.493
851 284.493 284.493
852 284.493 284.493
853 284.493 284.493
854 284.493 284.493
855 284.493 284.493
856 284.493 284.493
857 284.493 284.493
858 284.493 284.493
859 284.493 284.493
860 284.493 284.493
861 284.493 284.493
862 284.493 284.493
863 284.493 284.493
864 284.493 284.493
865 284.493 284.493
866 284.493 284.493
867 284.493 284.493
868 284.493 284.493
869 284.493 284.493
870 284.493 284.493
871 284.493 284.493
872 284.493 284.493
873 284.493 284.493
874 284.493 284.493
875 284.493 284.493
876 284.493 284.493
877 284.493 284.493
878 284.493 284.493
879 284.493 284.493
880 284.493 284.493
881 284.493 284.493
882 284.493 284.493
883 284.493 284.493
884 284.493 284.493
885 284.493 284.493
886 284.493 284.493
887 284.493 284.493
888 284.493 284.493
889 284.493 284.493
890 284.493 284.493
891 284.493 284.493
892 284.493 284.493
893 284.493 284.493
894 284.493 284.493
895 284.493 284.493
896 284.493 284.493
897 284.493 284.493
898 284.493 284.493
899 284.493 284.493
900 284.493 284.493
901 284.493 284.493
902 284.493 284.493
903 284.493 284.493
904 284.493 284.493
905 284.493 284.493
906 284.493 284.493
907 284.493 284.493
908 284.493 284.493
909 284.493 284.493
910 284.493 284.493
911 284.493 284.493
912 284.493 284.493
913 284.493 284.493
914 284.493 284.493
915 284.493 284.493
916 284.493 284.493
917 284.493 284.493
918 284.493 284.493
919 284.493 284.493
920 284.493 284.493
921 284.493 284.493
922 284.493 284.493
923 284.493 284.493
924 284.493 284.493
925 284.493 284.493
926 284.493 284.493
927 284.493 284.493
928 284.493 284.493
929 284.493 284.493
930 284.493 284.493
931 284.493 284.493
932 284.493 284.493
933 284.493 284.493
934 284.493 284.493
935 284.493 284.493
936 284.493 284.493
937 284.493 284.493
938 284.493 284.493
939 284.493 284.493
940 284.493 284.493
941 284.493 284.493
942 284.493 284.493
943 284.493 284.493
944 284.493 284.493
945 284.493 284.493
946 284.493 284.493
947 284.493 284.493
948 284.493 284.493
949 284.493 284.493
950 284.493 284.493
951 284.493 284.493
952 284.493 284.493
953 284.493 284.493
954 284.493 284.493
955 284.493 284.493
956 284.493 284.493
957 284.493 284.493
958 284.493 284.493
959 284.493 284.493
960 284.493 284.493
961 284.493 284.493
962 284.493 284.493
963 284.493 284.493
964 284.493 284.493
965 284.493 284.493
966 284.493 284.493
967 284.493 284.493
968 284.493 284.493
969 284.493 284.493
970 284.493 284.493
971 284.493 284.493
972 284.493 284.493
973 284.493 284.493
974 284.493 284.493
975 284.493 284.493
976 284.493 284.493
977 284.493 284.493
978 284.493 284.493
979 284.493 284.493
980 284.493 284.493
981 284.493 284.493
982 284.493 284.493
983 284.493 284.493
984 284.493 284.493
985 284.493 284.493
986 284.493 284.493
987 284.493 284.493
988 284.493 284.493
989 284.493 284.493
990 284.493 284.493
991 284.493 284.493
992 284.493 284.493
993 284.493 284.493
994 284.493 284.493
995 284.493 284.493
996 284.493 284.493
997 284.493 284.493
998 284.493 284.493
999 284.493 284.493
1000 278.461 284.239
1001 280.743 284.035
1002 280.743 283.424
1003 280.743 283.072
1004 279.589 282.281
1005 279.589 282.126
1006 279.374 281.107
1007 279.374 280.216
1008 279.374 280.032
1009 279.374 279.409
1010 279.374 279.374
1011 279.374 279.374
1012 279.374 279.374
1013 279.374 279.374
1014 279.374 279.374
1015 279.374 279.374
1016 279.374 279.374
1017 279.374 279.374
1018 279.374 279.374
1019 279.374 279.374
1020 279.374 279.374
1021 279.374 279.374
1022 279.374 279.374
1023 279.374 279.374
1024 279.374 279.374
1025 279.374 279.374
1026 279.374 279.374
1027 279.374 279.374
1028 279.374 279.374
1029 279.374 279.374
1030 279.374 279.374
1031 279.374 279.374
1032 279.374 279.374
1033 279.374 279.374
1034 279.374 279.374
1035 279.374 279.374
1036 279.374 279.374
1037 279.374 279.374
1038 279.374 279.374
1039 279.374 279.374
1040 279.374 279.374
1041 279.374 279.374
1042 279.374 279.374
1043 279.374 279.374
1044 279.374 279.374
1045 279.374 279.374
1046 279.374 279.374
1047 279.374 279.374
1048 279.374 279.374
1049 279.374 279.374
1050 279.374 279.374
1051 279.374 279.374
1052 279.374 279.374
1053 279.374 279.374
1054 279.374 279.374
1055 279.374 279.374
1056 279.374 279.374
1057 279.374 279.374
1058 279.374 279.374
1059 279.374 279.374
1060 279.374 279.374
1061 279.374 279.374
1062 279.374 279.374
1063 279.374 279.374
1064 279.374 279.374
1065 279.374 279.374
1066 279.374 279.374
1067 279.374 279.374
1068 279.374 279.374
1069 279.374 279.374
1070 279.374 279.374
1071 279.374 279.374
1072 279.374 279.374
1073 278.809 279.368
1074 278.809 279.318
1075 278.809 279.165
1076 278.809 279.024
1077 278.809 278.86
1078 278.809 278.809
1079 278.809 278.809
1080 278.809 278.809
1081 278.809 278.809
1082 278.809 278.809
1083 278.809 278.809
1084 278.809 278.809
1085 278.809 278.809
1086 278.809 278.809
1087 278.809 278.809
1088 278.809 278.809
1089 278.809 278.809
1090 278.809 278.809
1091 278.809 278.809
1092 278.809 278.809
1093 278.809 278.809
1094 278.809 278.809
1095 278.809 278.809
1096 278.809 278.809
1097 278.809 278.809
1098 278.809 278.809
1099 278.809 278.809
1100 278.809 278.834
1101 278.809 278.809
1102 278.809 278.809
1103 278.809 278.809
1104 278.809 278.809
1105 278.809 278.809
1106 278.809 278.809
1107 278.809 278.809
1108 278.809 278.809
1109 278.809 278.809
1110 278.809 278.809
1111 278.809 278.809
1112 278.809 278.809
1113 278.809 278.809
1114 278.809 278.809
1115 278.809 278.809
1116 278.809 278.809
1117 278.809 278.809
1118 278.809 278.809
1119 278.809 278.809
1120 278.809 278.809
1121 278.809 278.809
1122 278.809 278.809
1123 278.809 278.809
1124 278.809 278.809
1125 278.809 278.809
1126 278.809 278.809
1127 278.809 278.809
1128 278.809 278.809
1129 278.809 278.809
1130 278.809 278.809
1131 278.809 278.809
1132 278.809 278.809
1133 278.809 278.809
1134 278.809 278.809
1135 278.809 278.809
1136 278.809 278.809
1137 278.809 278.809
1138 278.809 278.809
1139 278.809 278.809
1140 278.809 278.809
1141 278.809 278.809
1142 278.809 278.809
1143 278.809 278.809
1144 278.809 278.809
1145 278.809 278.809
1146 278.809 278.809
1147 278.809 278.809
1148 278.809 278.809
1149 278.809 278.809
1150 278.809 278.809
1151 278.809 278.809
1152 278.809 278.809
1153 278.809 278.809
1154 278.809 278.809
1155 278.809 278.809
1156 278.809 278.809
1157 278.809 278.809
1158 278.809 278.809
1159 278.809 278.809
1160 278.809 278.809
1161 278.809 278.809
1162 278.809 278.809
1163 278.809 278.809
1164 278.809 278.809
1165 278.809 278.809
1166 278.809 278.809
1167 278.809 278.809
1168 278.809 278.809
1169 278.809 278.809
1170 278.809 278.809
1171 278.809 278.809
1172 278.809 278.809
1173 278.809 278.809
1174 278.809 278.809
1175 278.809 278.809
1176 278.809 278.809
1177 278.809 278.809
1178 278.809 278.809
1179 278.809 278.809
1180 278.809 278.809
1181 278.809 278.809
1182 278.809 278.809
1183 278.809 278.809
1184 278.809 278.809
1185 278.809 278.809
1186 278.809 278.809
1187 278.809 278.809
1188 278.809 278.809
1189 278.809 278.809
1190 278.809 278.809
1191 275.976 278.78
1192 275.976 278.752
1193 275.976 278.695
1194 275.976 278.469
1195 275.976 278.515
1196 275.976 277.117
1197 275.976 276.887
1198 275.976 276.243
1199 275.976 275.976
1200 275.976 275.976
1201 275.976 275.976
1202 275.976 275.976
1203 275.976 275.976
1204 275.976 275.976
1205 275.976 275.976
1206 275.976 275.976
1207 275.976 275.976
1208 275.976 275.976
1209 275.976 275.976
1210 275.976 275.976
1211 275.976 275.976
1212 275.976 275.976
1213 275.976 275.976
1214 275.976 275.976
1215 275.976 275.976
1216 275.976 275.976
1217 275.976 275.976
1218 275.976 275.976
1219 275.976 275.976
1220 275.976 275.976
1221 275.976 275.976
1222 275.976 275.976
1223 275.976 275.976
1224 275.976 275.976
1225 275.976 275.976
1226 275.976 275.976
1227 275.976 275.976
1228 275.976 275.976
1229 275.976 275.976
1230 275.976 275.976
1231 275.976 275.976
1232 275.976 275.976
1233 275.976 275.976
1234 275.976 275.976
1235 275.976 275.976
1236 275.976 275.976
1237 275.976 275.976
1238 275.976 275.976
1239 275.976 275.976
1240 275.976 275.976
1241 275.976 275.976
1242 275.976 275.976
1243 275.976 275.976
1244 275.976 275.976
1245 275.976 275.976
1246 275.976 275.976
1247 275.976 275.976
1248 275.976 275.976
1249 275.976 275.976
1250 275.976 275.976
1251 275.976 275.976
1252 275.976 275.976
1253 275.976 275.976
1254 275.976 275.976
1255 275.976 275.976
1256 275.976 275.976
1257 275.976 275.976
1258 275.976 275.976
1259 275.976 275.976
1260 275.976 275.976
1261 275.976 275.976
1262 275.976 275.976
1263 275.976 275.976
1264 275.976 275.976
1265 275.976 275.976
1266 275.976 275.976
1267 275.976 275.976
1268 275.976 275.976
1269 275.976 275.976
1270 275.976 275.976
1271 275.976 275.976
1272 275.976 275.976
1273 275.976 275.976
1274 275.976 275.976
1275 275.976 275.976
1276 275.976 275.976
1277 275.976 275.976
1278 275.976 275.976
1279 275.976 275.976
1280 275.976 275.976
1281 275.976 275.976
1282 275.976 275.976
1283 275.976 275.976
1284 275.976 275.976
1285 275.976 275.976
1286 275.976 275.976
1287 275.976 275.976
1288 275.976 275.976
1289 275.976 275.976
1290 275.976 275.976
1291 275.976 275.976
1292 275.976 275.976
1293 275.976 275.976
1294 275.976 275.976
1295 275.976 275.976
1296 275.976 275.976
1297 275.976 275.976
1298 275.976 275.976
1299 275.976 275.976
1300 275.976 275.976
1301 275.976 275.976
1302 275.976 275.976
1303 275.976 275.976
1304 275.976 275.976
1305 275.976 275.976
1306 275.976 275.976
1307 275.976 275.976
1308 275.976 275.976
1309 275.976 275.976
1310 275.976 275.976
1311 275.976 275.976
1312 275.976 275.976
1313 275.976 275.976
1314 275.976 275.976
1315 275.976 275.976
1316 275.976 275.976
1317 275.976 275.976
1318 275.976 275.976
1319 275.976 275.976
1320 275.976 275.976
1321 275.976 275.976
1322 275.976 275.976
1323 275.976 275.976
1324 275.976 275.976
1325 275.976 275.976
1326 275.976 275.976
1327 275.976 275.976
1328 275.976 275.976
1329 275.976 275.976
1330 275.976 275.976
1331 275.976 275.976
1332 275.976 275.976
1333 275.976 275.976
1334 275.976 275.976
1335 275.976 275.976
1336 275.976 275.976
1337 275.976 275.976
1338 275.976 275.976
1339 275.976 275.976
1340 275.976 275.976
1341 275.976 275.976
1342 275.976 275.976
1343 275.976 275.976
1344 275.976 275.976
1345 275.976 275.976
1346 275.976 275.976
1347 275.976 275.976
1348 275.976 275.976
1349 275.976 275.976
1350 275.976 275.976
1351 275.976 275.976
1352 275.976 275.976
1353 275.976 275.976
1354 275.976 275.976
1355 275.976 275.976
1356 275.976 275.976
1357 275.976 275.976
1358 275.976 275.976
1359 275.976 275.976
1360 275.976 275.976
1361 275.976 275.976
1362 275.976 275.976
1363 275.976 275.976
1364 275.976 275.976
1365 275.976 275.976
1366 275.976 275.976
1367 275.976 275.976
1368 275.976 275.976
1369 275.976 275.976
1370 275.976 275.976
1371 275.976 275.976
1372 275.976 275.976
1373 275.976 275.976
1374 275.976 275.976
1375 275.976 275.976
1376 275.976 275.976
1377 275.976 275.976
1378 275.976 275.976
1379 275.976 275.976
1380 275.976 275.976
1381 275.976 275.976
1382 275.976 275.976
1383 275.976 275.976
1384 275.976 275.976
1385 275.976 275.976
1386 275.976 275.976
1387 275.976 275.976
1388 275.976 275.976
1389 275.976 275.976
1390 275.976 275.976
1391 275.976 275.976
1392 275.976 275.976
1393 275.976 275.976
1394 275.976 275.976
1395 275.976 275.976
1396 275.976 275.976
1397 275.976 275.976
1398 275.976 275.976
1399 275.976 275.976
1400 275.976 275.976
1401 275.976 275.976
1402 275.976 275.976
1403 275.976 275.976
1404 275.976 275.976
1405 275.976 275.976
1406 275.976 275.976
1407 275.976 275.976
1408 275.976 275.976
1409 275.976 275.976
1410 275.976 275.976
1411 275.976 275.976
1412 275.976 275.976
1413 275.976 275.976
1414 275.976 275.976
1415 275.976 275.976
1416 275.976 275.976
1417 275.976 275.976
1418 275.976 275.976
1419 275.976 275.976
1420 275.976 275.976
1421 275.976 275.976
1422 275.976 275.976
1423 275.976 275.976
1424 275.976 275.976
1425 275.976 275.976
1426 275.976 275.976
1427 275.976 275.976
1428 275.976 275.976
1429 275.976 275.976
1430 275.976 275.976
1431 275.976 275.976
1432 275.976 275.976
1433 275.976 275.976
1434 275.976 275.976
1435 275.976 275.976
1436 275.976 275.976
1437 275.976 275.976
1438 275.976 275.976
1439 275.976 275.976
1440 275.976 275.976
1441 275.976 275.976
1442 275.976 275.976
1443 275.976 275.976
1444 275.976 275.976
1445 275.976 275.976
1446 275.976 275.976
1447 275.976 275.976
1448 275.976 275.976
1449 275.976 275.976
1450 275.976 275.976
1451 275.976 275.976
1452 275.976 275.976
1453 275.976 275.976
1454 275.976 275.976
1455 275.976 275.976
1456 275.976 275.976
1457 275.976 275.976
1458 275.976 275.976
1459 275.976 275.976
1460 275.976 275.976
1461 275.976 275.976
1462 275.976 275.976
1463 275.976 275.976
1464 275.976 275.976
1465 275.976 275.976
1466 275.976 275.976
1467 275.976 275.976
1468 275.976 275.976
1469 275.976 275.976
1470 275.976 275.976
1471 275.976 275.976
1472 275.976 275.976
1473 275.976 275.976
1474 275.976 275.976
1475 275.976 275.976
1476 275.976 275.976
1477 275.976 275.976
1478 275.976 275.976
1479 275.976 275.976
1480 275.976 275.976
1481 275.976 275.976
1482 275.976 275.976
1483 275.976 275.976
1484 275.976 275.976
1485 275.976 275.976
1486 275.976 275.976
1487 275.976 275.976
1488 275.976 275.976
1489 275.976 275.976
1490 275.976 275.976
1491 275.976 275.976
1492 275.976 275.976
1493 275.976 275.976
1494 275.976 275.976
1495 275.976 275.976
1496 275.976 275.976
1497 275.976 275.976
1498 275.976 275.976
1499 275.976 275.976
1500 270.724 275.403
1501 270.724 274.49
1502 270.724 273.198
1503 270.724 271.847
1504 270.724 271.436
1505 270.724 270.822
1506 270.724 270.724
1507 270.724 270.724
1508 270.724 270.724
1509 270.724 270.724
1510 270.724 270.724
1511 270.724 270.724
1512 270.724 270.724
1513 270.724 270.724
1514 270.724 270.724
1515 270.724 270.724
1516 270.724 270.724
1517 270.724 270.724
1518 270.724 270.724
1519 270.724 270.724
1520 270.724 270.724
1521 270.724 270.724
1522 270.724 270.724
1523 270.724 270.724
1524 270.724 270.724
1525 270.724 270.724
1526 270.724 270.724
1527 270.724 270.724
1528 270.724 270.724
1529 270.724 270.724
1530 270.724 270.724
1531 270.724 270.724
1532 270.724 270.724
1533 270.724 270.724
1534 270.724 270.724
1535 270.724 270.724
1536 270.724 270.724
1537 270.724 270.724
1538 270.724 270.724
1539 270.724 270.724
1540 270.724 270.724
1541 270.724 270.724
1542 270.724 270.724
1543 270.724 270.724
1544 270.724 270.724
1545 270.724 270.724
1546 270.724 270.724
1547 270.724 270.724
1548 270.724 270.724
1549 270.724 270.724
1550 270.724 270.724
1551 270.724 270.724
1552 270.724 270.724
1553 270.724 270.724
1554 270.724 270.724
1555 270.724 270.724
1556 270.724 270.724
1557 270.724 270.724
1558 270.724 270.724
1559 270.724 270.724
1560 270.724 270.724
1561 270.724 270.724
1562 270.724 270.724
1563 270.724 270.724
1564 270.724 270.724
1565 270.724 270.724
1566 270.724 270.724
1567 270.724 270.724
1568 270.724 270.724
1569 270.724 270.724
1570 270.724 270.724
1571 270.724 270.724
1572 270.724 270.724
1573 270.724 270.724
1574 270.724 270.724
1575 270.724 270.724
1576 270.724 270.724
1577 270.724 270.724
1578 270.724 270.724
1579 270.724 270.724
1580 270.724 270.724
1581 270.724 270.724
1582 270.724 270.724
1583 270.724 270.724
1584 270.724 270.724
1585 270.724 270.724
1586 270.724 270.724
1587 270.724 270.724
1588 270.724 270.724
1589 270.724 270.724
1590 270.724 270.724
1591 270.724 270.724
1592 270.724 270.724
1593 270.724 270.724
1594 270.724 270.724
1595 270.724 270.724
1596 270.724 270.724
1597 270.724 270.724
1598 270.724 270.724
1599 270.724 270.724
1600 270.724 270.724
1601 270.724 270.724
1602 270.724 270.724
1603 270.724 270.724
1604 270.724 270.724
1605 270.724 270.724
1606 270.724 270.724
1607 270.724 270.724
1608 270.724 270.724
1609 270.724 270.724
1610 270.724 270.724
1611 270.724 270.724
1612 270.724 270.724
1613 270.724 270.724
1614 270.724 270.724
1615 270.724 270.724
1616 270.724 270.724
1617 270.724 270.724
1618 270.724 270.724
1619 270.724 270.724
1620 270.724 270.724
1621 270.724 270.724
1622 270.724 270.724
1623 270.724 270.724
1624 270.724 270.724
1625 270.724 270.724
1626 270.724 270.724
1627 270.724 270.724
1628 270.724 270.724
1629 270.724 270.724
1630 270.724 270.724
1631 270.724 270.724
1632 270.724 270.724
1633 270.724 270.724
1634 270.724 270.724
1635 270.724 270.724
1636 270.724 270.724
1637 270.724 270.724
1638 270.724 270.724
1639 270.724 270.724
1640 270.724 270.724
1641 270.724 270.724
1642 270.724 270.724
1643 270.724 270.724
1644 270.724 270.724
1645 270.724 270.724
1646 270.724 270.724
1647 270.724 270.724
1648 270.724 270.724
1649 270.724 270.724
1650 270.724 270.724
1651 270.724 270.724
1652 270.724 270.724
1653 270.724 270.724
1654 270.724 270.724
1655 270.724 270.724
1656 270.724 270.724
1657 270.724 270.724
1658 270.724 270.724
1659 270.724 270.724
1660 270.724 270.724
1661 270.724 270.724
1662 270.724 270.724
1663 270.724 270.724
1664 270.724 270.724
1665 270.724 270.724
1666 270.724 270.724
1667 270.724 270.724
1668 270.724 270.724
1669 270.724 270.724
1670 270.724 270.724
1671 270.724 270.724
1672 270.724 270.724
1673 270.724 270.724
1674 270.724 270.724
1675 270.724 270.724
1676 270.724 270.724
1677 270.724 270.724
1678 270.724 270.724
1679 270.724 270.724
1680 270.724 270.724
1681 270.724 270.724
1682 270.724 270.724
1683 270.724 270.724
1684 270.724 270.724
1685 270.724 270.724
1686 270.724 270.724
1687 270.724 270.724
1688 270.724 270.724
1689 270.724 270.724
1690 270.724 270.724
1691 270.724 270.724
1692 270.724 270.724
1693 270.724 270.724
1694 270.724 270.724
1695 270.724 270.724
1696 270.724 270.724
1697 270.724 270.724
1698 270.724 270.724
1699 270.724 270.724
1700 270.724 270.724
1701 270.724 270.724
1702 270.724 270.724
1703 270.724 270.724
1704 270.724 270.724
1705 270.724 270.724
1706 270.724 270.724
1707 270.724 270.724
1708 270.724 270.724
1709 270.724 270.724
1710 270.724 270.724
1711 270.724 270.724
1712 270.724 270.724
1713 270.724 270.724
1714 270.724 270.724
1715 270.724 270.724
1716 270.724 270.724
1717 270.724 270.724
1718 270.724 270.724
1719 270.724 270.724
1720 270.724 270.724
1721 270.724 270.724
1722 270.724 270.724
1723 270.724 270.724
1724 270.724 270.724
1725 270.724 270.724
1726 270.724 270.724
1727 270.724 270.724
1728 270.724 270.724
1729 270.724 270.724
1730 270.724 270.724
1731 270.724 270.724
1732 270.724 270.724
1733 270.724 270.724
1734 270.724 270.724
1735 270.724 270.724
1736 270.724 270.724
1737 270.724 270.724
1738 270.724 270.724
1739 270.724 270.724
1740 270.724 270.724
1741 270.724 270.724
1742 270.724 270.724
1743 270.724 270.724
1744 270.724 270.724
1745 270.724 270.724
1746 270.724 270.724
1747 270.724 270.724
1748 270.724 270.724
1749 270.724 270.724
1750 270.724 270.724
1751 270.724 270.724
1752 270.724 270.724
1753 270.724 270.724
1754 270.724 270.724
1755 270.724 270.724
1756 270.724 270.724
1757 270.724 270.724
1758 270.724 270.724
1759 270.724 270.724
1760 270.724 270.724
1761 270.724 270.724
1762 270.724 270.724
1763 270.724 270.724
1764 270.724 270.724
1765 270.724 270.724
1766 270.724 270.724
1767 270.724 270.724
1768 270.724 270.724
1769 270.724 270.724
1770 270.724 270.724
1771 270.724 270.724
1772 270.724 270.724
1773 270.724 270.724
1774 270.724 270.724
1775 270.724 270.724
1776 270.724 270.724
1777 270.724 270.724
1778 270.724 270.724
1779 270.724 270.724
1780 270.724 270.724
1781 270.724 270.724
1782 270.724 270.724
1783 270.724 270.724
1784 270.724 270.724
1785 270.724 270.724
1786 270.724 270.724
1787 270.724 270.724
1788 270.724 270.724
1789 270.724 270.724
1790 270.724 270.724
1791 270.724 270.724
1792 270.724 270.724
1793 270.724 270.724
1794 270.724 270.724
1795 270.724 270.724
1796 270.724 270.724
1797 270.724 270.724
1798 270.724 270.724
1799 270.724 270.724
1800 270.724 270.724
1801 270.724 270.724
1802 270.724 270.724
1803 270.724 270.724
1804 270.724 270.724
1805 270.724 270.724
1806 270.724 270.724
1807 270.724 270.724
1808 270.724 270.724
1809 270.724 270.724
1810 270.724 270.724
1811 270.724 270.724
1812 270.724 270.724
1813 270.724 270.724
1814 270.724 270.724
1815 270.724 270.724
1816 270.724 270.724
1817 270.724 270.724
1818 270.724 270.724
1819 270.724 270.724
1820 270.724 270.724
1821 270.724 270.724
1822 270.724 270.724
1823 270.724 270.724
1824 270.724 270.724
1825 270.724 270.724
1826 270.724 270.724
1827 270.724 270.724
1828 270.724 270.724
1829 270.724 270.724
1830 270.724 270.724
1831 270.724 270.724
1832 270.724 270.724
1833 270.724 270.724
1834 270.724 270.724
1835 270.724 270.724
1836 270.724 270.724
1837 270.724 270.724
1838 270.724 270.724
1839 270.724 270.724
1840 270.724 270.724
1841 270.724 270.724
1842 270.724 270.724
1843 270.724 270.724
1844 270.724 270.724
1845 270.724 270.724
1846 270.724 270.724
1847 270.724 270.724
1848 270.724 270.724
1849 270.724 270.724
1850 270.724 270.724
1851 270.724 270.724
1852 270.724 270.724
1853 270.724 270.724
1854 270.724 270.724
1855 270.724 270.724
1856 270.724 270.724
1857 270.724 270.724
1858 270.724 270.724
1859 270.724 270.724
1860 270.724 270.724
1861 270.724 270.724
1862 270.724 270.724
1863 270.724 270.724
1864 270.724 270.724
1865 270.724 270.724
1866 270.724 270.724
1867 270.724 270.724
1868 270.724 270.724
1869 270.724 270.724
1870 270.724 270.724
1871 270.724 270.724
1872 270.724 270.724
1873 270.724 270.724
1874 270.724 270.724
1875 270.724 270.724
1876 270.724 270.724
1877 270.724 270.724
1878 270.724 270.724
1879 270.724 270.724
1880 270.724 270.724
1881 270.724 270.724
1882 270.724 270.724
1883 270.724 270.724
1884 270.724 270.724
1885 270.724 270.724
1886 270.724 270.724
1887 270.724 270.724
1888 270.724 270.724
1889 270.724 270.724
1890 270.724 270.724
1891 270.724 270.724
1892 270.724 270.724
1893 270.724 270.724
1894 270.724 270.724
1895 270.724 270.724
1896 270.724 270.724
1897 270.724 270.724
1898 270.724 270.724
1899 270.724 270.724
1900 270.724 270.724
1901 270.724 270.724
1902 270.724 270.724
1903 270.724 270.724
1904 270.724 270.724
1905 270.724 270.724
1906 270.724 270.724
1907 270.724 270.724
1908 270.724 270.724
1909 270.724 270.724
1910 270.724 270.724
1911 270.724 270.724
1912 270.724 270.724
1913 270.724 270.724
1914 270.724 270.724
1915 270.724 270.724
1916 270.724 270.724
1917 270.724 270.724
1918 270.724 270.724
1919 270.724 270.724
1920 270.724 270.724
1921 270.724 270.724
1922 270.724 270.724
1923 270.724 270.724
1924 270.724 270.724
1925 270.724 270.724
1926 270.724 270.724
1927 270.724 270.724
1928 270.724 270.724
1929 270.724 270.724
1930 270.724 270.724
1931 270.724 270.724
1932 270.724 270.724
1933 270.724 270.724
1934 270.724 270.724
1935 270.724 270.724
1936 270.724 270.724
1937 270.724 270.724
1938 270.724 270.724
1939 270.724 270.724
1940 270.724 270.724
1941 270.724 270.724
1942 270.724 270.724
1943 270.724 270.724
1944 270.724 270.724
1945 270.724 270.724
1946 270.724 270.724
1947 270.724 270.724
1948 270.724 270.724
1949 270.724 270.724
1950 270.724 270.724
1951 270.724 270.724
1952 270.724 270.724
1953 270.724 270.724
1954 270.724 270.724
1955 270.724 270.724
1956 270.724 270.724
1957 270.724 270.724
1958 270.724 270.724
1959 270.724 270.724
1960 270.724 270.724
1961 270.724 270.724
1962 270.724 270.724
1963 270.724 270.724
1964 270.724 270.724
1965 270.724 270.724
1966 270.724 270.724
1967 270.724 270.724
1968 270.724 270.724
1969 270.724 270.724
1970 270.724 270.724
1971 270.724 270.724
1972 270.724 270.724
1973 270.724 270.724
1974 270.724 270.724
1975 270.724 270.724
1976 270.724 270.724
1977 270.724 270.724
1978 270.724 270.724
1979 270.724 270.724
1980 270.724 270.724
1981 270.724 270.724
1982 270.724 270.724
1983 270.724 270.724
1984 270.724 270.724
1985 270.724 270.724
1986 270.724 270.724
1987 270.724 270.724
1988 270.724 270.724
1989 270.724 270.724
1990 270.724 270.724
1991 270.724 270.724
1992 270.724 270.724
1993 270.724 270.724
1994 270.724 270.724
1995 270.724 270.724
1996 270.724 270.724
1997 270.724 270.724
1998 270.724 270.724
1999 270.724 270.724
2000 270.724 270.724
2001 270.724 270.724
2002 270.724 270.724
2003 270.724 270.724
2004 270.724 270.724
2005 270.724 270.724
2006 270.724 270.724
2007 270.724 270.724
2008 270.724 270.724
2009 270.724 270.724
2010 270.724 270.724
2011 270.724 270.724
2012 270.724 270.724
2013 270.724 270.724
2014 270.724 270.724
2015 270.724 270.724
2016 270.724 270.724
2017 270.724 270.724
2018 270.724 270.724
2019 270.724 270.724
2020 270.724 270.724
2021 270.724 270.724
2022 270.724 270.724
2023 270.724 270.724
2024 270.724 270.724
2025 270.724 270.724
2026 270.724 270.724
2027 270.724 270.724
2028 270.724 270.724
2029 270.724 270.724
2030 270.724 270.724
2031 270.724 270.724
2032 270.724 270.724
2033 270.724 270.724
2034 270.724 270.724
2035 270.724 270.724
2036 270.724 270.724
2037 270.724 270.724
2038 270.724 270.724
2039 270.724 270.724
2040 270.724 270.724
2041 270.724 270.724
2042 270.724 270.724
2043 270.724 270.724
2044 270.724 270.724
2045 270.724 270.724
2046 270.724 270.724
2047 270.724 270.724
2048 270.724 270.724
2049 270.724 270.724
2050 270.724 270.724
2051 270.724 270.724
2052 270.724 270.724
2053 270.724 270.724
2054 270.724 270.724
2055 270.724 270.724
2056 270.724 270.724
2057 270.724 270.724
2058 270.724 270.724
2059 270.724 270.724
2060 270.724 270.724
2061 270.724 270.724
2062 270.724 270.724
2063 270.724 270.724
2064 270.724 270.724
2065 270.724 270.724
2066 270.724 270.724
2067 270.724 270.724
2068 270.724 270.724
2069 270.724 270.724
2070 270.724 270.724
2071 270.724 270.724
2072 270.724 270.724
2073 270.724 270.724
2074 270.724 270.724
2075 270.724 270.724
2076 270.724 270.724
2077 270.724 270.724
2078 270.724 270.724
2079 270.724 270.724
2080 270.724 270.724
2081 270.724 270.724
2082 270.724 270.724
2083 270.724 270.724
2084 270.724 270.724
2085 270.724 270.724
2086 270.724 270.724
2087 270.724 270.724
2088 270.724 270.724
2089 270.724 270.724
2090 270.724 270.724
2091 270.724 270.724
2092 270.724 270.724
2093 270.724 270.724
2094 270.724 270.724
2095 270.724 270.724
2096 270.724 270.724
2097 270.724 270.724
2098 270.724 270.724
2099 270.724 270.724
2100 270.724 270.724
2101 270.724 270.724
2102 270.724 270.724
2103 270.724 270.724
2104 270.724 270.724
2105 270.724 270.724
2106 270.724 270.724
2107 270.724 270.724
2108 270.724 270.724
2109 270.724 270.724
2110 270.724 270.724
2111 270.724 270.724
2112 270.724 270.724
2113 270.724 270.724
2114 270.724 270.724
2115 270.724 270.724
2116 270.724 270.724
2117 270.724 270.724
2118 270.724 270.724
2119 270.724 270.724
2120 270.724 270.724
2121 270.724 270.724
2122 270.724 270.724
2123 270.724 270.724
2124 270.724 270.724
2125 270.724 270.724
2126 270.724 270.724
2127 270.724 270.724
2128 270.724 270.724
2129 270.724 270.724
2130 270.724 270.724
2131 270.724 270.724
2132 270.724 270.724
2133 270.724 270.724
2134 270.724 270.724
2135 270.724 270.724
2136 270.724 270.724
2137 270.724 270.724
2138 270.724 270.724
2139 270.724 270.724
2140 270.724 270.724
2141 270.724 270.724
2142 270.724 270.724
2143 270.724 270.724
2144 270.724 270.724
2145 270.724 270.724
2146 270.724 270.724
2147 270.724 270.724
2148 270.724 270.724
2149 270.724 270.724
2150 270.724 270.724
2151 270.724 270.724
2152 270.724 270.724
2153 270.724 270.724
2154 270.724 270.724
2155 270.724 270.724
2156 270.724 270.724
2157 270.724 270.724
2158 270.724 270.724
2159 270.724 270.724
2160 270.724 270.724
2161 270.724 270.724
2162 270.724 270.724
2163 270.724 270.724
2164 270.724 270.724
2165 270.724 270.724
2166 270.724 270.724
2167 270.724 270.724
2168 270.724 270.724
2169 270.724 270.724
2170 270.724 270.724
2171 270.724 270.724
2172 270.724 270.724
2173 270.724 270.724
2174 270.724 270.724
2175 270.724 270.724
2176 270.724 270.724
2177 270.724 270.724
2178 270.724 270.724
2179 270.724 270.724
2180 270.724 270.724
2181 270.724 270.724
2182 270.724 270.724
2183 270.724 270.724
2184 270.724 270.724
2185 270.724 270.724
2186 270.724 270.724
2187 270.724 270.724
2188 270.724 270.724
2189 270.724 270.724
2190 270.724 270.724
2191 270.724 270.724
2192 270.724 270.724
2193 270.724 270.724
2194 270.724 270.724
2195 270.724 270.724
2196 270.724 270.724
2197 270.724 270.724
2198 270.724 270.724
2199 270.724 270.724
2200 270.724 270.724
2201 270.724 270.724
2202 270.724 270.724
2203 270.724 270.724
2204 270.724 270.724
2205 270.724 270.724
2206 270.724 270.724
2207 270.724 270.724
2208 270.724 270.724
2209 270.724 270.724
2210 270.724 270.724
2211 270.724 270.724
2212 270.724 270.724
2213 270.724 270.724
2214 270.724 270.724
2215 270.724 270.724
2216 270.724 270.724
2217 270.724 270.724
2218 270.724 270.724
2219 270.724 270.724
2220 270.724 270.724
2221 270.724 270.724
2222 270.724 270.724
2223 270.724 270.724
2224 270.724 270.724
2225 270.724 270.724
2226 270.724 270.724
2227 270.724 270.724
2228 270.724 270.724
2229 270.724 270.724
2230 270.724 270.724
2231 270.724 270.724
2232 270.724 270.724
2233 270.724 270.724
2234 270.724 270.724
2235 270.724 270.724
2236 270.724 270.724
2237 270.724 270.724
2238 270.724 270.724
2239 270.724 270.724
2240 270.724 270.724
2241 270.724 270.724
2242 270.724 270.724
2243 270.724 270.724
2244 270.724 270.724
2245 270.724 270.724
2246 270.724 270.724
2247 270.724 270.724
2248 270.724 270.724
2249 270.724 270.724
2250 270.724 270.724
2251 270.724 270.724
2252 270.724 270.724
2253 270.724 270.724
2254 270.724 270.724
2255 270.724 270.724
2256 270.724 270.724
2257 270.724 270.724
2258 270.724 270.724
2259 270.724 270.724
2260 270.724 270.724
2261 270.724 270.724
2262 270.724 270.724
2263 270.724 270.724
2264 270.724 270.724
2265 270.724 270.724
2266 270.724 270.724
2267 270.724 270.724
2268 270.724 270.724
2269 270.724 270.724
2270 270.724 270.724
2271 270.724 270.724
2272 270.724 270.724
2273 270.724 270.724
2274 270.724 270.724
2275 270.724 270.724
2276 270.724 270.724
2277 270.724 270.724
2278 270.724 270.724
2279 270.724 270.724
2280 270.724 270.724
2281 270.724 270.724
2282 270.724 270.724
2283 270.724 270.724
2284 270.724 270.724
2285 270.724 270.724
2286 270.724 270.724
2287 270.724 270.724
2288 270.724 270.724
2289 270.724 270.724
2290 270.724 270.724
2291 270.724 270.724
2292 270.724 270.724
2293 270.724 270.724
2294 270.724 270.724
2295 270.724 270.724
2296 270.724 270.724
2297 270.724 270.724
2298 270.724 270.724
2299 270.724 270.724
2300 270.724 270.724
2301 270.724 270.724
2302 270.724 270.724
2303 270.724 270.724
2304 270.724 270.724
2305 270.724 270.724
2306 270.724 270.724
2307 270.724 270.724
2308 270.724 270.724
2309 270.724 270.724
2310 270.724 270.724
2311 270.724 270.724
2312 270.724 270.724
2313 270.724 270.724
2314 270.724 270.724
2315 270.724 270.724
2316 270.724 270.724
2317 270.724 270.724
2318 270.724 270.724
2319 270.724 270.724
2320 270.724 270.724
2321 270.724 270.724
2322 270.724 270.724
2323 270.724 270.724
2324 270.724 270.724
2325 270.724 270.724
2326 270.724 270.724
2327 270.724 270.724
2328 270.724 270.724
2329 270.724 270.724
2330 270.724 270.724
2331 270.724 270.724
2332 270.724 270.724
2333 270.724 270.724
2334 270.724 270.724
2335 270.724 270.724
2336 270.724 270.724
2337 270.724 270.724
2338 270.724 270.724
2339 270.724 270.724
2340 270.724 270.724
2341 270.724 270.724
2342 270.724 270.724
2343 270.724 270.724
2344 270.724 270.724
2345 270.724 270.724
2346 270.724 270.724
2347 270.724 270.724
2348 270.724 270.724
2349 270.724 270.724
2350 270.724 270.724
2351 270.724 270.724
2352 270.724 270.724
2353 270.724 270.724
2354 270.724 270.724
2355 270.724 270.724
2356 270.724 270.724
2357 270.724 270.724
2358 270.724 270.724
2359 270.724 270.724
2360 270.724 270.724
2361 270.724 270.724
2362 270.724 270.724
2363 270.724 270.724
2364 270.724 270.724
2365 270.724 270.724
2366 270.724 270.724
2367 270.724 270.724
2368 270.724 270.724
2369 270.724 270.724
2370 270.724 270.724
2371 270.724 270.724
2372 270.724 270.724
2373 270.724 270.724
2374 270.724 270.724
2375 270.724 270.724
2376 270.724 270.724
2377 270.724 270.724
2378 270.724 270.724
2379 270.724 270.724
2380 270.724 270.724
2381 270.724 270.724
2382 270.724 270.724
2383 270.724 270.724
2384 270.724 270.724
2385 270.724 270.724
2386 270.724 270.724
2387 270.724 270.724
2388 270.724 270.724
2389 270.724 270.724
2390 270.724 270.724
2391 270.724 270.724
2392 270.724 270.724
2393 270.724 270.724
2394 270.724 270.724
2395 270.724 270.724
2396 270.724 270.724
2397 270.724 270.724
2398 270.724 270.724
2399 270.724 270.724
2400 270.724 270.724
2401 270.724 270.724
2402 270.724 270.724
2403 270.724 270.724
2404 270.724 270.724
2405 270.724 270.724
2406 270.724 270.724
2407 270.724 270.724
2408 270.724 270.724
2409 270.724 270.724
2410 270.724 270.724
2411 270.724 270.724
2412 270.724 270.724
2413 270.724 270.724
2414 270.724 270.724
2415 270.724 270.724
2416 270.724 270.724
2417 270.724 270.724
2418 270.724 270.724
2419 270.724 270.724
2420 270.724 270.724
2421 270.724 270.724
2422 270.724 270.724
2423 270.724 270.724
2424 270.724 270.724
2425 270.724 270.724
2426 270.724 270.724
2427 270.724 270.724
2428 270.724 270.724
2429 270.724 270.724
2430 270.724 270.724
2431 270.724 270.724
2432 270.724 270.724
2433 270.724 270.724
2434 270.724 270.724
2435 270.724 270.724
2436 270.724 270.724
2437 270.724 270.724
2438 270.724 270.724
2439 270.724 270.724
2440 270.724 270.724
2441 270.724 270.724
2442 270.724 270.724
2443 270.724 270.724
2444 270.724 270.724
2445 270.724 270.724
2446 270.724 270.724
2447 270.724 270.724
2448 270.724 270.724
2449 270.724 270.724
2450 270.724 270.724
2451 270.724 270.724
2452 270.724 270.724
2453 270.724 270.724
2454 270.724 270.724
2455 270.724 270.724
2456 270.724 270.724
2457 270.724 270.724
2458 270.724 270.724
2459 270.724 270.724
2460 270.724 270.724
2461 270.724 270.724
2462 270.724 270.724
2463 270.724 270.724
2464 270.724 270.724
2465 270.724 270.724
2466 270.724 270.724
2467 270.724 270.724
2468 270.724 270.724
2469 270.724 270.724
2470 270.724 270.724
2471 270.724 270.724
2472 270.724 270.724
2473 270.724 270.724
2474 270.724 270.724
2475 270.724 270.724
2476 270.724 270.724
2477 270.724 270.724
2478 270.724 270.724
2479 270.724 270.724
2480 270.724 270.724
2481 270.724 270.724
2482 270.724 270.724
2483 270.724 270.724
2484 270.724 270.724
2485 270.724 270.724
2486 270.724 270.724
2487 270.724 270.724
2488 270.724 270.724
2489 270.724 270.724
2490 270.724 270.724
2491 270.724 270.724
2492 270.724 270.724
2493 270.724 270.724
2494 270.724 270.724
2495 270.724 270.724
2496 270.724 270.724
2497 270.724 270.724
2498 270.724 270.724
2499 270.724 270.724
