0 759.784 973.682
1 753.735 910.481
2 753.153 876.093
3 731.317 833.562
4 692.149 807.713
5 692.149 773.81
6 692.149 761.006
7 692.149 751.364
8 658.698 733.868
9 657.245 724.209
10 641.386 707.693
11 650.384 692.093
12 646.962 677.234
13 634.114 664.656
14 616.905 654.158
15 611.575 650.047
16 600.958 637.466
17 600.958 631.704
18 567.33 623.333
19 564.464 613.701
20 564.464 607.67
21 551.426 594.96
22 547.449 584.055
23 547.449 571.442
24 546.548 559.443
25 538.676 555.943
26 538.676 553.89
27 533.579 551.14
28 533.579 546.236
29 515.535 543.07
30 515.535 535.042
31 514.481 528.042
32 513.823 524.361
33 496.245 518.073
34 495.489 515.276
35 491.834 511.265
36 486.774 507.567
37 486.774 504.166
38 486.739 500.764
39 481.577 496.95
40 481.577 492.902
41 472.785 490.194
42 470.904 484.776
43 465.733 481.758
44 465.742 479.193
45 461.921 474.027
46 446.811 470.58
47 446.811 469.062
48 440.159 465.106
49 438.951 459.432
50 435.139 450.18
51 426.523 443.958
52 426.523 439.31
53 424.929 437.66
54 424.929 433.752
55 422.153 432.123
56 422.153 428.701
57 410.913 426.342
58 407.799 422.924
59 406.567 420.21
60 406.567 414.761
61 406.385 408.534
62 406.385 406.942
63 406.385 406.493
64 406.047 406.444
65 405.82 406.329
66 405.82 406.172
67 405.82 406.029
68 405.82 405.887
69 405.82 405.846
70 405.82 405.82
71 405.82 405.82
72 405.82 405.82
73 404.051 405.802
74 404.051 405.658
75 403.582 405.384
76 403.582 404.995
77 403.582 405.955
78 403.582 409.284
79 403.199 409.241
80 403.199 405.201
81 403.199 405.43
82 402.8 406.418
83 400.264 405.655
84 391.333 402.86
85 391.333 400.981
86 391.325 397.521
87 387.794 392.936
88 387.794 391.181
89 382.928 390.587
90 382.928 389.122
91 382.928 387.071
92 381.891 384.107
93 381.373 382.818
94 381.373 382.46
95 381.373 381.838
96 381.373 381.44
97 381.373 381.373
98 381.373 381.373
99 381.373 381.373
100 377.904 381.338
101 377.904 380.643
102 370.089 379.338
103 370.089 378.313
104 370.089 375.206
105 370.089 373.019
106 370.089 370.372
107 368.741 370.076
108 368.741 370.012
109 368.741 369.883
110 367.025 369.578
111 367.025 369.37
112 366.806 368.857
113 366.806 367.872
114 361.298 367.021
115 359.257 365.872
116 359.257 363.454
117 359.257 362.024
118 359.257 361.372
119 358.117 361.723
120 357.716 360.584
121 357.716 359.43
122 357.716 358.408
123 357.716 358.031
124 357.716 357.786
125 357.716 357.716
126 357.716 357.716
127 348.573 357.625
128 339.023 356.402
129 339.023 353.012
130 339.023 346.472
131 338.567 342.54
132 337.393 342.309
133 337.393 340.655
134 337.263 340.209
135 333.278 340.196
136 333.278 341.566
137 331.518 339.976
138 326.715 338.588
139 326.715 334.587
140 326.715 331.233
141 326.715 328.352
142 326.715 327.576
143 326.09 326.787
144 326.09 326.621
145 326.09 326.44
146 326.09 326.221
147 326.09 326.09
148 326.09 326.09
149 326.09 326.09
150 323.923 326.068
151 323.923 325.916
152 323.923 325.407
153 323.654 324.528
154 323.654 323.904
155 323.654 323.834
156 323.654 323.704
157 323.654 323.654
158 323.654 323.654
159 323.654 323.654
160 323.654 323.654
161 323.262 323.65
162 320.783 323.617
163 320.783 323.477
164 320.783 323.232
165 320.783 323.143
166 320.783 323.891
167 320.783 321.531
168 320.783 320.921
169 320.783 320.783
170 320.783 320.783
171 320.783 320.783
172 320.783 320.783
173 320.134 320.777
174 314.18 320.672
175 314.18 319.757
176 314.18 318.183
177 314.18 315.958
178 314.18 314.18
179 314.18 314.18
180 314.18 314.18
181 314.18 314.18
182 314.18 314.18
183 314.18 314.18
184 312.865 314.167
185 312.865 313.944
186 312.865 313.497
187 312.865 313.064
188 312.865 312.865
189 312.865 312.865
190 312.865 312.865
191 312.865 312.865
192 312.865 312.865
193 312.865 312.865
194 312.865 312.865
195 312.865 312.865
196 312.865 312.865
197 312.865 312.865
198 312.865 312.865
199 312.865 312.865
200 312.865 312.865
201 312.865 312.865
202 312.865 312.865
203 312.865 312.865
204 312.865 312.865
205 312.865 312.865
206 312.865 312.865
207 312.865 312.865
208 312.865 312.865
209 312.865 312.865
210 312.865 312.865
211 312.865 312.865
212 312.865 312.865
213 312.865 312.865
214 312.865 312.865
215 312.865 312.865
216 312.643 312.863
217 309.233 312.498
218 309.233 311.585
219 308.884 310.207
220 308.884 309.216
221 308.884 309.132
222 308.884 309.048
223 308.884 308.898
224 308.884 308.884
225 308.884 308.884
226 308.884 308.884
227 308.884 308.884
228 308.884 308.884
229 308.884 308.884
230 308.884 308.884
231 308.884 308.884
232 308.337 308.879
233 308.337 308.846
234 308.337 308.704
235 308.337 308.501
236 308.337 308.375
237 308.337 308.337
238 308.337 308.337
239 308.337 308.337
240 307.34 308.327
241 307.34 308.257
242 307.34 308.038
243 305.204 307.685
244 305.204 307.262
245 305.204 306.748
246 305.204 305.846
247 305.204 305.23
248 305.204 305.204
249 305.204 305.204
250 302.636 305.178
251 302.636 304.907
252 302.312 304.493
253 302.312 303.821
254 302.312 303.038
255 302.312 302.52
256 302.312 302.455
257 302.312 302.519
258 302.312 302.386
259 302.312 302.357
260 302.312 302.312
261 302.312 302.312
262 302.312 302.312
263 302.312 302.312
264 302.312 302.312
265 302.312 302.312
266 302.312 302.312
267 302.312 302.312
268 302.312 302.312
269 302.312 302.312
270 302.312 302.312
271 302.312 302.312
272 302.312 302.312
273 302.312 302.312
274 302.312 302.312
275 302.312 302.312
276 301.561 302.304
277 301.561 302.214
278 295.776 301.836
279 295.776 300.727
280 295.776 298.763
281 295.776 296.212
282 295.776 295.776
283 295.776 295.776
284 295.776 295.776
285 295.776 295.776
286 295.776 295.776
287 295.776 295.776
288 295.776 295.776
289 295.776 295.776
290 295.776 295.776
291 295.776 295.776
292 295.776 295.776
293 295.776 295.776
294 295.776 295.776
295 295.776 295.776
296 295.776 295.776
297 295.776 295.776
298 295.776 295.776
299 295.776 295.776
300 295.776 295.776
301 295.776 295.776
302 295.776 295.776
303 295.776 295.776
304 295.776 295.776
305 295.776 295.776
306 295.776 295.776
307 295.776 295.776
308 295.776 295.776
309 295.776 295.776
310 295.776 295.776
311 295.776 295.776
312 295.776 295.776
313 295.776 295.776
314 295.776 295.776
315 295.776 295.776
316 295.776 295.776
317 294.48 295.763
318 294.48 295.673
319 294.48 295.491
320 294.48 295.128
321 294.48 294.571
322 294.275 294.478
323 294.275 294.465
324 294.275 294.431
325 294.275 294.4
326 294.275 294.31
327 294.275 294.275
328 294.275 294.275
329 294.275 294.275
330 294.275 294.275
331 294.275 294.275
332 294.275 294.275
333 294.275 294.275
334 294.275 294.275
335 294.275 294.275
336 294.275 294.275
337 294.275 294.275
338 294.275 294.275
339 294.275 294.275
340 294.275 294.275
341 294.275 294.275
342 294.275 294.275
343 294.275 294.275
344 293.984 294.272
345 293.984 294.214
346 293.984 294.101
347 293.984 293.999
348 293.984 293.984
349 293.984 293.984
350 293.984 293.984
351 293.984 293.984
352 293.984 293.984
353 293.984 293.984
354 293.984 293.984
355 293.984 293.984
356 293.984 293.984
357 293.984 293.984
358 293.984 293.984
359 293.984 293.984
360 293.984 293.984
361 293.984 293.984
362 293.984 293.984
363 293.984 293.984
364 293.984 293.984
365 293.984 293.984
366 293.984 293.984
367 293.984 293.984
368 293.984 293.984
369 293.984 293.984
370 293.984 293.984
371 293.984 293.984
372 293.984 293.984
373 293.984 293.984
374 293.984 293.984
375 293.984 293.984
376 293.984 293.984
377 293.984 293.984
378 293.984 293.984
379 293.984 293.984
380 293.984 293.984
381 293.984 293.984
382 293.984 293.984
383 292.311 293.968
384 292.311 293.834
385 292.311 293.382
386 292.311 292.897
387 292.311 292.311
388 292.311 292.311
389 292.311 292.311
390 292.311 292.311
391 292.311 292.311
392 292.311 292.311
393 292.311 292.311
394 292.311 292.311
395 292.311 292.311
396 292.311 292.311
397 292.311 292.311
398 292.311 292.311
399 292.311 292.311
400 292.311 292.311
401 292.311 292.311
402 292.311 292.311
403 292.311 292.311
404 292.311 292.311
405 292.311 292.311
406 292.311 292.311
407 292.311 292.311
408 292.311 292.311
409 292.311 292.311
410 292.311 292.311
411 292.311 292.311
412 292.311 292.311
413 292.311 292.311
414 292.311 292.311
415 292.311 292.311
416 292.311 292.311
417 292.311 292.311
418 292.311 292.311
419 292.311 292.311
420 292.311 292.311
421 292.311 292.311
422 292.311 292.311
423 292.311 292.311
424 292.311 292.311
425 292.311 292.311
426 292.311 292.311
427 292.311 292.311
428 292.311 292.311
429 292.311 292.311
430 292.311 292.311
431 292.311 292.311
432 292.311 292.311
433 292.311 292.311
434 292.311 292.311
435 292.311 292.311
436 292.311 292.311
437 292.311 292.311
438 292.311 292.311
439 292.311 292.311
440 292.311 292.311
441 292.311 292.311
442 292.311 292.311
443 292.311 292.311
444 292.311 292.311
445 292.311 292.311
446 292.311 292.311
447 292.311 292.311
448 292.311 292.311
449 292.311 292.311
450 292.311 292.311
451 292.311 292.311
452 292.311 292.311
453 292.311 292.311
454 292.311 292.311
455 292.311 292.311
456 292.311 292.311
457 292.311 292.311
458 292.311 292.311
459 292.311 292.311
460 292.311 292.311
461 292.311 292.311
462 292.311 292.311
463 292.311 292.311
464 292.311 292.311
465 292.311 292.311
466 292.311 292.311
467 292.311 292.311
468 292.311 292.311
469 292.311 292.311
470 292.311 292.311
471 292.311 292.311
472 292.311 292.311
473 292.311 292.311
474 292.311 292.311
475 292.311 292.311
476 292.311 292.311
477 292.311 292.311
478 292.311 292.311
479 292.311 292.311
480 292.311 292.311
481 292.311 292.311
482 292.311 292.311
483 292.311 292.311
484 292.311 292.311
485 292.311 292.311
486 292.311 292.311
487 292.311 292.311
488 292.311 292.311
489 292.311 292.311
490 292.311 292.311
491 292.311 292.311
492 292.311 292.311
493 292.311 292.311
494 292.311 292.311
495 291.812 292.306
496 291.812 292.236
497 291.812 292.081
498 291.812 291.902
499 291.812 291.832
500 291.812 291.858
501 291.812 291.812
502 291.812 291.812
503 291.812 291.812
504 291.812 291.812
505 291.812 291.812
506 291.812 291.812
507 291.812 291.812
508 291.812 291.812
509 291.812 291.812
510 291.812 291.812
511 291.812 291.812
512 291.812 291.812
513 291.812 291.812
514 291.812 291.812
515 291.812 291.812
516 291.812 291.812
517 291.812 291.812
518 291.812 291.812
519 289.042 291.784
520 289.042 291.646
521 289.042 291.114
522 289.042 290.045
523 289.042 289.042
524 282.885 288.981
525 282.885 288.673
526 282.885 288.155
527 282.885 286.52
528 282.885 285.432
529 282.885 283.567
530 282.885 282.885
531 282.885 282.885
532 282.885 282.885
533 282.885 282.885
534 282.885 282.885
535 282.885 282.885
536 282.885 282.885
537 282.885 282.885
538 282.885 282.885
539 282.885 282.885
540 282.885 282.885
541 282.885 282.885
542 282.885 282.885
543 282.885 282.885
544 282.885 282.885
545 282.885 282.885
546 282.885 282.885
547 282.885 282.885
548 282.885 282.885
549 282.885 282.885
550 282.885 282.885
551 282.885 282.885
552 282.885 282.885
553 282.885 282.885
554 282.885 282.885
555 282.885 282.885
556 282.885 282.885
557 282.885 282.885
558 282.885 282.885
559 282.885 282.885
560 282.885 282.885
561 282.885 282.885
562 282.885 282.885
563 282.885 282.885
564 280.015 282.857
565 280.015 282.541
566 280.015 281.697
567 280.015 280.721
568 280.015 280.015
569 280.015 280.015
570 280.015 280.015
571 280.015 280.015
572 280.015 280.015
573 280.015 280.015
574 280.015 280.015
575 280.015 280.015
576 280.015 280.015
577 280.015 280.015
578 280.015 280.015
579 280.015 280.015
580 280.015 280.015
581 280.015 280.015
582 280.015 280.015
583 280.015 280.015
584 280.015 280.015
585 280.015 280.015
586 280.015 280.015
587 280.015 280.015
588 280.015 280.015
589 280.015 280.015
590 280.015 280.015
591 280.015 280.015
592 280.015 280.015
593 280.015 280.015
594 280.015 280.015
595 280.015 280.015
596 280.015 280.015
597 280.015 280.015
598 280.015 280.015
599 280.015 280.015
600 280.015 280.015
601 280.015 280.015
602 280.015 280.015
603 280.015 280.015
604 280.015 280.015
605 280.015 280.015
606 280.015 280.015
607 280.015 280.015
608 280.015 280.015
609 280.015 280.015
610 280.015 280.015
611 280.015 280.015
612 280.015 280.015
613 280.015 280.015
614 280.015 280.015
615 280.015 280.015
616 280.015 280.015
617 280.015 280.015
618 280.015 280.015
619 280.015 280.015
620 280.015 280.015
621 280.015 280.015
622 280.015 280.015
623 280.015 280.015
624 280.015 280.015
625 280.015 280.015
626 280.015 280.015
627 280.015 280.015
628 280.015 280.015
629 280.015 280.015
630 280.015 280.015
631 280.015 280.015
632 280.015 280.015
633 280.015 280.015
634 280.015 280.015
635 280.015 280.015
636 280.015 280.015
637 280.015 280.015
638 280.015 280.015
639 280.015 280.015
640 280.015 280.015
641 280.015 280.015
642 280.015 280.015
643 280.015 280.015
644 280.015 280.015
645 280.015 280.015
646 280.015 280.015
647 280.015 280.015
648 280.015 280.015
649 280.015 280.015
650 280.015 280.015
651 280.015 280.015
652 280.015 280.015
653 280.015 280.015
654 280.015 280.015
655 280.015 280.015
656 280.015 280.015
657 280.015 280.015
658 280.015 280.015
659 280.015 280.015
660 280.015 280.015
661 280.015 280.015
662 280.015 280.015
663 280.015 280.015
664 280.015 280.015
665 280.015 280.015
666 280.015 280.015
667 280.015 280.015
668 280.015 280.015
669 280.015 280.015
670 280.015 280.015
671 280.015 280.015
672 280.015 280.015
673 280.015 280.015
674 280.015 280.015
675 280.015 280.015
676 280.015 280.015
677 280.015 280.015
678 280.015 280.015
679 280.015 280.015
680 280.015 280.015
681 280.015 280.015
682 280.015 280.015
683 280.015 280.015
684 280.015 280.015
685 280.015 280.015
686 280.015 280.015
687 280.015 280.015
688 280.015 280.015
689 280.015 280.015
690 280.015 280.015
691 280.015 280.015
692 280.015 280.015
693 280.015 280.015
694 280.015 280.015
695 280.015 280.015
696 280.015 280.015
697 280.015 280.015
698 280.015 280.015
699 280.015 280.015
700 280.015 280.015
701 280.015 280.015
702 280.015 280.015
703 280.015 280.015
704 280.015 280.015
705 280.015 280.015
706 280.015 280.015
707 280.015 280.015
708 280.015 280.015
709 280.015 280.015
710 280.015 280.015
711 280.015 280.015
712 280.015 280.015
713 280.015 280.015
714 280.015 280.015
715 280.015 280.015
716 280.015 280.015
717 280.015 280.015
718 280.015 280.015
719 280.015 280.015
720 280.015 280.015
721 280.015 280.015
722 280.015 280.015
723 280.015 280.015
724 280.015 280.015
725 280.015 280.015
726 280.015 280.015
727 280.015 280.015
728 280.015 280.015
729 280.015 280.015
730 280.015 280.015
731 280.015 280.015
732 280.015 280.015
733 280.015 280.015
734 280.015 280.015
735 280.015 280.015
736 280.015 280.015
737 280.015 280.015
738 280.015 280.015
739 280.015 280.015
740 280.015 280.015
741 280.015 280.015
742 280.015 280.015
743 280.015 280.015
744 280.015 280.015
745 280.015 280.015
746 280.015 280.015
747 280.015 280.015
748 280.015 280.015
749 280.015 280.015
750 280.015 280.015
751 280.015 280.015
752 280.015 280.015
753 280.015 280.015
754 280.015 280.015
755 280.015 280.015
756 280.015 280.015
757 280.015 280.015
758 280.015 280.015
759 280.015 280.015
760 280.015 280.015
761 280.015 280.015
762 280.015 280.015
763 280.015 280.015
764 280.015 280.015
765 280.015 280.015
766 280.015 280.015
767 280.015 280.015
768 280.015 280.015
769 280.015 280.015
770 280.015 280.015
771 280.015 280.015
772 280.015 280.015
773 280.015 280.015
774 280.015 280.015
775 280.015 280.015
776 280.015 280.015
777 280.015 280.015
778 280.015 280.015
779 280.015 280.015
780 280.015 280.015
781 280.015 280.015
782 280.015 280.015
783 280.015 280.015
784 280.015 280.015
785 280.015 280.015
786 280.015 280.015
787 280.015 280.015
788 280.015 280.015
789 280.015 280.015
790 280.015 280.015
791 280.015 280.015
792 280.015 280.015
793 280.015 280.015
794 280.015 280.015
795 280.015 280.015
796 280.015 280.015
797 280.015 280.015
798 280.015 280.015
799 280.015 280.015
800 280.015 280.015
801 280.015 280.015
802 280.015 280.015
803 280.015 280.015
804 280.015 280.015
805 280.015 280.015
806 280.015 280.015
807 280.015 280.015
808 279.666 280.012
809 279.666 279.97
810 279.666 279.879
811 279.666 280.513
812 279.666 279.97
813 279.666 279.729
814 279.666 279.666
815 279.666 279.666
816 279.666 279.666
817 279.666 279.666
818 279.666 279.666
819 279.666 279.666
820 279.666 279.666
821 279.666 279.666
822 279.666 279.666
823 279.666 279.666
824 279.666 279.666
825 279.666 279.666
826 279.666 279.666
827 279.666 279.666
828 279.666 279.666
829 279.666 279.666
830 279.666 279.666
831 279.666 279.666
832 279.666 279.666
833 279.666 279.666
834 279.666 279.666
835 279.666 279.666
836 279.666 279.666
837 279.666 279.666
838 279.666 279.666
839 279.666 279.666
840 279.666 279.666
841 279.666 279.666
842 279.666 279.666
843 279.666 279.666
844 279.666 279.666
845 279.666 279.666
846 279.666 279.666
847 279.666 279.666
848 279.666 279.666
849 279.666 279.666
850 279.666 279.666
851 279.666 279.666
852 279.666 279.666
853 279.666 279.666
854 279.666 279.666
855 279.666 279.666
856 279.666 279.666
857 279.666 279.666
858 279.666 279.666
859 279.666 279.666
860 279.666 279.666
861 279.666 279.666
862 279.666 279.666
863 279.666 279.666
864 279.666 279.666
865 279.666 279.666
866 279.145 279.661
867 279.145 279.609
868 279.145 279.447
869 279.145 279.26
870 279.145 279.145
871 279.145 279.145
872 279.145 279.145
873 279.145 279.145
874 279.145 279.145
875 279.145 279.145
876 279.145 279.145
877 279.145 279.145
878 279.145 279.145
879 279.145 279.145
880 279.145 279.145
881 279.145 279.145
882 279.145 279.145
883 279.145 279.145
884 279.145 279.145
885 279.145 279.145
886 279.145 279.145
887 279.145 279.145
888 279.145 279.145
889 279.145 279.145
890 279.145 279.145
891 279.145 279.145
892 279.145 279.145
893 279.145 279.145
894 279.145 279.145
895 279.145 279.145
896 279.145 279.145
897 279.145 279.145
898 279.145 279.145
899 279.145 279.145
900 279.145 279.145
901 279.145 279.145
902 279.145 279.145
903 279.145 279.145
904 279.145 279.145
905 279.145 279.145
906 279.145 279.145
907 279.145 279.145
908 279.145 279.145
909 279.145 279.145
910 279.145 279.145
911 279.145 279.145
912 279.145 279.145
913 279.145 279.145
914 279.145 279.145
915 279.145 279.145
916 279.145 279.145
917 279.145 279.145
918 279.145 279.145
919 279.145 279.145
920 279.145 279.145
921 279.145 279.145
922 279.145 279.145
923 279.145 279.145
924 279.145 279.145
925 279.145 279.145
926 279.145 279.145
927 279.145 279.145
928 279.145 279.145
929 279.145 279.145
930 279.145 279.145
931 279.145 279.145
932 279.145 279.145
933 279.145 279.145
934 279.145 279.145
935 279.145 279.145
936 279.145 279.145
937 279.145 279.145
938 279.145 279.145
939 279.145 279.145
940 279.145 279.145
941 279.145 279.145
942 279.145 279.145
943 279.145 279.145
944 279.145 279.145
945 279.145 279.145
946 279.145 279.145
947 279.145 279.145
948 279.145 279.145
949 279.145 279.145
950 279.145 279.145
951 279.145 279.145
952 279.145 279.145
953 279.145 279.145
954 279.145 279.145
955 279.145 279.145
956 278.461 279.138
957 278.461 279.07
958 278.461 278.851
959 278.461 278.659
960 278.461 278.522
961 278.461 278.461
962 278.461 278.461
963 278.461 278.461
964 278.461 278.461
965 278.461 278.461
966 278.461 278.461
967 278.461 278.461
968 278.461 278.461
969 278.461 278.461
970 278.461 278.461
971 278.461 278.461
972 278.461 278.461
973 278.461 278.461
974 278.461 278.461
975 278.461 278.461
976 278.461 278.461
977 278.461 278.461
978 278.461 278.461
979 278.461 278.461
980 278.461 278.461
981 278.461 278.461
982 278.461 278.461
983 278.461 278.461
984 278.461 278.461
985 278.461 278.461
986 278.461 278.461
987 278.461 278.461
988 278.461 278.461
989 278.461 278.461
990 278.461 278.461
991 278.461 278.461
992 278.461 278.461
993 278.461 278.461
994 278.461 278.461
995 278.461 278.461
996 278.461 278.461
997 278.461 278.461
998 278.461 278.461
999 278.461 278.461
1000 278.461 278.461
1001 278.461 278.461
1002 278.461 278.461
1003 278.461 278.461
1004 278.461 278.461
1005 278.461 278.461
1006 278.461 278.461
1007 278.461 278.461
1008 278.461 278.461
1009 278.461 278.461
1010 278.461 278.461
1011 278.461 278.461
1012 278.461 278.461
1013 278.461 278.461
1014 278.461 278.461
1015 278.461 278.461
1016 278.461 278.461
1017 278.461 278.461
1018 278.461 278.461
1019 278.461 278.461
1020 278.461 278.461
1021 278.461 278.461
1022 278.461 278.461
1023 278.461 278.461
1024 278.461 278.461
1025 278.461 278.461
1026 278.461 278.461
1027 278.461 278.461
1028 278.461 278.461
1029 278.461 278.461
1030 278.461 278.461
1031 278.461 278.461
1032 278.461 278.461
1033 278.461 278.461
1034 278.461 278.461
1035 278.461 278.461
1036 278.461 278.461
1037 278.461 278.461
1038 278.461 278.461
1039 278.461 278.461
1040 278.461 278.461
1041 278.461 278.461
1042 278.461 278.461
1043 278.461 278.461
1044 278.461 278.461
1045 278.461 278.461
1046 278.461 278.461
1047 278.461 278.461
1048 278.461 278.461
1049 278.461 278.461
1050 278.461 278.461
1051 278.461 278.461
1052 278.461 278.461
1053 278.461 278.461
1054 278.461 278.461
1055 278.461 278.461
1056 278.461 278.461
1057 278.461 278.461
1058 278.461 278.461
1059 278.461 278.461
1060 278.461 278.461
1061 278.461 278.461
1062 278.461 278.461
1063 278.461 278.461
1064 278.461 278.461
1065 278.461 278.461
1066 278.461 278.461
1067 278.461 278.461
1068 275.629 278.404
1069 275.629 278.149
1070 275.629 277.789
1071 275.629 277.251
1072 275.629 276.567
1073 275.629 276.355
1074 275.629 275.657
1075 275.629 275.728
1076 275.629 275.629
1077 275.629 275.629
1078 275.629 275.629
1079 275.629 275.629
1080 275.629 275.629
1081 275.629 275.629
1082 275.629 275.629
1083 275.629 275.629
1084 275.629 275.629
1085 275.629 275.629
1086 275.629 275.629
1087 275.629 275.629
1088 275.629 275.629
1089 275.629 275.629
1090 275.629 275.629
1091 275.629 275.629
1092 275.629 275.629
1093 275.629 275.629
1094 275.629 275.629
1095 275.629 275.629
1096 275.629 275.629
1097 275.629 275.629
1098 275.629 275.629
1099 275.629 275.629
1100 275.629 275.629
1101 275.629 275.629
1102 275.629 275.629
1103 275.629 275.629
1104 275.629 275.629
1105 275.629 275.629
1106 275.629 275.629
1107 275.629 275.629
1108 275.629 275.629
1109 275.629 275.629
1110 275.629 275.629
1111 275.629 275.629
1112 275.629 275.629
1113 275.629 275.629
1114 275.629 275.629
1115 275.629 275.629
1116 275.629 275.629
1117 275.629 275.629
1118 275.629 275.629
1119 275.629 275.629
1120 275.629 275.629
1121 275.629 275.629
1122 275.629 275.629
1123 275.629 275.629
1124 275.629 275.629
1125 275.629 275.629
1126 275.629 275.629
1127 275.629 275.629
1128 275.629 275.629
1129 275.629 275.629
1130 275.629 275.629
1131 275.629 275.629
1132 275.629 275.629
1133 275.629 275.629
1134 275.629 275.629
1135 275.629 275.629
1136 275.629 275.629
1137 275.629 275.629
1138 275.629 275.629
1139 275.629 275.629
1140 275.629 275.629
1141 275.629 275.629
1142 275.629 275.629
1143 275.629 275.629
1144 275.629 275.629
1145 275.629 275.629
1146 275.629 275.629
1147 275.629 275.629
1148 275.629 275.629
1149 275.629 275.629
1150 275.629 275.629
1151 275.629 275.629
1152 275.629 275.629
1153 275.629 275.629
1154 275.629 275.629
1155 275.629 275.629
1156 275.629 275.629
1157 275.629 275.629
1158 275.629 275.629
1159 275.629 275.629
1160 275.629 275.629
1161 275.629 275.629
1162 275.629 275.629
1163 275.629 275.629
1164 275.629 275.629
1165 275.629 275.629
1166 275.629 275.629
1167 275.629 275.629
1168 275.629 275.629
1169 275.629 275.629
1170 275.629 275.629
1171 275.629 275.629
1172 275.629 275.629
1173 275.629 275.629
1174 275.629 275.629
1175 275.629 275.629
1176 275.629 275.629
1177 275.629 275.629
1178 275.629 275.629
1179 275.629 275.629
1180 275.629 275.629
1181 275.629 275.629
1182 275.629 275.629
1183 275.629 275.629
1184 275.629 275.629
1185 275.629 275.629
1186 275.629 275.629
1187 275.629 275.629
1188 275.629 275.629
1189 275.629 275.629
1190 275.629 275.629
1191 275.629 275.629
1192 275.629 275.629
1193 275.629 275.629
1194 275.629 275.629
1195 275.629 275.629
1196 275.629 275.629
1197 275.629 275.629
1198 275.629 275.629
1199 275.629 275.629
1200 275.629 275.629
1201 275.629 275.629
1202 275.629 275.629
1203 275.629 275.629
1204 275.629 275.629
1205 275.629 275.629
1206 275.629 275.629
1207 275.629 275.629
1208 275.629 275.629
1209 275.629 275.629
1210 275.629 275.629
1211 275.629 275.629
1212 275.629 275.629
1213 275.629 275.629
1214 275.629 275.629
1215 275.629 275.629
1216 275.629 275.629
1217 275.629 275.629
1218 275.629 275.629
1219 275.629 275.629
1220 275.629 275.629
1221 275.629 275.629
1222 275.629 275.629
1223 275.629 275.629
1224 275.629 275.629
1225 275.629 275.629
1226 275.629 275.629
1227 275.629 275.629
1228 275.629 275.629
1229 275.629 275.629
1230 275.629 275.629
1231 275.629 275.629
1232 275.629 275.629
1233 275.629 275.629
1234 275.629 275.629
1235 275.629 275.629
1236 275.629 275.629
1237 275.629 275.629
1238 275.629 275.629
1239 275.629 275.629
1240 275.629 275.629
1241 275.629 275.629
1242 275.629 275.629
1243 275.629 275.629
1244 275.629 275.629
1245 275.629 275.629
1246 275.629 275.629
1247 275.629 275.629
1248 275.629 275.629
1249 275.629 275.629
1250 270.724 275.007
1251 270.724 273.631
1252 270.724 272.561
1253 270.724 271.743
1254 270.724 271.021
1255 270.724 270.758
1256 270.724 270.724
1257 270.724 270.724
1258 270.724 270.724
1259 270.724 270.724
1260 270.724 270.724
1261 270.724 270.724
1262 270.724 270.724
1263 270.724 270.724
1264 270.724 270.724
1265 270.724 270.724
1266 270.724 270.724
1267 270.724 270.724
1268 270.724 270.724
1269 270.724 270.724
1270 270.724 270.724
1271 270.724 270.724
1272 270.724 270.724
1273 270.724 270.724
1274 270.724 270.724
1275 270.724 270.724
1276 270.724 270.724
1277 270.724 270.724
1278 270.724 270.724
1279 270.724 270.724
1280 270.724 270.724
1281 270.724 270.724
1282 270.724 270.724
1283 270.724 270.724
1284 270.724 270.724
1285 270.724 270.724
1286 270.724 270.724
1287 270.724 270.724
1288 270.724 270.724
1289 270.724 270.724
1290 270.724 270.724
1291 270.724 270.724
1292 270.724 270.724
1293 270.724 270.724
1294 270.724 270.724
1295 270.724 270.724
1296 270.724 270.724
1297 270.724 270.724
1298 270.724 270.724
1299 270.724 270.724
1300 270.724 270.724
1301 270.724 270.724
1302 270.724 270.724
1303 270.724 270.724
1304 270.724 270.724
1305 270.724 270.724
1306 270.724 270.724
1307 270.724 270.724
1308 270.724 270.724
1309 270.724 270.724
1310 270.724 270.724
1311 270.724 270.724
1312 270.724 270.724
1313 270.724 270.724
1314 270.724 270.724
1315 270.724 270.724
1316 270.724 270.724
1317 270.724 270.724
1318 270.724 270.724
1319 270.724 270.724
1320 270.724 270.724
1321 270.724 270.724
1322 270.724 270.724
1323 270.724 270.724
1324 270.724 270.724
1325 270.724 270.724
1326 270.724 270.724
1327 270.724 270.724
1328 270.724 270.724
1329 270.724 270.724
1330 270.724 270.724
1331 270.724 270.724
1332 270.724 270.724
1333 270.724 270.724
1334 270.724 270.724
1335 270.724 270.724
1336 270.724 270.724
1337 270.724 270.724
1338 270.724 270.724
1339 270.724 270.724
1340 270.724 270.724
1341 270.724 270.724
1342 270.724 270.724
1343 270.724 270.724
1344 270.724 270.724
1345 270.724 270.724
1346 270.724 270.724
1347 270.724 270.724
1348 270.724 270.724
1349 270.724 270.724
1350 270.724 270.724
1351 270.724 270.724
1352 270.724 270.724
1353 270.724 270.724
1354 270.724 270.724
1355 270.724 270.724
1356 270.724 270.724
1357 270.724 270.724
1358 270.724 270.724
1359 270.724 270.724
1360 270.724 270.724
1361 270.724 270.724
1362 270.724 270.724
1363 270.724 270.724
1364 270.724 270.724
1365 270.724 270.724
1366 270.724 270.724
1367 270.724 270.724
1368 270.724 270.724
1369 270.724 270.724
1370 270.724 270.724
1371 270.724 270.724
1372 270.724 270.724
1373 270.724 270.724
1374 270.724 270.724
1375 270.724 270.724
1376 270.724 270.724
1377 270.724 270.724
1378 270.724 270.724
1379 270.724 270.724
1380 270.724 270.724
1381 270.724 270.724
1382 270.724 270.724
1383 270.724 270.724
1384 270.724 270.724
1385 270.724 270.724
1386 270.724 270.724
1387 270.724 270.724
1388 270.724 270.724
1389 270.724 270.724
1390 270.724 270.724
1391 270.724 270.724
1392 270.724 270.724
1393 270.724 270.724
1394 270.724 270.724
1395 270.724 270.724
1396 270.724 270.724
1397 270.724 270.724
1398 270.724 270.724
1399 270.724 270.724
1400 270.724 270.724
1401 270.724 270.724
1402 270.724 270.724
1403 270.724 270.724
1404 270.724 270.724
1405 270.724 270.724
1406 270.724 270.724
1407 270.724 270.724
1408 270.724 270.724
1409 270.724 270.724
1410 270.724 270.724
1411 270.724 270.724
1412 270.724 270.724
1413 270.724 270.724
1414 270.724 270.724
1415 270.724 270.724
1416 270.724 270.724
1417 270.724 270.724
1418 270.724 270.724
1419 270.724 270.724
1420 270.724 270.724
1421 270.724 270.724
1422 270.724 270.724
1423 270.724 270.724
1424 270.724 270.724
1425 270.724 270.724
1426 270.724 270.724
1427 270.724 270.724
1428 270.724 270.724
1429 270.724 270.724
1430 270.724 270.724
1431 270.724 270.724
1432 270.724 270.724
1433 270.724 270.724
1434 270.724 270.724
1435 270.724 270.724
1436 270.724 270.724
1437 270.724 270.724
1438 270.724 270.724
1439 270.724 270.724
1440 270.724 270.724
1441 270.724 270.724
1442 270.724 270.724
1443 270.724 270.724
1444 270.724 270.724
1445 270.724 270.724
1446 270.724 270.724
1447 270.724 270.724
1448 270.724 270.724
1449 270.724 270.724
1450 270.724 270.724
1451 270.724 270.724
1452 270.724 270.724
1453 270.724 270.724
1454 270.724 270.724
1455 270.724 270.724
1456 270.724 270.724
1457 270.724 270.724
1458 270.724 270.724
1459 270.724 270.724
1460 270.724 270.724
1461 270.724 270.724
1462 270.724 270.724
1463 270.724 270.724
1464 270.724 270.724
1465 270.724 270.724
1466 270.724 270.724
1467 270.724 270.724
1468 270.724 270.724
1469 270.724 270.724
1470 270.724 270.724
1471 270.724 270.724
1472 270.724 270.724
1473 270.724 270.724
1474 270.724 270.724
1475 270.724 270.724
1476 270.724 270.724
1477 270.724 270.724
1478 270.724 270.724
1479 270.724 270.724
1480 270.724 270.724
1481 270.724 270.724
1482 270.724 270.724
1483 270.724 270.724
1484 270.724 270.724
1485 270.724 270.724
1486 270.724 270.724
1487 270.724 270.724
1488 270.724 270.724
1489 270.724 270.724
1490 270.724 270.724
1491 270.724 270.724
1492 270.724 270.724
1493 270.724 270.724
1494 270.724 270.724
1495 270.724 270.724
1496 270.724 270.724
1497 270.724 270.724
1498 270.724 270.724
1499 270.724 270.724
1500 270.724 270.724
1501 270.724 270.724
1502 270.724 270.724
1503 270.724 270.724
1504 270.724 270.724
1505 270.724 270.724
1506 270.724 270.724
1507 270.724 270.724
1508 270.724 270.724
1509 270.724 270.724
1510 270.724 270.724
1511 270.724 270.724
1512 270.724 270.724
1513 270.724 270.724
1514 270.724 270.724
1515 270.724 270.724
1516 270.724 270.724
1517 270.724 270.724
1518 270.724 270.724
1519 270.724 270.724
1520 270.724 270.724
1521 270.724 270.724
1522 270.724 270.724
1523 270.724 270.724
1524 270.724 270.724
1525 270.724 270.724
1526 270.724 270.724
1527 270.724 270.724
1528 270.724 270.724
1529 270.724 270.724
1530 270.724 270.724
1531 270.724 270.724
1532 270.724 270.724
1533 270.724 270.724
1534 270.724 270.724
1535 270.724 270.724
1536 270.724 270.724
1537 270.724 270.724
1538 270.724 270.724
1539 270.724 270.724
1540 270.724 270.724
1541 270.724 270.724
1542 270.724 270.724
1543 270.724 270.724
1544 270.724 270.724
1545 270.724 270.724
1546 270.724 270.724
1547 270.724 270.724
1548 270.724 270.724
1549 270.724 270.724
1550 270.724 270.724
1551 270.724 270.724
1552 270.724 270.724
1553 270.724 270.724
1554 270.724 270.724
1555 270.724 270.724
1556 270.724 270.724
1557 270.724 270.724
1558 270.724 270.724
1559 270.724 270.724
1560 270.724 270.724
1561 270.724 270.724
1562 270.724 270.724
1563 270.724 270.724
1564 270.724 270.724
1565 270.724 270.724
1566 270.724 270.724
1567 270.724 270.724
1568 270.724 270.724
1569 270.724 270.724
1570 270.724 270.724
1571 270.724 270.724
1572 270.724 270.724
1573 270.724 270.724
1574 270.724 270.724
1575 270.724 270.724
1576 270.724 270.724
1577 270.724 270.724
1578 270.724 270.724
1579 270.724 270.724
1580 270.724 270.724
1581 270.724 270.724
1582 270.724 270.724
1583 270.724 270.724
1584 270.724 270.724
1585 270.724 270.724
1586 270.724 270.724
1587 270.724 270.724
1588 270.724 270.724
1589 270.724 270.724
1590 270.724 270.724
1591 270.724 270.724
1592 270.724 270.724
1593 270.724 270.724
1594 270.724 270.724
1595 270.724 270.724
1596 270.724 270.724
1597 270.724 270.724
1598 270.724 270.724
1599 270.724 270.724
1600 270.724 270.724
1601 270.724 270.724
1602 270.724 270.724
1603 270.724 270.724
1604 270.724 270.724
1605 270.724 270.724
1606 270.724 270.724
1607 270.724 270.724
1608 270.724 270.724
1609 270.724 270.724
1610 270.724 270.724
1611 270.724 270.724
1612 270.724 270.724
1613 270.724 270.724
1614 270.724 270.724
1615 270.724 270.724
1616 270.724 270.724
1617 270.724 270.724
1618 270.724 270.724
1619 270.724 270.724
1620 270.724 270.724
1621 270.724 270.724
1622 270.724 270.724
1623 270.724 270.724
1624 270.724 270.724
1625 270.724 270.724
1626 270.724 270.724
1627 270.724 270.724
1628 270.724 270.724
1629 270.724 270.724
1630 270.724 270.724
1631 270.724 270.724
1632 270.724 270.724
1633 270.724 270.724
1634 270.724 270.724
1635 270.724 270.724
1636 270.724 270.724
1637 270.724 270.724
1638 270.724 270.724
1639 270.724 270.724
1640 270.724 270.724
1641 270.724 270.724
1642 270.724 270.724
1643 270.724 270.724
1644 270.724 270.724
1645 270.724 270.724
1646 270.724 270.724
1647 270.724 270.724
1648 270.724 270.724
1649 270.724 270.724
1650 270.724 270.724
1651 270.724 270.724
1652 270.724 270.724
1653 270.724 270.724
1654 270.724 270.724
1655 270.724 270.724
1656 270.724 270.724
1657 270.724 270.724
1658 270.724 270.724
1659 270.724 270.724
1660 270.724 270.724
1661 270.724 270.724
1662 270.724 270.724
1663 270.724 270.724
1664 270.724 270.724
1665 270.724 270.724
1666 270.724 270.724
1667 270.724 270.724
1668 270.724 270.724
1669 270.724 270.724
1670 270.724 270.724
1671 270.724 270.724
1672 270.724 270.724
1673 270.724 270.724
1674 270.724 270.724
1675 270.724 270.724
1676 270.724 270.724
1677 270.724 270.724
1678 270.724 270.724
1679 270.724 270.724
1680 270.724 270.724
1681 270.724 270.724
1682 270.724 270.724
1683 270.724 270.724
1684 270.724 270.724
1685 270.724 270.724
1686 270.724 270.724
1687 270.724 270.724
1688 270.724 270.724
1689 270.724 270.724
1690 270.724 270.724
1691 270.724 270.724
1692 270.724 270.724
1693 270.724 270.724
1694 270.724 270.724
1695 270.724 270.724
1696 270.724 270.724
1697 270.724 270.724
1698 270.724 270.724
1699 270.724 270.724
1700 270.724 270.724
1701 270.724 270.724
1702 270.724 270.724
1703 270.724 270.724
1704 270.724 270.724
1705 270.724 270.724
1706 270.724 270.724
1707 270.724 270.724
1708 270.724 270.724
1709 270.724 270.724
1710 270.724 270.724
1711 270.724 270.724
1712 270.724 270.724
1713 270.724 270.724
1714 270.724 270.724
1715 270.724 270.724
1716 270.724 270.724
1717 270.724 270.724
1718 270.724 270.724
1719 270.724 270.724
1720 270.724 270.724
1721 270.724 270.724
1722 270.724 270.724
1723 270.724 270.724
1724 270.724 270.724
1725 270.724 270.724
1726 270.724 270.724
1727 270.724 270.724
1728 270.724 270.724
1729 270.724 270.724
1730 270.724 270.724
1731 270.724 270.724
1732 270.724 270.724
1733 270.724 270.724
1734 270.724 270.724
1735 270.724 270.724
1736 270.724 270.724
1737 270.724 270.724
1738 270.724 270.724
1739 270.724 270.724
1740 270.724 270.724
1741 270.724 270.724
1742 270.724 270.724
1743 270.724 270.724
1744 270.724 270.724
1745 270.724 270.724
1746 270.724 270.724
1747 270.724 270.724
1748 270.724 270.724
1749 270.724 270.724
1750 270.724 270.724
1751 270.724 270.724
1752 270.724 270.724
1753 270.724 270.724
1754 270.724 270.724
1755 270.724 270.724
1756 270.724 270.724
1757 270.724 270.724
1758 270.724 270.724
1759 270.724 270.724
1760 270.724 270.724
1761 270.724 270.724
1762 270.724 270.724
1763 270.724 270.724
1764 270.724 270.724
1765 270.724 270.724
1766 270.724 270.724
1767 270.724 270.724
1768 270.724 270.724
1769 270.724 270.724
1770 270.724 270.724
1771 270.724 270.724
1772 270.724 270.724
1773 270.724 270.724
1774 270.724 270.724
1775 270.724 270.724
1776 270.724 270.724
1777 270.724 270.724
1778 270.724 270.724
1779 270.724 270.724
1780 270.724 270.724
1781 270.724 270.724
1782 270.724 270.724
1783 270.724 270.724
1784 270.724 270.724
1785 270.724 270.724
1786 270.724 270.724
1787 270.724 270.724
1788 270.724 270.724
1789 270.724 270.724
1790 270.724 270.724
1791 270.724 270.724
1792 270.724 270.724
1793 270.724 270.724
1794 270.724 270.724
1795 270.724 270.724
1796 270.724 270.724
1797 270.724 270.724
1798 270.724 270.724
1799 270.724 270.724
1800 270.724 270.724
1801 270.724 270.724
1802 270.724 270.724
1803 270.724 270.724
1804 270.724 270.724
1805 270.724 270.724
1806 270.724 270.724
1807 270.724 270.724
1808 270.724 270.724
1809 270.724 270.724
1810 270.724 270.724
1811 270.724 270.724
1812 270.724 270.724
1813 270.724 270.724
1814 270.724 270.724
1815 270.724 270.724
1816 270.724 270.724
1817 270.724 270.724
1818 270.724 270.724
1819 270.724 270.724
1820 270.724 270.724
1821 270.724 270.724
1822 270.724 270.724
1823 270.724 270.724
1824 270.724 270.724
1825 270.724 270.724
1826 270.724 270.724
1827 270.724 270.724
1828 270.724 270.724
1829 270.724 270.724
1830 270.724 270.724
1831 270.724 270.724
1832 270.724 270.724
1833 270.724 270.724
1834 270.724 270.724
1835 270.724 270.724
1836 270.724 270.724
1837 270.724 270.724
1838 270.724 270.724
1839 270.724 270.724
1840 270.724 270.724
1841 270.724 270.724
1842 270.724 270.724
1843 270.724 270.724
1844 270.724 270.724
1845 270.724 270.724
1846 270.724 270.724
1847 270.724 270.724
1848 270.724 270.724
1849 270.724 270.724
1850 270.724 270.724
1851 270.724 270.724
1852 270.724 270.724
1853 270.724 270.724
1854 270.724 270.724
1855 270.724 270.724
1856 270.724 270.724
1857 270.724 270.724
1858 270.724 270.724
1859 270.724 270.724
1860 270.724 270.724
1861 270.724 270.724
1862 270.724 270.724
1863 270.724 270.724
1864 270.724 270.724
1865 270.724 270.724
1866 270.724 270.724
1867 270.724 270.724
1868 270.724 270.724
1869 270.724 270.724
1870 270.724 270.724
1871 270.724 270.724
1872 270.724 270.724
1873 270.724 270.724
1874 270.724 270.724
1875 270.724 270.724
1876 270.724 270.724
1877 270.724 270.724
1878 270.724 270.724
1879 270.724 270.724
1880 270.724 270.724
1881 270.724 270.724
1882 270.724 270.724
1883 270.724 270.724
1884 270.724 270.724
1885 270.724 270.724
1886 270.724 270.724
1887 270.724 270.724
1888 270.724 270.724
1889 270.724 270.724
1890 270.724 270.724
1891 270.724 270.724
1892 270.724 270.724
1893 270.724 270.724
1894 270.724 270.724
1895 270.724 270.724
1896 270.724 270.724
1897 270.724 270.724
1898 270.724 270.724
1899 270.724 270.724
1900 270.724 270.724
1901 270.724 270.724
1902 270.724 270.724
1903 270.724 270.724
1904 270.724 270.724
1905 270.724 270.724
1906 270.724 270.724
1907 270.724 270.724
1908 270.724 270.724
1909 270.724 270.724
1910 270.724 270.724
1911 270.724 270.724
1912 270.724 270.724
1913 270.724 270.724
1914 270.724 270.724
1915 270.724 270.724
1916 270.724 270.724
1917 270.724 270.724
1918 270.724 270.724
1919 270.724 270.724
1920 270.724 270.724
1921 270.724 270.724
1922 270.724 270.724
1923 270.724 270.724
1924 270.724 270.724
1925 270.724 270.724
1926 270.724 270.724
1927 270.724 270.724
1928 270.724 270.724
1929 270.724 270.724
1930 270.724 270.724
1931 270.724 270.724
1932 270.724 270.724
1933 270.724 270.724
1934 270.724 270.724
1935 270.724 270.724
1936 270.724 270.724
1937 270.724 270.724
1938 270.724 270.724
1939 270.724 270.724
1940 270.724 270.724
1941 270.724 270.724
1942 270.724 270.724
1943 270.724 270.724
1944 270.724 270.724
1945 270.724 270.724
1946 270.724 270.724
1947 270.724 270.724
1948 270.724 270.724
1949 270.724 270.724
1950 270.724 270.724
1951 270.724 270.724
1952 270.724 270.724
1953 270.724 270.724
1954 270.724 270.724
1955 270.724 270.724
1956 270.724 270.724
1957 270.724 270.724
1958 270.724 270.724
1959 270.724 270.724
1960 270.724 270.724
1961 270.724 270.724
1962 270.724 270.724
1963 270.724 270.724
1964 270.724 270.724
1965 270.724 270.724
1966 270.724 270.724
1967 270.724 270.724
1968 270.724 270.724
1969 270.724 270.724
1970 270.724 270.724
1971 270.724 270.724
1972 270.724 270.724
1973 270.724 270.724
1974 270.724 270.724
1975 270.724 270.724
1976 270.724 270.724
1977 270.724 270.724
1978 270.724 270.724
1979 270.724 270.724
1980 270.724 270.724
1981 270.724 270.724
1982 270.724 270.724
1983 270.724 270.724
1984 270.724 270.724
1985 270.724 270.724
1986 270.724 270.724
1987 270.724 270.724
1988 270.724 270.724
1989 270.724 270.724
1990 270.724 270.724
1991 270.724 270.724
1992 270.724 270.724
1993 270.724 270.724
1994 270.724 270.724
1995 270.724 270.724
1996 270.724 270.724
1997 270.724 270.724
1998 270.724 270.724
1999 270.724 270.724
2000 270.724 270.724
2001 270.724 270.724
2002 270.724 270.724
2003 270.724 270.724
2004 270.724 270.724
2005 270.724 270.724
2006 270.724 270.724
2007 270.724 270.724
2008 270.724 270.724
2009 270.724 270.724
2010 270.724 270.724
2011 270.724 270.724
2012 270.724 270.724
2013 270.724 270.724
2014 270.724 270.724
2015 270.724 270.724
2016 270.724 270.724
2017 270.724 270.724
2018 270.724 270.724
2019 270.724 270.724
2020 270.724 270.724
2021 270.724 270.724
2022 270.724 270.724
2023 270.724 270.724
2024 270.724 270.724
2025 270.724 270.724
2026 270.724 270.724
2027 270.724 270.724
2028 270.724 270.724
2029 270.724 271.192
2030 270.724 270.724
2031 270.724 270.724
2032 270.724 270.724
2033 270.724 270.724
2034 270.724 270.724
2035 270.724 270.724
2036 270.724 270.724
2037 270.724 270.724
2038 270.724 270.724
2039 270.724 270.724
2040 270.724 270.724
2041 270.724 270.724
2042 270.724 270.724
2043 270.724 270.724
2044 270.724 270.724
2045 270.724 270.724
2046 270.724 270.724
2047 270.724 270.724
2048 270.724 270.724
2049 270.724 270.724
2050 270.724 270.724
2051 270.724 270.724
2052 270.724 270.724
2053 270.724 270.724
2054 270.724 270.724
2055 270.724 270.724
2056 270.724 270.724
2057 270.724 270.724
2058 270.724 270.724
2059 270.724 270.724
2060 270.724 270.724
2061 270.724 270.724
2062 270.724 270.724
2063 270.724 270.724
2064 270.724 270.724
2065 270.724 270.724
2066 270.724 270.724
2067 270.724 270.724
2068 270.724 270.724
2069 270.724 270.724
2070 270.724 270.724
2071 270.724 270.724
2072 270.724 270.724
2073 270.724 270.724
2074 270.724 270.724
2075 270.724 270.724
2076 270.724 270.724
2077 270.724 270.724
2078 270.724 270.724
2079 270.724 270.724
2080 270.724 270.724
2081 270.724 270.724
2082 270.724 270.724
2083 270.724 270.724
2084 270.724 270.724
2085 270.724 270.724
2086 270.724 270.724
2087 270.724 270.724
2088 270.724 270.724
2089 270.724 270.724
2090 270.724 270.724
2091 270.724 270.724
2092 270.724 270.724
2093 270.724 270.724
2094 270.724 270.724
2095 270.724 270.724
2096 270.724 270.724
2097 270.724 270.724
2098 270.724 270.724
2099 270.724 270.724
2100 270.724 270.724
2101 270.724 270.724
2102 270.724 270.724
2103 270.724 270.724
2104 270.724 270.724
2105 270.724 270.724
2106 270.724 270.724
2107 270.724 270.724
2108 270.724 270.724
2109 270.724 270.724
2110 270.724 270.724
2111 270.724 270.724
2112 270.724 270.724
2113 270.724 270.724
2114 270.724 270.724
2115 270.724 270.724
2116 270.724 270.724
2117 270.724 270.724
2118 270.724 270.724
2119 270.724 270.724
2120 270.724 270.724
2121 270.724 270.724
2122 270.724 270.724
2123 270.724 270.724
2124 270.724 270.724
2125 270.724 270.724
2126 270.724 270.724
2127 270.724 270.724
2128 270.724 270.724
2129 270.724 270.724
2130 270.724 270.724
2131 270.724 270.724
2132 270.724 270.724
2133 270.724 270.724
2134 270.724 270.724
2135 270.724 270.724
2136 270.724 270.724
2137 270.724 270.724
2138 270.724 270.724
2139 270.724 270.724
2140 270.724 270.724
2141 270.724 270.724
2142 270.724 270.724
2143 270.724 270.724
2144 270.724 270.724
2145 270.724 270.724
2146 270.724 270.724
2147 270.724 270.724
2148 270.724 270.724
2149 270.724 270.724
2150 270.724 270.724
2151 270.724 270.724
2152 270.724 270.724
2153 270.724 270.724
2154 270.724 270.724
2155 270.724 270.724
2156 270.724 270.724
2157 270.724 270.724
2158 270.724 270.724
2159 270.724 270.724
2160 270.724 270.724
2161 270.724 270.724
2162 270.724 270.724
2163 270.724 270.724
2164 270.724 270.724
2165 270.724 270.724
2166 270.724 270.724
2167 270.724 270.724
2168 270.724 270.724
2169 270.724 270.724
2170 270.724 270.724
2171 270.724 270.724
2172 270.724 270.724
2173 270.724 270.724
2174 270.724 270.724
2175 270.724 270.724
2176 270.724 270.724
2177 270.724 270.724
2178 270.724 270.724
2179 270.724 270.724
2180 270.724 270.724
2181 270.724 270.724
2182 270.724 270.724
2183 270.724 270.724
2184 270.724 270.724
2185 270.724 270.724
2186 270.724 270.724
2187 270.724 270.724
2188 270.724 270.724
2189 270.724 270.724
2190 270.724 270.724
2191 270.724 270.724
2192 270.724 270.724
2193 270.724 270.724
2194 270.724 270.724
2195 270.724 270.724
2196 270.724 270.724
2197 270.724 270.724
2198 270.724 270.724
2199 270.724 270.724
2200 270.724 270.724
2201 270.724 270.724
2202 270.724 270.724
2203 270.724 270.724
2204 270.724 270.724
2205 270.724 270.724
2206 270.724 270.724
2207 270.724 270.724
2208 270.724 270.724
2209 270.724 270.724
2210 270.724 270.724
2211 270.724 270.724
2212 270.724 270.724
2213 270.724 270.724
2214 270.724 270.724
2215 270.724 270.724
2216 270.724 270.724
2217 270.724 270.724
2218 270.724 270.724
2219 270.724 270.724
2220 270.724 270.724
2221 270.724 270.724
2222 270.724 270.724
2223 270.724 270.724
2224 270.724 270.724
2225 270.724 270.724
2226 270.724 270.724
2227 270.724 270.724
2228 270.724 270.724
2229 270.724 270.724
2230 270.724 270.724
2231 270.724 270.724
2232 270.724 270.724
2233 270.724 270.724
2234 270.724 270.724
2235 270.724 270.724
2236 270.724 270.724
2237 270.724 270.724
2238 270.724 270.724
2239 270.724 270.724
2240 270.724 270.724
2241 270.724 270.724
2242 270.724 270.724
2243 270.724 270.724
2244 270.724 270.724
2245 270.724 270.724
2246 270.724 270.724
2247 270.724 270.724
2248 270.724 270.724
2249 270.724 270.724
2250 270.724 270.724
2251 270.724 270.724
2252 270.724 270.724
2253 270.724 270.724
2254 270.724 270.724
2255 270.724 270.724
2256 270.724 270.724
2257 270.724 270.724
2258 270.724 270.724
2259 270.724 270.724
2260 270.724 270.724
2261 270.724 270.724
2262 270.724 270.724
2263 270.724 270.724
2264 270.724 270.724
2265 270.724 270.724
2266 270.724 270.724
2267 270.724 270.724
2268 270.724 270.724
2269 270.724 270.724
2270 270.724 270.724
2271 270.724 270.724
2272 270.724 270.724
2273 270.724 270.724
2274 270.724 270.724
2275 270.724 270.724
2276 270.724 270.724
2277 270.724 270.724
2278 270.724 270.724
2279 270.724 270.724
2280 270.724 270.724
2281 270.724 270.724
2282 270.724 270.724
2283 270.724 270.724
2284 270.724 270.724
2285 270.724 270.724
2286 270.724 270.724
2287 270.724 270.724
2288 270.724 270.724
2289 270.724 270.724
2290 270.724 270.724
2291 270.724 270.724
2292 270.724 270.724
2293 270.724 270.724
2294 270.724 270.724
2295 270.724 270.724
2296 270.724 270.724
2297 270.724 270.724
2298 270.724 270.724
2299 270.724 270.724
2300 270.724 270.724
2301 270.724 270.724
2302 270.724 270.724
2303 270.724 270.724
2304 270.724 270.724
2305 270.724 270.724
2306 270.724 270.724
2307 270.724 270.724
2308 270.724 270.724
2309 270.724 270.724
2310 270.724 270.724
2311 270.724 270.724
2312 270.724 270.724
2313 270.724 270.724
2314 270.724 270.724
2315 270.724 270.724
2316 270.724 270.724
2317 270.724 270.724
2318 270.724 270.724
2319 270.724 270.724
2320 270.724 270.724
2321 270.724 270.724
2322 270.724 270.724
2323 270.724 270.724
2324 270.724 270.724
2325 270.724 270.724
2326 270.724 270.724
2327 270.724 270.724
2328 270.724 270.724
2329 270.724 270.724
2330 270.724 270.724
2331 270.724 270.724
2332 270.724 270.724
2333 270.724 270.724
2334 270.724 270.724
2335 270.724 270.724
2336 270.724 270.724
2337 270.724 270.724
2338 270.724 270.724
2339 270.724 270.724
2340 270.724 270.724
2341 270.724 270.724
2342 270.724 270.724
2343 270.724 270.724
2344 270.724 270.724
2345 270.724 270.724
2346 270.724 270.724
2347 270.724 270.724
2348 270.724 270.724
2349 270.724 270.724
2350 270.724 270.724
2351 270.724 270.724
2352 270.724 270.724
2353 270.724 270.724
2354 270.724 270.724
2355 270.724 270.724
2356 270.724 270.724
2357 270.724 270.724
2358 270.724 270.724
2359 270.724 270.724
2360 270.724 270.724
2361 270.724 270.724
2362 270.724 270.724
2363 270.724 270.724
2364 270.724 270.724
2365 270.724 270.724
2366 270.724 270.724
2367 270.724 270.724
2368 270.724 270.724
2369 270.724 270.724
2370 270.724 270.724
2371 270.724 270.724
2372 270.724 270.724
2373 270.724 270.724
2374 270.724 270.724
2375 270.724 270.724
2376 270.724 270.724
2377 270.724 270.724
2378 270.724 270.724
2379 270.724 270.724
2380 270.724 270.724
2381 270.724 270.724
2382 270.724 270.724
2383 270.724 270.724
2384 270.724 270.724
2385 270.724 270.724
2386 270.724 270.724
2387 270.724 270.724
2388 270.724 270.724
2389 270.724 270.724
2390 270.724 270.724
2391 270.724 270.724
2392 270.724 270.724
2393 270.724 270.724
2394 270.724 270.724
2395 270.724 270.724
2396 270.724 270.724
2397 270.724 270.724
2398 270.724 270.724
2399 270.724 270.724
2400 270.724 270.724
2401 270.724 270.724
2402 270.724 270.724
2403 270.724 270.724
2404 270.724 270.724
2405 270.724 270.724
2406 270.724 270.724
2407 270.724 270.724
2408 270.724 270.724
2409 270.724 270.724
2410 270.724 270.724
2411 270.724 270.724
2412 270.724 270.724
2413 270.724 270.724
2414 270.724 270.724
2415 270.724 270.724
2416 270.724 270.724
2417 270.724 270.724
2418 270.724 270.724
2419 270.724 270.724
2420 270.724 270.724
2421 270.724 270.724
2422 270.724 270.724
2423 270.724 270.724
2424 270.724 270.724
2425 270.724 270.724
2426 270.724 270.724
2427 270.724 270.724
2428 270.724 270.724
2429 270.724 270.724
2430 270.724 270.724
2431 270.724 270.724
2432 270.724 270.724
2433 270.724 270.724
2434 270.724 270.724
2435 270.724 270.724
2436 270.724 270.724
2437 270.724 270.724
2438 270.724 270.724
2439 270.724 270.724
2440 270.724 270.724
2441 270.724 270.724
2442 270.724 270.724
2443 270.724 270.724
2444 270.724 270.724
2445 270.724 270.724
2446 270.724 270.724
2447 270.724 270.724
2448 270.724 270.724
2449 270.724 270.724
2450 270.724 270.724
2451 270.724 270.724
2452 270.724 270.724
2453 270.724 270.724
2454 270.724 270.724
2455 270.724 270.724
2456 270.724 270.724
2457 270.724 270.724
2458 270.724 270.724
2459 270.724 270.724
2460 270.724 270.724
2461 270.724 270.724
2462 270.724 270.724
2463 270.724 270.724
2464 270.724 270.724
2465 270.724 270.724
2466 270.724 270.724
2467 270.724 270.724
2468 270.724 270.724
2469 270.724 270.724
2470 270.724 270.724
2471 270.724 270.724
2472 270.724 270.724
2473 270.724 270.724
2474 270.724 270.724
2475 270.724 270.724
2476 270.724 270.724
2477 270.724 270.724
2478 270.724 270.724
2479 270.724 270.724
2480 270.724 270.724
2481 270.724 270.724
2482 270.724 270.724
2483 270.724 270.724
2484 270.724 270.724
2485 270.724 270.724
2486 270.724 270.724
2487 270.724 270.724
2488 270.724 270.724
2489 270.724 270.724
2490 270.724 270.724
2491 270.724 270.724
2492 270.724 270.724
2493 270.724 270.724
2494 270.724 270.724
2495 270.724 270.724
2496 270.724 270.724
2497 270.724 270.724
2498 270.724 270.724
2499 270.724 270.724
