           1   -0.965304   -0.965304           0
           2   -0.981144   -0.973224     0.00792
           3   -0.976552   -0.974333  0.00470525
           4   -0.971808   -0.973702  0.00338649
           5   -0.969624   -0.972886  0.00274703
           6     -0.9688   -0.972205  0.00234406
           7    -0.96656   -0.971399  0.00213896
           8   -0.975104   -0.971862  0.00190941
           9   -0.978328    -0.97258   0.0018308
          10   -0.971896   -0.972512  0.00163895
          11   -0.973624   -0.972613  0.00148593
          12    -0.97256   -0.972609  0.00135647
          13   -0.973112   -0.972647  0.00124837
          14   -0.964048   -0.972033  0.00130885
          15   -0.976048   -0.972301  0.00124752
          16   -0.975472   -0.972499  0.00118366
          17   -0.971832    -0.97246  0.00111255
          18    -0.97996   -0.972876  0.00112865
          19   -0.977192   -0.973104  0.00109149
          20     -0.9806   -0.973478  0.00110123
          21   -0.978624   -0.973723  0.00107576
          22   -0.978256   -0.973929  0.00104618
          23   -0.979184   -0.974158  0.00102544
          24   -0.969656    -0.97397 0.000999538
          25   -0.971824   -0.973884  0.00096256
          26   -0.972552   -0.973833 0.000926217
          27    -0.97756   -0.973971 0.000901877
          28   -0.963528   -0.973598 0.000945724
          29   -0.973104   -0.973581 0.000912689
          30   -0.985296   -0.973972  0.00096434
          31   -0.975736   -0.974029 0.000934448
          32   -0.981984   -0.974277 0.000938309
          33   -0.982552   -0.974528 0.000943366
          34    -0.97868    -0.97465 0.000923311
          35   -0.962832   -0.974312 0.000958021
          36   -0.970432   -0.974205 0.000937248
          37   -0.978696   -0.974326 0.000919612
          38    -0.97252   -0.974279 0.000896345
          39    -0.97092   -0.974192 0.000877296
          40   -0.970792   -0.974107 0.000859298
          41      -0.976   -0.974154 0.000839348
          42   -0.974448   -0.974161  0.00081915
          43   -0.974672   -0.974172 0.000799961
          44   -0.972376   -0.974132 0.000782635
          45   -0.978992    -0.97424 0.000772632
          46   -0.967072   -0.974084 0.000771547
          47    -0.97888   -0.974186 0.000761818
          48   -0.976856   -0.974241 0.000747849
          49   -0.972232     -0.9742 0.000733575
          50     -0.9638   -0.973992 0.000748248
          51   -0.973568   -0.973984 0.000733477
          52   -0.975352    -0.97401 0.000719715
          53   -0.975272   -0.974034 0.000706406
          54   -0.973552   -0.974025 0.000693258
          55   -0.974832    -0.97404 0.000680695
          56   -0.968504   -0.973941   0.0006757
          57   -0.973184   -0.973928 0.000663872
          58   -0.972304     -0.9739 0.000652926
          59   -0.976512   -0.973944  0.00064329
          60   -0.970592   -0.973888  0.00063494
          61    -0.97076   -0.973837 0.000626547
          62   -0.965888   -0.973709 0.000629552
          63   -0.971264    -0.97367 0.000620693
          64   -0.978184    -0.97374 0.000614975
          65    -0.97216   -0.973716 0.000605928
          66   -0.975216   -0.973739 0.000597109
          67    -0.97924   -0.973821 0.000593833
          68    -0.97556   -0.973847 0.000585594
          69   -0.983064    -0.97398 0.000592306
          70   -0.972864   -0.973964    0.000584
          71    -0.97532   -0.973983 0.000576033
          72   -0.969304   -0.973918 0.000571682
          73   -0.976192   -0.973949 0.000564656
          74   -0.975128   -0.973965 0.000557201
          75   -0.981864   -0.974071 0.000559719
          76   -0.972168   -0.974046 0.000552872
          77   -0.970288   -0.973997 0.000547823
          78   -0.969368   -0.973938    0.000544
          79   -0.973328    -0.97393 0.000537125
          80   -0.972256   -0.973909 0.000530781
          81   -0.980336   -0.973988 0.000530159
          82   -0.975832   -0.974011 0.000524136
          83   -0.968832   -0.973948 0.000521529
          84   -0.973056   -0.973938 0.000515392
          85   -0.975504   -0.973956 0.000509626
          86    -0.98608   -0.974097 0.000523022
          87   -0.977552   -0.974137 0.000518499
          88   -0.976072   -0.974159 0.000513044
          89   -0.971168   -0.974125 0.000508359
          90   -0.969672   -0.974076 0.000505108
          91   -0.975632   -0.974093 0.000499819
          92   -0.971304   -0.974063 0.000495285
          93   -0.981808   -0.974146 0.000496959
          94   -0.965432   -0.974053 0.000500307
          95   -0.979168   -0.974107 0.000497932
          96    -0.98168   -0.974186 0.000498993
          97   -0.975528     -0.9742 0.000494016
          98   -0.964408     -0.9741 0.000499053
          99   -0.981152   -0.974171 0.000499096
         100   -0.972528   -0.974155 0.000494353
         101   -0.976736    -0.97418 0.000490101
         102   -0.979392   -0.974231 0.000487955
         103   -0.973784   -0.974227 0.000483214
         104    -0.97992   -0.974282 0.000481666
         105   -0.969744   -0.974238  0.00047901
         106   -0.975912   -0.974254 0.000474732
         107   -0.974952   -0.974261 0.000470319
         108   -0.978184   -0.974297 0.000467358
         109   -0.980208   -0.974351 0.000466215
         110   -0.974688   -0.974354 0.000461968
         111   -0.971616    -0.97433 0.000458451
         112   -0.975248   -0.974338 0.000454413
         113    -0.97696   -0.974361 0.000450971
         114   -0.969272   -0.974316 0.000449222
         115   -0.978176    -0.97435 0.000446561
         116   -0.972584   -0.974335 0.000442956
         117   -0.969352   -0.974292 0.000441214
         118   -0.969888   -0.974255 0.000439049
         119   -0.973328   -0.974247 0.000435413
         120   -0.974296   -0.974247  0.00043177
         121   -0.972448   -0.974233 0.000428445
         122   -0.979672   -0.974277 0.000427251
         123    -0.97972   -0.974321 0.000426067
         124   -0.971976   -0.974303  0.00042304
         125    -0.96524    -0.97423 0.000425859
         126   -0.983816   -0.974306 0.000429261
         127   -0.979696   -0.974349 0.000427977
         128   -0.980984     -0.9744 0.000427773
         129   -0.982592   -0.974464 0.000429168
         130   -0.972896   -0.974452 0.000426025
         131   -0.981376   -0.974505 0.000426052
         132   -0.976328   -0.974518 0.000423037
         133    -0.98108   -0.974568 0.000422733
         134   -0.977352   -0.974589 0.000420081
         135   -0.972104    -0.97457 0.000417363
         136   -0.978144   -0.974596 0.000415116
         137   -0.975344   -0.974602 0.000412111
         138   -0.979944   -0.974641 0.000410941
         139   -0.970752   -0.974613 0.000408932
         140   -0.977408   -0.974633 0.000406491
         141    -0.97616   -0.974643 0.000403743
         142   -0.978208   -0.974669 0.000401675
         143   -0.982488   -0.974723 0.000402587
         144   -0.977912   -0.974745 0.000400394
         145   -0.969536   -0.974709 0.000399243
         146   -0.965136   -0.974644 0.000401885
         147   -0.977624   -0.974664 0.000399656
         148   -0.977464   -0.974683 0.000397397
         149   -0.959816   -0.974583 0.000407137
         150   -0.982936   -0.974639 0.000408229
         151   -0.970984   -0.974615 0.000406238
         152   -0.973984   -0.974611 0.000403578
         153   -0.973784   -0.974605 0.000400968
         154   -0.972112   -0.974589 0.000398685
         155     -0.9788   -0.974616 0.000397035
         156   -0.977368   -0.974634 0.000394876
         157   -0.968744   -0.974596 0.000394142
         158   -0.971184   -0.974575 0.000392234
         159   -0.972608   -0.974562 0.000389956
         160    -0.97236   -0.974549 0.000387755
         161    -0.97048   -0.974523 0.000386167
         162    -0.98044    -0.97456  0.00038551
         163   -0.970952   -0.974538 0.000383776
         164   -0.973248    -0.97453  0.00038151
         165   -0.983632   -0.974585 0.000383183
         166   -0.977528   -0.974603  0.00038128
         167   -0.975704   -0.974609 0.000379047
         168   -0.979272   -0.974637 0.000377805
         169   -0.970784   -0.974614 0.000376254
         170   -0.973864    -0.97461  0.00037406
         171   -0.968568   -0.974575 0.000373541
         172   -0.980736    -0.97461 0.000373087
         173    -0.97688   -0.974623 0.000371156
         174   -0.974832   -0.974625 0.000369019
         175   -0.973264   -0.974617 0.000366986
         176   -0.968896   -0.974584  0.00036634
         177   -0.975432   -0.974589 0.000364296
         178   -0.981816    -0.97463 0.000364512
         179   -0.965976   -0.974581  0.00036568
         180   -0.976568   -0.974592  0.00036381
         181   -0.975464   -0.974597 0.000361826
         182   -0.970272   -0.974574 0.000360617
         183    -0.97512   -0.974577 0.000358653
         184   -0.981472   -0.974614 0.000358662
         185   -0.975216   -0.974617 0.000356733
         186    -0.97388   -0.974613 0.000354832
         187   -0.970968   -0.974594 0.000353467
         188    -0.96604   -0.974548 0.000354514
         189   -0.971448   -0.974532 0.000353014
         190   -0.978704   -0.974554 0.000351837
         191    -0.97672   -0.974565 0.000350174
         192   -0.965928    -0.97452 0.000351238
         193   -0.966808    -0.97448 0.000351691
         194    -0.97856   -0.974501 0.000350505
         195    -0.97804   -0.974519 0.000349175
         196   -0.975376   -0.974524 0.000347416
         197    -0.98168    -0.97456 0.000347552
         198   -0.974328   -0.974559 0.000345794
         199   -0.973152   -0.974552 0.000344124
         200   -0.972536   -0.974542 0.000342548
         201   -0.976064   -0.974549 0.000340923
         202   -0.981976   -0.974586 0.000341218
         203   -0.969648   -0.974562 0.000340403
         204   -0.973128   -0.974555 0.000338803
         205   -0.977608    -0.97457 0.000337476
         206    -0.97764   -0.974585 0.000336164
         207   -0.984152   -0.974631 0.000337714
         208   -0.978352   -0.974649 0.000336562
         209   -0.973384   -0.974643 0.000335002
         210   -0.968616   -0.974614 0.000334636
         211   -0.970096   -0.974593 0.000333734
         212   -0.973032   -0.974585 0.000332238
         213   -0.973272   -0.974579 0.000330732
         214   -0.969712   -0.974556 0.000329967
         215   -0.969744   -0.974534 0.000329191
         216   -0.972968   -0.974527 0.000327743
         217    -0.97352   -0.974522 0.000326263
         218   -0.977064   -0.974534 0.000324972
         219   -0.977152   -0.974546 0.000323705
         220   -0.970232   -0.974526 0.000322827
         221   -0.969768   -0.974504 0.000322083
         222   -0.976344   -0.974513 0.000320736
         223   -0.966952   -0.974479 0.000321089
         224   -0.980312   -0.974505 0.000320712
         225   -0.972416   -0.974496 0.000319418
         226   -0.974264   -0.974495 0.000318003
         227   -0.974904   -0.974496 0.000316604
         228    -0.96564   -0.974458 0.000317597
         229    -0.97808   -0.974473 0.000316602
         230   -0.980496     -0.9745 0.000316309
         231   -0.972968   -0.974493 0.000315006
         232   -0.970104   -0.974474 0.000314215
         233   -0.971248    -0.97446  0.00031317
         234   -0.979488   -0.974482 0.000312568
         235   -0.977552   -0.974495  0.00031151
         236   -0.966576   -0.974461 0.000311996
         237   -0.973688   -0.974458 0.000310694
         238   -0.975096   -0.974461 0.000309398
         239   -0.979152    -0.97448 0.000308725
         240   -0.970832   -0.974465 0.000307812
         241    -0.97148   -0.974453 0.000306782
         242   -0.976744   -0.974462 0.000305658
         243   -0.982168   -0.974494 0.000306045
         244   -0.967648   -0.974466 0.000306077
         245   -0.972176   -0.974456 0.000304968
         246   -0.965856   -0.974421 0.000305732
         247    -0.98264   -0.974455 0.000306304
         248   -0.971224   -0.974442 0.000305344
         249    -0.97932   -0.974461 0.000304746
         250   -0.971272   -0.974449 0.000303792
         251   -0.967536   -0.974421  0.00030383
         252   -0.970272   -0.974405  0.00030307
         253    -0.97316     -0.9744  0.00030191
         254   -0.965456   -0.974364 0.000302773
         255   -0.972888   -0.974359 0.000301639
         256   -0.973352   -0.974355 0.000300484
         257   -0.979064   -0.974373 0.000299873
         258   -0.981224     -0.9744 0.000299886
         259   -0.979336   -0.974419 0.000299334
         260   -0.969296   -0.974399  0.00029883
         261   -0.967592   -0.974373 0.000298824
         262   -0.973128   -0.974368 0.000297719
         263   -0.979296   -0.974387 0.000297176
         264   -0.975816   -0.974392 0.000296098
         265   -0.967608   -0.974367 0.000296087
         266   -0.972344   -0.974359  0.00029507
         267   -0.969056   -0.974339 0.000294633
         268   -0.968704   -0.974318 0.000294283
         269   -0.970848   -0.974305 0.000293471
         270    -0.97896   -0.974322  0.00029289
         271   -0.977336   -0.974334 0.000292019
         272   -0.965952   -0.974303 0.000292571
         273   -0.985624   -0.974344 0.000294432
         274   -0.974112   -0.974343 0.000293357
         275   -0.977416   -0.974355 0.000292502
         276   -0.974416   -0.974355  0.00029144
         277   -0.980096   -0.974376 0.000291125
         278   -0.973512   -0.974372 0.000290092
         279   -0.972456   -0.974366 0.000289132
         280   -0.979608   -0.974384 0.000288705
         281   -0.976256   -0.974391 0.000287753
         282   -0.961488   -0.974345 0.000290359
         283   -0.974696   -0.974346 0.000289334
         284   -0.967472   -0.974322 0.000289327
         285    -0.97888   -0.974338 0.000288754
         286   -0.973144   -0.974334 0.000287772
         287   -0.971296   -0.974323 0.000286963
         288   -0.975032   -0.974326 0.000285976
         289   -0.982736   -0.974355 0.000286466
         290   -0.965544   -0.974325 0.000287089
         291   -0.973904   -0.974323 0.000286105
         292   -0.972704   -0.974318 0.000285177
         293   -0.968112   -0.974296  0.00028499
         294   -0.972336    -0.97429 0.000284097
         295   -0.971624   -0.974281 0.000283277
         296    -0.97204   -0.974273  0.00028242
         297   -0.973544   -0.974271 0.000281478
         298   -0.976416   -0.974278 0.000280624
         299   -0.981248   -0.974301 0.000280654
         300   -0.975336   -0.974305 0.000279738
         301   -0.974224   -0.974304 0.000278807
         302   -0.979552   -0.974322 0.000278425
         303   -0.963168   -0.974285 0.000279936
         304   -0.974272   -0.974285 0.000279013
         305   -0.975688    -0.97429 0.000278135
         306   -0.979224   -0.974306 0.000277693
         307   -0.977712   -0.974317 0.000277009
         308   -0.971784   -0.974309 0.000276231
         309   -0.977112   -0.974318 0.000275485
         310   -0.964456   -0.974286 0.000276432
         311   -0.987184   -0.974327 0.000278645
         312   -0.973376   -0.974324 0.000277767
         313   -0.974688   -0.974325 0.000276881
         314   -0.973592   -0.974323 0.000276007
         315   -0.970072    -0.97431 0.000275461
         316   -0.974408    -0.97431 0.000274588
         317    -0.96112   -0.974268 0.000276864
         318    -0.97324   -0.974265 0.000276011
         319   -0.967672   -0.974244  0.00027592
         320   -0.972824    -0.97424 0.000275092
         321   -0.976288   -0.974246 0.000274308
         322    -0.96992   -0.974233 0.000273785
         323   -0.977064   -0.974242 0.000273076
         324    -0.97612   -0.974247 0.000272294
         325   -0.966672   -0.974224 0.000272454
         326     -0.9762    -0.97423 0.000271684
         327   -0.982112   -0.974254 0.000271923
         328   -0.967936   -0.974235 0.000271776
         329   -0.980384   -0.974254 0.000271592
         330   -0.980416   -0.974272 0.000271411
         331   -0.976616   -0.974279 0.000270683
         332   -0.967824    -0.97426 0.000270566
         333    -0.97256   -0.974255   0.0002698
         334   -0.971032   -0.974245 0.000269164
         335   -0.982192   -0.974269 0.000269406
         336     -0.9796   -0.974285 0.000269071
         337   -0.981352   -0.974306  0.00026909
         338   -0.974296   -0.974306 0.000268293
         339   -0.975456   -0.974309 0.000267522
         340   -0.972984   -0.974305 0.000266762
         341   -0.976608   -0.974312 0.000266064
         342    -0.97024     -0.9743 0.000265552
         343   -0.973896   -0.974299  0.00026478
         344    -0.97524   -0.974302 0.000264023
         345   -0.971504   -0.974294 0.000263381
         346     -0.9716   -0.974286 0.000262735
         347   -0.972568   -0.974281 0.000262023
         348   -0.974184   -0.974281 0.000261269
         349   -0.975992   -0.974285 0.000260566
         350   -0.975576   -0.974289 0.000259846
         351    -0.97864   -0.974302 0.000259401
         352   -0.969704   -0.974288 0.000258993
         353   -0.967464   -0.974269 0.000258981
         354    -0.96776   -0.974251 0.000258902
         355   -0.965888   -0.974227 0.000259244
         356   -0.977648   -0.974237 0.000258693
         357   -0.966416   -0.974215 0.000258896
         358    -0.97632   -0.974221 0.000258239
         359   -0.980904   -0.974239 0.000258191
         360   -0.976736   -0.974246 0.000257566
         361   -0.965584   -0.974222  0.00025797
         362   -0.967424   -0.974204 0.000257941
         363   -0.979664   -0.974219 0.000257669
         364   -0.970656   -0.974209 0.000257146
         365    -0.97544   -0.974212 0.000256463
         366   -0.971624   -0.974205 0.000255859
         367    -0.97252   -0.974201 0.000255202
         368   -0.967424   -0.974182 0.000255173
         369   -0.977608   -0.974191  0.00025465
         370   -0.975024   -0.974194  0.00025397
         371   -0.975168   -0.974196 0.000253299
         372    -0.97812   -0.974207 0.000252837
         373   -0.968392   -0.974191  0.00025264
         374   -0.972392   -0.974186 0.000252009
         375   -0.982552   -0.974209 0.000252324
         376    -0.96952   -0.974196 0.000251961
         377   -0.968768   -0.974182 0.000251704
         378   -0.965504   -0.974159 0.000252085
         379   -0.976608   -0.974165 0.000251502
         380   -0.973752   -0.974164 0.000250841
         381   -0.976064   -0.974169 0.000250232
         382   -0.978032   -0.974179 0.000249781
         383   -0.969456   -0.974167 0.000249433
         384   -0.962904   -0.974138 0.000250505
         385   -0.975544   -0.974141 0.000249881
         386   -0.982328   -0.974163 0.000250133
         387   -0.972512   -0.974158 0.000249522
         388   -0.970408   -0.974149 0.000249066
         389   -0.971472   -0.974142  0.00024852
         390   -0.977616   -0.974151 0.000248042
         391   -0.979968   -0.974166 0.000247854
         392   -0.964352   -0.974141 0.000248485
         393   -0.974336   -0.974141 0.000247853
         394     -0.9754   -0.974144 0.000247243
         395   -0.972696   -0.974141 0.000246644
         396   -0.969944    -0.97413 0.000246248
         397   -0.967392   -0.974113 0.000246213
         398   -0.981848   -0.974132 0.000246361
         399    -0.97208   -0.974127 0.000245797
         400   -0.974104   -0.974127 0.000245182
         401    -0.96352   -0.974101 0.000245996
         402   -0.976888   -0.974108 0.000245481
         403    -0.97472   -0.974109 0.000244876
         404   -0.973976   -0.974109 0.000244269
         405   -0.970472     -0.9741 0.000243831
         406   -0.976736   -0.974106 0.000243316
         407   -0.970656   -0.974098 0.000242866
         408   -0.973208   -0.974096 0.000242279
         409   -0.967896   -0.974081 0.000242161
         410   -0.978832   -0.974092 0.000241848
         411   -0.971512   -0.974086  0.00024134
         412   -0.969688   -0.974075  0.00024099
         413   -0.972344   -0.974071 0.000240443
         414   -0.971776   -0.974065 0.000239925
         415   -0.977944   -0.974075 0.000239529
         416   -0.980552    -0.97409 0.000239459
         417   -0.977416   -0.974098 0.000239017
         418   -0.971544   -0.974092 0.000238523
         419   -0.972752   -0.974089 0.000237974
         420   -0.976688   -0.974095 0.000237488
         421   -0.958824   -0.974059 0.000239684
         422   -0.967984   -0.974045 0.000239548
         423   -0.975968   -0.974049 0.000239024
         424   -0.975264   -0.974052 0.000238477
         425   -0.962456   -0.974025 0.000239475
         426   -0.965536   -0.974005 0.000239742
         427    -0.97316   -0.974003 0.000239188
         428    -0.97252   -0.973999 0.000238653
         429    -0.97008    -0.97399 0.000238272
         430    -0.97392    -0.97399 0.000237717
         431   -0.974496   -0.973991 0.000237168
         432   -0.981288   -0.974008  0.00023722
         433    -0.97628   -0.974013  0.00023673
         434   -0.976432   -0.974019 0.000236249
         435   -0.971576   -0.974013 0.000235772
         436   -0.977792   -0.974022 0.000235391
         437   -0.978528   -0.974032 0.000235078
         438   -0.978328   -0.974042 0.000234745
         439   -0.970328   -0.974034 0.000234363
         440   -0.979384   -0.974046 0.000234145
         441   -0.966064   -0.974028 0.000234314
         442   -0.972904   -0.974025 0.000233797
         443   -0.976376    -0.97403 0.000233329
         444   -0.970672   -0.974023 0.000232926
         445   -0.976112   -0.974028 0.000232449
         446   -0.967784   -0.974014  0.00023235
         447   -0.971104   -0.974007 0.000231921
         448   -0.977424   -0.974015 0.000231528
         449   -0.975424   -0.974018 0.000231033
         450    -0.97208   -0.974014 0.000230559
         451   -0.980776   -0.974029 0.000230536
         452    -0.97828   -0.974038 0.000230217
         453   -0.964208   -0.974016 0.000230731
         454    -0.98512   -0.974041 0.000231518
         455   -0.972832   -0.974038 0.000231024
         456   -0.978376   -0.974048 0.000230713
         457   -0.970304   -0.974039 0.000230353
         458   -0.976256   -0.974044 0.000229901
         459    -0.97592   -0.974048 0.000229435
         460   -0.972048   -0.974044 0.000228977
         461   -0.972504   -0.974041 0.000228505
         462   -0.979728   -0.974053 0.000228342
         463   -0.974312   -0.974053 0.000227849
         464   -0.968064   -0.974041 0.000227723
         465   -0.976888   -0.974047 0.000227315
         466       -0.98   -0.974059 0.000227187
         467   -0.973016   -0.974057 0.000226711
         468   -0.979632   -0.974069 0.000226539
         469    -0.98068   -0.974083 0.000226494
         470   -0.970176   -0.974075 0.000226165
         471   -0.965696   -0.974057 0.000226384
         472   -0.982704   -0.974075 0.000226646
         473     -0.9786   -0.974085 0.000226368
         474   -0.973952   -0.974085  0.00022589
         475   -0.971632    -0.97408 0.000225473
         476   -0.974312    -0.97408    0.000225
         477   -0.972088   -0.974076 0.000224566
         478   -0.984912   -0.974099  0.00022524
         479   -0.982248   -0.974116 0.000225412
         480   -0.982912   -0.974134 0.000225687
         481   -0.976008   -0.974138 0.000225251
         482   -0.972216   -0.974134 0.000224819
         483   -0.981728    -0.97415 0.000224903
         484    -0.98352   -0.974169 0.000225271
         485     -0.9778   -0.974176 0.000224931
         486   -0.976816   -0.974182 0.000224534
         487   -0.978896   -0.974191 0.000224281
         488   -0.969976   -0.974183 0.000223988
         489   -0.984632   -0.974204 0.000224548
         490    -0.97672   -0.974209 0.000224148
         491   -0.963904   -0.974188 0.000224674
         492      -0.979   -0.974198  0.00022443
         493    -0.98084   -0.974212 0.000224379
         494   -0.964088   -0.974191  0.00022486
         495    -0.97452   -0.974192 0.000224406
         496   -0.981056   -0.974206 0.000224381
         497   -0.967176   -0.974191 0.000224375
         498   -0.969112   -0.974181 0.000224156
         499   -0.968768    -0.97417 0.000223969
         500    -0.98368   -0.974189 0.000224329
         501   -0.973704   -0.974188 0.000223883
         502   -0.981832   -0.974204 0.000223954
         503    -0.97856   -0.974212 0.000223676
         504   -0.974064   -0.974212 0.000223232
         505    -0.97508   -0.974214 0.000222796
         506   -0.979688   -0.974225 0.000222619
         507   -0.978688   -0.974233 0.000222354
         508   -0.976312   -0.974237 0.000221953
         509    -0.96812   -0.974225 0.000221842
         510   -0.983192   -0.974243 0.000222104
         511   -0.968192   -0.974231 0.000221985
         512    -0.96844    -0.97422  0.00022184
         513   -0.971344   -0.974214 0.000221478
         514   -0.978808   -0.974223 0.000221227
         515   -0.973472   -0.974222 0.000220802
         516   -0.985384   -0.974243 0.000221433
         517   -0.973136   -0.974241 0.000221014
         518   -0.984544   -0.974261 0.000221482
         519   -0.982128   -0.974276 0.000221574
         520   -0.983096   -0.974293 0.000221797
         521   -0.974976   -0.974295 0.000221375
         522   -0.974784   -0.974296 0.000220952
         523   -0.968968   -0.974285 0.000220764
         524   -0.963552   -0.974265 0.000221293
         525     -0.9772    -0.97427 0.000220942
         526    -0.98096   -0.974283 0.000220888
         527   -0.972416    -0.97428 0.000220496
         528    -0.97936   -0.974289 0.000220289
         529    -0.97628   -0.974293 0.000219904
         530   -0.964568   -0.974275 0.000220254
         531   -0.976272   -0.974278 0.000219871
         532   -0.966576   -0.974264 0.000219935
         533   -0.970432   -0.974257 0.000219639
         534   -0.979512   -0.974267 0.000219449
         535   -0.971896   -0.974262 0.000219083
         536    -0.97936   -0.974272  0.00021888
         537    -0.98048   -0.974283 0.000218778
         538   -0.976392   -0.974287 0.000218406
         539    -0.97968   -0.974297  0.00021823
         540    -0.97264   -0.974294 0.000217847
         541    -0.97308   -0.974292 0.000217456
         542   -0.979688   -0.974302 0.000217282
         543   -0.969864   -0.974294 0.000217036
         544   -0.969352   -0.974285 0.000216827
         545   -0.974632   -0.974285  0.00021643
         546   -0.974592   -0.974286 0.000216034
         547   -0.975016   -0.974287 0.000215642
         548   -0.973224   -0.974285 0.000215257
         549   -0.975704   -0.974288  0.00021488
         550   -0.975768    -0.97429 0.000214506
         551   -0.978456   -0.974298  0.00021425
         552    -0.97588   -0.974301 0.000213881
         553   -0.964456   -0.974283 0.000214235
         554    -0.97936   -0.974292 0.000214044
         555    -0.97648   -0.974296 0.000213694
         556   -0.974984   -0.974297 0.000213313
         557    -0.98576   -0.974318 0.000213922
         558   -0.964328     -0.9743 0.000214287
         559     -0.9804   -0.974311 0.000214182
         560    -0.97896   -0.974319  0.00021396
         561   -0.981952   -0.974333 0.000214011
         562   -0.970544   -0.974326 0.000213737
         563   -0.971808   -0.974322 0.000213403
         564   -0.973576    -0.97432 0.000213029
         565   -0.975376   -0.974322  0.00021266
         566    -0.97152   -0.974317 0.000212341
         567   -0.969992    -0.97431 0.000212104
         568   -0.978928   -0.974318 0.000211886
         569   -0.974632   -0.974318 0.000211514
         570   -0.982968   -0.974333 0.000211687
         571   -0.971432   -0.974328 0.000211377
         572   -0.977416   -0.974334 0.000211076
         573   -0.978976   -0.974342 0.000210863
         574   -0.974184   -0.974342 0.000210496
         575   -0.980992   -0.974353 0.000210448
         576    -0.96624   -0.974339 0.000210554
         577   -0.963328    -0.97432 0.000211053
         578   -0.979696   -0.974329 0.000210893
         579   -0.977672   -0.974335 0.000210607
         580   -0.975768   -0.974338 0.000210258
         581   -0.977824   -0.974344 0.000209982
         582   -0.969408   -0.974335 0.000209792
         583   -0.974768   -0.974336 0.000209433
         584    -0.97132   -0.974331 0.000209138
         585   -0.972144   -0.974327 0.000208814
         586   -0.968424   -0.974317   0.0002087
         587   -0.973136   -0.974315 0.000208354
         588   -0.984616   -0.974332 0.000208736
         589    -0.97856    -0.97434 0.000208505
         590   -0.972336   -0.974336 0.000208179
         591   -0.967344   -0.974324 0.000208163
         592    -0.97412   -0.974324 0.000207811
         593   -0.976936   -0.974328 0.000207507
         594    -0.96932    -0.97432 0.000207329
         595   -0.982032   -0.974333 0.000207386
         596   -0.974544   -0.974333 0.000207038
         597    -0.98244   -0.974347 0.000207137
         598   -0.985672   -0.974366 0.000207655
         599   -0.965352   -0.974351 0.000207854
         600   -0.969872   -0.974343 0.000207641
         601   -0.975232   -0.974345 0.000207301
         602   -0.967448   -0.974333 0.000207273
         603   -0.976768   -0.974337 0.000206968
         604   -0.964416   -0.974321 0.000207277
         605   -0.977184   -0.974326 0.000206988
         606   -0.970328   -0.974319 0.000206752
         607    -0.97368   -0.974318 0.000206414
         608   -0.978672   -0.974325 0.000206198
         609   -0.975472   -0.974327 0.000205868
         610   -0.968976   -0.974318 0.000205717
         611   -0.966888   -0.974306  0.00020574
         612     -0.9772   -0.974311 0.000205458
         613   -0.973408   -0.974309 0.000205128
         614     -0.9702   -0.974303 0.000204903
         615   -0.984648   -0.974319  0.00020526
         616   -0.979192   -0.974327 0.000205079
         617   -0.972552   -0.974325 0.000204767
         618   -0.959616   -0.974301 0.000205816
         619   -0.968568   -0.974291 0.000205692
         620    -0.98064   -0.974302 0.000205615
         621   -0.968648   -0.974293 0.000205485
         622    -0.96976   -0.974285 0.000205284
         623    -0.96436   -0.974269 0.000205572
         624   -0.970384   -0.974263 0.000205337
         625   -0.971752   -0.974259 0.000205048
         626   -0.970928   -0.974254 0.000204789
         627   -0.976288   -0.974257 0.000204488
         628   -0.976968   -0.974261 0.000204208
         629   -0.976472   -0.974265 0.000203913
         630   -0.970752   -0.974259 0.000203665
         631    -0.98236   -0.974272 0.000203747
         632   -0.975328   -0.974274 0.000203431
         633   -0.967608   -0.974263 0.000203383
         634   -0.970992   -0.974258 0.000203127
         635    -0.97772   -0.974264  0.00020288
         636   -0.977904   -0.974269 0.000202642
         637      -0.975    -0.97427 0.000202327
         638   -0.982224   -0.974283 0.000202394
         639   -0.979704   -0.974291 0.000202255
         640     -0.9754   -0.974293 0.000201946
         641     -0.9766   -0.974297 0.000201663
         642   -0.969408   -0.974289 0.000201492
         643   -0.976992   -0.974293 0.000201222
         644   -0.971384   -0.974289 0.000200961
         645   -0.969784   -0.974282  0.00020077
         646   -0.961008   -0.974261  0.00020151
         647   -0.973632    -0.97426   0.0002012
         648   -0.968904   -0.974252 0.000201059
         649   -0.969248   -0.974244 0.000200897
         650   -0.973064   -0.974242 0.000200596
         651   -0.969616   -0.974235 0.000200414
         652   -0.974512   -0.974236 0.000200107
         653   -0.973392   -0.974235 0.000199804
         654   -0.969248   -0.974227 0.000199644
         655    -0.97256   -0.974224 0.000199355
         656    -0.97832   -0.974231 0.000199149
         657   -0.976344   -0.974234 0.000198872
         658    -0.96552   -0.974221 0.000199011
         659   -0.976856   -0.974225 0.000198749
         660   -0.969952   -0.974218 0.000198553
         661   -0.979056   -0.974225 0.000198387
         662   -0.970968    -0.97422 0.000198148
         663   -0.969832   -0.974214  0.00019796
         664   -0.976424   -0.974217  0.00019769
         665    -0.97952   -0.974225 0.000197553
         666     -0.9762   -0.974228 0.000197279
         667    -0.97272   -0.974226 0.000196996
         668   -0.972104   -0.974223 0.000196726
         669   -0.977488   -0.974228 0.000196492
         670   -0.966216   -0.974216 0.000196563
         671   -0.973432   -0.974214 0.000196273
         672   -0.972952   -0.974213  0.00019599
         673   -0.972512    -0.97421 0.000195715
         674   -0.977728   -0.974215 0.000195494
         675   -0.982384   -0.974227 0.000195579
         676   -0.976024    -0.97423 0.000195308
         677   -0.973136   -0.974228 0.000195026
         678   -0.982288    -0.97424   0.0001951
         679   -0.973304   -0.974239 0.000194817
         680   -0.967144   -0.974228  0.00019481
         681   -0.974032   -0.974228 0.000194524
         682   -0.976608   -0.974232  0.00019427
         683   -0.975744   -0.974234 0.000193998
         684   -0.980664   -0.974243 0.000193942
         685   -0.969896   -0.974237 0.000193763
         686   -0.978424   -0.974243 0.000193577
         687   -0.972888   -0.974241 0.000193305
         688   -0.968584   -0.974233 0.000193199
         689    -0.97652   -0.974236 0.000192946
         690   -0.972552   -0.974234 0.000192682
         691   -0.973424   -0.974233 0.000192407
         692   -0.974736   -0.974233  0.00019213
         693   -0.972056    -0.97423 0.000191878
         694   -0.978368   -0.974236 0.000191694
         695   -0.963448   -0.974221 0.000192046
         696   -0.975896   -0.974223 0.000191785
         697   -0.974208   -0.974223  0.00019151
         698   -0.983208   -0.974236 0.000191668
         699     -0.9836   -0.974249 0.000191862
         700   -0.976024   -0.974252 0.000191605
         701   -0.981528   -0.974262 0.000191612
         702   -0.974288   -0.974262 0.000191339
         703   -0.972968    -0.97426 0.000191076
         704    -0.97112   -0.974256 0.000190856
         705   -0.970392    -0.97425 0.000190664
         706   -0.979128   -0.974257 0.000190519
         707   -0.968376   -0.974249 0.000190431
         708   -0.972536   -0.974247 0.000190178
         709   -0.977344   -0.974251 0.000189959
         710   -0.969784   -0.974245 0.000189796
         711     -0.9752   -0.974246 0.000189534
         712   -0.967768   -0.974237 0.000189486
         713   -0.966416   -0.974226 0.000189537
         714   -0.979224   -0.974233 0.000189401
         715   -0.962264   -0.974216 0.000189876
         716   -0.973272   -0.974215 0.000189615
         717   -0.972904   -0.974213 0.000189359
         718   -0.967768   -0.974204 0.000189308
         719   -0.976232   -0.974207 0.000189065
         720   -0.981384   -0.974217 0.000189066
         721   -0.976808    -0.97422 0.000188837
         722      -0.974    -0.97422 0.000188576
         723   -0.975536   -0.974222 0.000188324
         724   -0.980816   -0.974231 0.000188284
         725   -0.976424   -0.974234 0.000188048
         726   -0.975936   -0.974236 0.000187804
         727   -0.975776   -0.974239 0.000187557
         728    -0.98316   -0.974251   0.0001877
         729   -0.973904    -0.97425 0.000187443
         730   -0.982312   -0.974261 0.000187511
         731    -0.98452   -0.974275  0.00018778
         732   -0.964232   -0.974262 0.000188024
         733   -0.979176   -0.974268 0.000187887
         734   -0.979704   -0.974276 0.000187777
         735   -0.979592   -0.974283 0.000187661
         736    -0.97096   -0.974279  0.00018746
         737    -0.96964   -0.974272 0.000187312
         738    -0.97184   -0.974269 0.000187087
         739    -0.97904   -0.974275 0.000186945
         740   -0.960424   -0.974257 0.000187628
         741   -0.970856   -0.974252 0.000187431
         742    -0.97104   -0.974248 0.000187228
         743   -0.973984   -0.974247 0.000186976
         744   -0.973808   -0.974247 0.000186726
         745   -0.979992   -0.974255 0.000186634
         746   -0.976864   -0.974258 0.000186417
         747   -0.980944   -0.974267 0.000186382
         748   -0.976736    -0.97427 0.000186162
         749   -0.976872   -0.974274 0.000185946
         750    -0.96368    -0.97426 0.000186234
         751    -0.96572   -0.974248 0.000186333
         752   -0.978184   -0.974253 0.000186159
         753   -0.964464    -0.97424 0.000186365
         754   -0.983568   -0.974253 0.000186529
         755   -0.972856   -0.974251 0.000186291
         756   -0.974304   -0.974251 0.000186044
         757   -0.970592   -0.974246 0.000185861
         758   -0.970672   -0.974242 0.000185676
         759   -0.981776   -0.974251 0.000185696
         760    -0.98428   -0.974265 0.000185921
         761   -0.975648   -0.974266 0.000185685
         762    -0.97196   -0.974263 0.000185466
         763    -0.96932   -0.974257 0.000185336
         764   -0.980208   -0.974265 0.000185257
         765   -0.980032   -0.974272 0.000185168
         766   -0.973336   -0.974271 0.000184931
         767   -0.974352   -0.974271 0.000184689
         768   -0.979352   -0.974278 0.000184567
         769   -0.971168   -0.974274 0.000184371
         770   -0.971456    -0.97427 0.000184168
         771   -0.976096   -0.974272 0.000183944
         772   -0.980744   -0.974281 0.000183897
         773   -0.976736   -0.974284 0.000183687
         774   -0.979248    -0.97429 0.000183561
         775   -0.972304   -0.974288 0.000183342
         776   -0.967312   -0.974279 0.000183326
         777   -0.975848   -0.974281 0.000183101
         778    -0.97412   -0.974281 0.000182866
         779   -0.969416   -0.974274 0.000182738
         780   -0.981648   -0.974284 0.000182748
         781   -0.972408   -0.974282  0.00018253
         782   -0.973976   -0.974281 0.000182296
         783   -0.977632   -0.974285 0.000182114
         784   -0.966552   -0.974276 0.000182149
         785   -0.974648   -0.974276 0.000181917
         786   -0.966656   -0.974266 0.000181944
         787    -0.97704    -0.97427 0.000181747
         788   -0.974016    -0.97427 0.000181516
         789   -0.970552   -0.974265 0.000181347
         790   -0.973288   -0.974264 0.000181122
         791    -0.98088   -0.974272 0.000181086
         792   -0.972824    -0.97427 0.000180866
         793   -0.971304   -0.974266 0.000180677
         794    -0.97428   -0.974266 0.000180449
         795    -0.97036   -0.974261 0.000180289
         796   -0.967288   -0.974253 0.000180275
         797   -0.974608   -0.974253  0.00018005
         798   -0.971088   -0.974249 0.000179868
         799   -0.972424   -0.974247 0.000179657
         800   -0.967288   -0.974238 0.000179643
         801   -0.972992   -0.974237 0.000179425
         802   -0.979288   -0.974243 0.000179312
         803    -0.97168    -0.97424 0.000179117
         804   -0.977992   -0.974244 0.000178955
         805   -0.972576   -0.974242 0.000178745
         806   -0.970008   -0.974237   0.0001786
         807    -0.98212   -0.974247 0.000178646
         808   -0.979376   -0.974253 0.000178537
         809   -0.970752   -0.974249 0.000178369
         810   -0.972576   -0.974247 0.000178161
         811   -0.974864   -0.974248 0.000177942
         812    -0.97532   -0.974249 0.000177728
         813     -0.9708   -0.974245  0.00017756
         814   -0.975352   -0.974246 0.000177347
         815   -0.969864   -0.974241 0.000177211
         816    -0.97148   -0.974237 0.000177026
         817   -0.974848   -0.974238 0.000176811
         818   -0.978584   -0.974243 0.000176674
         819   -0.972016   -0.974241 0.000176479
         820    -0.97408    -0.97424 0.000176264
         821   -0.974296    -0.97424 0.000176049
         822   -0.977488   -0.974244 0.000175879
         823    -0.98008   -0.974252 0.000175809
         824   -0.965104    -0.97424 0.000175946
         825     -0.9752   -0.974242 0.000175736
         826   -0.978648   -0.974247 0.000175604
         827   -0.979688   -0.974253 0.000175515
         828    -0.97408   -0.974253 0.000175303
         829   -0.980368   -0.974261 0.000175247
         830   -0.971256   -0.974257 0.000175073
         831   -0.979976   -0.974264 0.000174998
         832     -0.9664   -0.974254 0.000175043
         833     -0.9718   -0.974252 0.000174857
         834    -0.96888   -0.974245 0.000174766
         835    -0.97176   -0.974242 0.000174582
         836   -0.969752   -0.974237 0.000174456
         837   -0.973928   -0.974236 0.000174248
         838   -0.975704   -0.974238 0.000174048
         839   -0.976472   -0.974241 0.000173861
         840    -0.97984   -0.974247 0.000173782
         841   -0.977848   -0.974252 0.000173628
         842   -0.969192   -0.974246 0.000173526
         843   -0.968912   -0.974239 0.000173435
         844   -0.978664   -0.974245 0.000173309
         845   -0.962992   -0.974231 0.000173615
         846   -0.971568   -0.974228 0.000173438
         847    -0.98368   -0.974239 0.000173593
         848   -0.972184   -0.974237 0.000173405
         849   -0.977576   -0.974241 0.000173245
         850   -0.973648    -0.97424 0.000173042
         851   -0.978704   -0.974245 0.000172919
         852   -0.978896   -0.974251 0.000172802
         853   -0.973208    -0.97425 0.000172603
         854   -0.968224   -0.974243 0.000172545
         855   -0.975312   -0.974244 0.000172348
         856   -0.969664   -0.974238  0.00017223
         857   -0.971808   -0.974236 0.000172052
         858   -0.979688   -0.974242 0.000171969
         859   -0.974672   -0.974242 0.000171769
         860   -0.979216   -0.974248 0.000171667
         861    -0.97588    -0.97425 0.000171478
         862   -0.973712    -0.97425  0.00017128
         863    -0.97232   -0.974247 0.000171096
         864    -0.97328   -0.974246 0.000170901
         865   -0.975184   -0.974247 0.000170707
         866   -0.965856   -0.974238 0.000170785
         867   -0.975024   -0.974238  0.00017059
         868   -0.975408    -0.97424 0.000170399
         869   -0.983296    -0.97425 0.000170522
         870   -0.981808   -0.974259 0.000170547
         871   -0.967192   -0.974251 0.000170544
         872   -0.972016   -0.974248 0.000170368
         873   -0.966104   -0.974239 0.000170428
         874    -0.97532    -0.97424 0.000170237
         875    -0.96924   -0.974234 0.000170139
         876    -0.97552   -0.974236 0.000169951
         877   -0.983688   -0.974247 0.000170098
         878   -0.979576   -0.974253 0.000170013
         879    -0.97164    -0.97425 0.000169846
         880   -0.967552   -0.974242 0.000169823
         881    -0.97792   -0.974246 0.000169682
         882   -0.975488   -0.974248 0.000169495
         883   -0.975608   -0.974249  0.00016931
         884   -0.986456   -0.974263 0.000169681
         885   -0.974008   -0.974263 0.000169489
         886   -0.979872   -0.974269 0.000169416
         887    -0.96312   -0.974257 0.000169691
         888   -0.979096   -0.974262 0.000169588
         889   -0.969304   -0.974256 0.000169489
         890   -0.985336   -0.974269 0.000169755
         891   -0.969136   -0.974263 0.000169662
         892   -0.972048   -0.974261  0.00016949
         893   -0.974648   -0.974261 0.000169301
         894   -0.971024   -0.974257  0.00016915
         895   -0.983872   -0.974268 0.000169302
         896   -0.975296   -0.974269 0.000169117
         897    -0.96844   -0.974263 0.000169053
         898   -0.982904   -0.974272 0.000169139
         899   -0.967528   -0.974265 0.000169117
         900   -0.981352   -0.974273 0.000169113
         901    -0.97772   -0.974277 0.000168968
         902   -0.976944    -0.97428 0.000168807
         903   -0.976056   -0.974282 0.000168631
         904   -0.965832   -0.974272 0.000168704
         905   -0.978176   -0.974277 0.000168572
         906   -0.972112   -0.974274 0.000168403
         907   -0.974304   -0.974274 0.000168217
         908   -0.980184   -0.974281 0.000168158
         909   -0.977344   -0.974284 0.000168007
         910   -0.969456   -0.974279 0.000167906
         911   -0.976296   -0.974281 0.000167736
         912   -0.975816   -0.974283  0.00016756
         913    -0.96596   -0.974274 0.000167625
         914   -0.969608   -0.974268 0.000167519
         915   -0.965544   -0.974259 0.000167607
         916   -0.974424   -0.974259 0.000167424
         917    -0.96744   -0.974252 0.000167407
         918   -0.971248   -0.974248 0.000167256
         919   -0.975528    -0.97425  0.00016708
         920    -0.97308   -0.974249 0.000166903
         921   -0.971976   -0.974246  0.00016674
         922   -0.974728   -0.974247  0.00016656
         923   -0.975336   -0.974248 0.000166384
         924   -0.975264   -0.974249 0.000166207
         925   -0.971224   -0.974246  0.00016606
         926   -0.963832   -0.974234 0.000166261
         927   -0.979408    -0.97424 0.000166175
         928   -0.968728   -0.974234 0.000166102
         929   -0.971992   -0.974232 0.000165941
         930   -0.973648   -0.974231 0.000165764
         931   -0.975424   -0.974232 0.000165591
         932   -0.978976   -0.974237 0.000165491
         933    -0.96784    -0.97423 0.000165456
         934    -0.97536   -0.974232 0.000165283
         935   -0.973024    -0.97423 0.000165111
         936   -0.960592   -0.974216 0.000165577
         937    -0.97816    -0.97422 0.000165454
         938   -0.985448   -0.974232  0.00016571
         939   -0.971128   -0.974229 0.000165567
         940   -0.971392   -0.974226 0.000165418
         941   -0.974648   -0.974226 0.000165243
         942    -0.97852   -0.974231  0.00016513
         943    -0.97784   -0.974235 0.000164999
         944   -0.974744   -0.974235 0.000164825
         945    -0.97528   -0.974236 0.000164654
         946   -0.969736   -0.974231 0.000164549
         947   -0.974008   -0.974231 0.000164375
         948   -0.974664   -0.974232 0.000164202
         949   -0.967072   -0.974224 0.000164203
         950     -0.9704    -0.97422 0.000164079
         951   -0.976776   -0.974223 0.000163929
         952   -0.970456   -0.974219 0.000163804
         953   -0.972168   -0.974217 0.000163646
         954   -0.969528   -0.974212 0.000163549
         955     -0.9792   -0.974217 0.000163461
         956   -0.979008   -0.974222 0.000163366
         957   -0.974304   -0.974222 0.000163196
         958   -0.970688   -0.974218 0.000163067
         959   -0.965392   -0.974209 0.000163157
         960   -0.979384   -0.974215 0.000163076
         961   -0.969968    -0.97421 0.000162966
         962   -0.976776   -0.974213 0.000162818
         963   -0.981968   -0.974221 0.000162848
         964   -0.979712   -0.974227 0.000162779
         965   -0.979184   -0.974232 0.000162691
         966   -0.977056   -0.974235 0.000162549
         967   -0.979136    -0.97424  0.00016246
         968   -0.975504   -0.974241 0.000162297
         969   -0.974064   -0.974241  0.00016213
         970   -0.977176   -0.974244 0.000161991
         971   -0.976704   -0.974246 0.000161844
         972   -0.976584   -0.974249 0.000161695
         973   -0.977264   -0.974252 0.000161559
         974   -0.973768   -0.974251 0.000161393
         975   -0.974608   -0.974252 0.000161228
         976   -0.976576   -0.974254 0.000161081
         977    -0.97112   -0.974251 0.000160948
         978   -0.974288   -0.974251 0.000160783
         979   -0.976232   -0.974253 0.000160631
         980    -0.97984   -0.974259 0.000160569
         981   -0.976992   -0.974261 0.000160429
         982   -0.980144   -0.974267 0.000160378
         983   -0.965752   -0.974259 0.000160448
         984   -0.978352   -0.974263 0.000160339
         985   -0.966824   -0.974255 0.000160354
         986   -0.974736   -0.974256 0.000160192
         987    -0.96916   -0.974251 0.000160113
         988    -0.97364    -0.97425 0.000159952
         989   -0.968968   -0.974245  0.00015988
         990   -0.969512    -0.97424  0.00015979
         991    -0.97816   -0.974244 0.000159677
         992   -0.969472   -0.974239 0.000159589
         993   -0.976272   -0.974241 0.000159441
         994   -0.975584   -0.974242 0.000159286
         995   -0.981688    -0.97425 0.000159302
         996   -0.967664   -0.974243 0.000159279
         997   -0.978288   -0.974247 0.000159171
         998   -0.980784   -0.974254 0.000159146
         999    -0.97244   -0.974252 0.000158997
        1000    -0.97444   -0.974252 0.000158838
